# hz=100 page_bytes=4096 possible_cpus=2
# program_id=84 jit_bytes=8483 xlated_bytes=4776
# pos:	0
# flags:	02000002
# mnt_id:	10
# ino:	26
# prog_type:	1
# prog_jited:	1
# prog_tag:	1a92932acb008231
# memlock:	8192
# prog_id:	84
# run_time_ns:	0
# run_cnt:	0
# recursion_misses:	0
# verified_insns:	199283
# map=counters type=6 key=4 value=32 max_entries=1
# pos:	0
# flags:	02000002
# mnt_id:	10
# ino:	26
# map_type:	6
# key_size:	4
# value_size:	32
# max_entries:	1
# map_flags:	0x0
# map_extra:	0x0
# memlock:	268
# map_id:	104
# frozen:	0
# map=accounting type=2 key=4 value=24 max_entries=1
# pos:	0
# flags:	02000002
# mnt_id:	10
# ino:	26
# map_type:	2
# key_size:	4
# value_size:	24
# max_entries:	1
# map_flags:	0x0
# map_extra:	0x0
# memlock:	224
# map_id:	105
# frozen:	0
# map=flows type=9 key=36 value=32 max_entries=1024
# pos:	0
# flags:	02000002
# mnt_id:	10
# ino:	26
# map_type:	9
# key_size:	36
# value_size:	32
# max_entries:	1024
# map_flags:	0x0
# map_extra:	0x0
# memlock:	107456
# map_id:	102
# frozen:	0
# map=departures type=9 key=40 value=8 max_entries=8192
# pos:	0
# flags:	02000002
# mnt_id:	10
# ino:	26
# map_type:	9
# key_size:	40
# value_size:	8
# max_entries:	8192
# map_flags:	0x0
# map_extra:	0x0
# memlock:	656320
# map_id:	101
# frozen:	0
# map=samples type=27 key=0 value=0 max_entries=262144
# pos:	0
# flags:	02000002
# mnt_id:	10
# ino:	26
# map_type:	27
# key_size:	0
# value_size:	0
# max_entries:	262144
# map_flags:	0x0
# map_extra:	0x0
# memlock:	275148
# map_id:	103
# frozen:	0
realtime_us monotonic_us daemon_ticks rss_pages runs runtime_ns ring_full ack_bytes upload_bytes unaccounted host_user host_nice host_system host_idle host_iowait host_irq host_softirq host_steal
1791334719757158 60247339067 27 463 0 0 0 0 2560 0 2609 0 10613 11991610 57 0 26129 0
1791334720262914 60247844822 27 463 79 99406 0 0 10280 0 2609 0 10613 11991710 57 0 26129 0
1791334720764807 60248346715 27 463 160 353288 0 0 18232 0 2609 0 10613 11991804 57 0 26133 0
1791334721266094 60248848003 27 463 239 458036 0 0 25824 0 2609 0 10613 11991897 57 0 26136 0
1791334721769829 60249351738 27 463 318 567187 0 0 33544 0 2609 0 10614 11991992 57 0 26137 0
1791334722277206 60249859114 27 463 397 668260 0 0 41136 0 2609 0 10614 11992088 57 0 26138 0
1791334722777859 60250359768 27 463 476 777617 0 0 48856 0 2609 0 10614 11992181 57 0 26138 0
1791334723279180 60250861089 27 463 557 882158 0 0 56576 0 2609 0 10615 11992278 57 0 26140 0
1791334723781410 60251363318 29 463 637 1009334 0 0 64400 0 2609 0 10616 11992372 57 0 26141 0
1791334724286051 60251867960 29 463 718 1114580 0 0 72204 0 2609 0 10617 11992468 57 0 26141 0
1791334724787936 60252369845 29 463 798 1390610 0 0 79796 0 2609 0 10617 11992559 57 0 26144 0
1791334725288579 60252870487 29 463 877 1488548 0 0 87516 0 2609 0 10618 11992656 57 0 26144 0
1791334725792593 60253374501 29 463 956 1600055 0 0 95108 0 2609 0 10618 11992751 57 0 26144 0
1791334726297137 60253879045 29 463 1035 1697504 0 0 102828 0 2609 0 10618 11992843 57 0 26145 0
1791334726798668 60254380576 29 463 1115 1816971 0 0 110548 0 2609 0 10618 11992937 57 0 26145 0
1791334727300534 60254882442 29 463 1195 1966415 0 0 118372 0 2609 0 10618 11993030 57 0 26145 0
1791334727800943 60255382852 29 463 1277 2114228 0 96 126297 0 2609 0 10619 11993120 57 0 26145 0
1791334728302024 60255883933 29 463 1496 2699426 0 576 244678 0 2610 0 10619 11993216 57 0 26146 0
1791334728807296 60256389204 29 463 1722 3575004 0 576 397174 0 2610 0 10619 11993312 57 0 26148 0
1791334729309679 60256891587 29 463 1961 4144990 0 576 564158 0 2610 0 10619 11993403 57 0 26151 0
1791334729810290 60257392199 29 463 2196 5024924 0 576 733870 0 2611 0 10619 11993498 57 0 26152 0
1791334730311594 60257893502 29 463 2424 7062842 0 576 897534 0 2611 0 10619 11993591 57 0 26158 0
1791334730817393 60258399301 30 463 2649 8223961 0 576 1045758 0 2611 0 10620 11993681 57 0 26165 0
1791334731320021 60258901929 30 463 2853 9043960 0 576 1176870 0 2611 0 10620 11993774 57 0 26171 0
1791334731824195 60259406104 30 463 3065 10807836 0 576 1322238 0 2611 0 10621 11993867 57 0 26175 0
1791334732326096 60259908005 30 463 3298 12066166 0 576 1481270 0 2611 0 10621 11993961 57 0 26179 0
1791334732828291 60260410199 30 463 3537 12818007 0 576 1654070 0 2611 0 10621 11994051 57 0 26185 0
1791334733328873 60260910781 30 463 3772 13637580 0 576 1817734 0 2611 0 10621 11994147 57 0 26188 0
1791334733829633 60261411541 30 463 4000 14835653 0 576 1978182 0 2611 0 10621 11994238 57 0 26195 0
1791334734331059 60261912967 31 463 4208 15710180 0 576 2106334 0 2612 0 10621 11994332 57 0 26198 0
1791334734835644 60262417553 32 463 4413 17153928 0 576 2242206 0 2612 0 10622 11994427 57 0 26201 0
1791334735339831 60262921740 32 463 4628 18183390 0 576 2390302 0 2612 0 10624 11994523 57 0 26203 0
1791334735843596 60263425504 32 463 4860 19271328 0 576 2553966 0 2612 0 10624 11994616 57 0 26208 0
1791334736345487 60263927395 32 463 5098 20443483 0 576 2734846 0 2612 0 10624 11994707 57 0 26215 0
1791334736847818 60264429727 32 463 5323 21523691 0 576 2893750 0 2612 0 10625 11994801 57 0 26219 0
1791334737350225 60264932133 33 463 5524 22418704 0 576 3011094 0 2612 0 10625 11994901 57 0 26221 0
1791334737850623 60265432532 33 463 5713 23330350 0 576 3125350 0 2612 0 10626 11994995 57 0 26225 0
1791334738356894 60265938802 33 463 5908 24101952 0 576 3251958 0 2613 0 10626 11995086 57 0 26231 0
1791334738857619 60266439527 33 463 6115 24659070 0 576 3390918 0 2613 0 10626 11995181 57 0 26235 0
1791334739360591 60266942500 33 463 6335 25164926 0 576 3545190 0 2614 0 10626 11995281 57 0 26236 0
1791334739865508 60267447416 33 463 6577 25783998 0 576 3715030 0 2614 0 10626 11995376 57 0 26238 0
1791334740365678 60267947587 34 463 6811 26345285 0 576 3884974 0 2614 0 10626 11995470 57 0 26242 0
1791334740866414 60268448323 34 463 7043 27571170 0 576 4044006 0 2615 0 10627 11995565 57 0 26244 0
1791334741367084 60268948992 34 463 7271 28186813 0 576 4186054 0 2615 0 10627 11995662 57 0 26245 0
1791334741868072 60269449980 34 463 7490 29249824 0 576 4321798 0 2615 0 10627 11995757 57 0 26250 0
1791334742372308 60269954217 34 463 7712 30191412 0 576 4474654 0 2615 0 10627 11995849 57 0 26254 0
1791334742875367 60270457276 34 463 7948 30788682 0 576 4636774 0 2615 0 10627 11995946 57 0 26256 0
1791334743378108 60270960016 34 463 8073 30957513 0 960 4667164 0 2615 0 10627 11996042 57 0 26258 0
1791334743878880 60271460789 34 463 8154 31063570 0 960 4674884 0 2616 0 10628 11996136 57 0 26260 0
1791334744382362 60271964270 34 463 8233 31158229 0 960 4682604 0 2616 0 10628 11996232 57 0 26260 0
1791334744885028 60272466936 35 463 8313 31257303 0 960 4690428 0 2616 0 10629 11996327 57 0 26260 0
1791334745385694 60272967602 35 463 8392 31351817 0 960 4698148 0 2616 0 10629 11996421 57 0 26260 0
1791334745888888 60273470796 35 463 8472 31454498 0 960 4705740 0 2616 0 10629 11996516 57 0 26263 0
1791334746391373 60273973282 35 463 9110 32866023 0 26088 4740108 0 2617 0 10630 11996608 57 0 26268 0
1791334746896796 60274478705 35 463 10188 36135986 0 64296 4785908 0 2617 0 10632 11996701 57 0 26274 0
1791334747399240 60274981149 35 463 11182 39526679 0 98472 4827804 0 2617 0 10637 11996788 57 0 26283 0
1791334747902060 60275483968 35 463 12080 44277758 0 124920 4861844 0 2617 0 10639 11996864 57 0 26303 0
1791334748404583 60275986491 36 463 13026 47432184 0 155244 4899992 0 2617 0 10639 11996946 57 0 26321 0
1791334748907168 60276489076 36 463 13946 50823313 0 194948 4947184 0 2617 0 10640 11997031 57 0 26334 0
1791334749408939 60276990847 36 463 14874 53399737 0 233220 4993280 0 2617 0 10642 11997124 57 0 26340 0
1791334749911962 60277493871 36 463 15842 55675177 0 273784 5041564 0 2617 0 10645 11997211 57 0 26347 0
1791334750417648 60277999557 36 463 16885 57731588 0 316820 5092320 0 2619 0 10646 11997304 57 0 26350 0
1791334750919000 60278500909 36 463 17861 59348032 0 352152 5135244 0 2619 0 10647 11997398 57 0 26356 0
1791334751420244 60279002153 36 463 18792 61024592 0 384476 5175288 0 2620 0 10647 11997489 57 0 26362 0
1791334751921397 60279503305 37 463 19787 63248170 0 419048 5217684 0 2620 0 10648 11997580 57 0 26370 0
1791334752428034 60280009943 37 463 20782 66349224 0 452252 5258608 0 2620 0 10648 11997670 57 0 26380 0
1791334752930132 60280512040 37 463 21788 69631334 0 485624 5299572 0 2621 0 10648 11997764 57 0 26386 0
1791334753430540 60281012449 37 463 22761 73051338 0 517856 5339524 0 2621 0 10650 11997853 57 0 26394 0
1791334753932357 60281514265 37 463 23698 78670486 0 546848 5376108 0 2622 0 10652 11997932 57 0 26412 0
1791334754433696 60282015604 37 463 24723 81703201 0 582500 5419480 0 2622 0 10653 11998027 57 0 26415 0
1791334754938870 60282520779 38 463 25992 86127661 0 635812 5480384 0 2622 0 10655 11998118 57 0 26424 0
1791334755439154 60283021063 38 463 27100 88739470 0 679980 5532504 0 2623 0 10655 11998210 57 0 26431 0
1791334755947239 60283529147 38 463 28134 91515202 0 718248 5578364 0 2624 0 10655 11998303 57 0 26437 0
1791334756452727 60284034635 38 463 29185 93680875 0 756924 5624888 0 2624 0 10656 11998395 57 0 26445 0
1791334756954101 60284536010 38 463 30254 95683531 0 796692 5672120 0 2624 0 10656 11998489 57 0 26450 0
1791334757455440 60285037348 38 463 31298 98279485 0 835188 5718464 0 2624 0 10657 11998582 57 0 26456 0
1791334757957012 60285538920 38 463 32361 100843791 0 874308 5765304 0 2625 0 10657 11998672 57 0 26464 0
1791334758457694 60286039603 38 463 33442 103431219 0 916336 5814924 0 2625 0 10657 11998768 57 0 26468 0
1791334758958924 60286540833 39 463 34454 106034271 0 954780 5861088 0 2625 0 10658 11998856 57 0 26478 0
1791334759460168 60287042077 39 463 35487 107641864 0 990744 5904772 0 2625 0 10659 11998946 57 0 26487 0
1791334759963428 60287545337 39 463 36542 110058194 0 1028376 5949996 0 2625 0 10661 11999036 57 0 26495 0
1791334760465481 60288047390 39 463 37614 112393551 0 1067268 5996608 0 2625 0 10661 11999123 57 0 26508 0
1791334760966426 60288548334 39 463 38672 115403384 0 1105020 6042312 0 2625 0 10662 11999215 57 0 26515 0
1791334761467550 60289049459 39 463 39669 117480547 0 1138812 6083696 0 2625 0 10663 11999306 57 0 26523 0
1791334761968181 60289550090 39 463 40633 119521809 0 1171452 6124056 0 2625 0 10667 11999389 57 0 26533 0
1791334762469710 60290051619 39 463 41687 122773841 0 1209576 6169900 0 2625 0 10667 11999484 57 0 26539 0
1791334762974492 60290556400 39 463 42755 125837141 0 1255232 6223148 0 2625 0 10668 11999571 57 0 26548 0
1791334763476209 60291058117 40 463 43635 128513494 0 1285076 6260712 0 2625 0 10669 11999658 57 0 26560 0
1791334763980939 60291562848 40 463 44603 134500299 0 1316948 6300304 0 2625 0 10672 11999741 57 0 26573 0
1791334764487468 60292069377 41 463 45621 138369466 0 1352276 6343456 0 2626 0 10673 11999832 57 0 26579 0
1791334764990161 60292572069 41 463 46624 143040508 0 1387316 6386216 0 2626 0 10674 11999913 57 0 26598 0
1791334765491461 60293073369 41 463 47614 147449922 0 1421588 6428080 0 2627 0 10675 12000001 57 0 26607 0
1791334765995889 60293577797 41 463 48711 152652751 0 1460944 6475156 0 2627 0 10677 12000087 57 0 26619 0
1791334766498078 60294079986 41 463 49413 156593865 0 1482752 6511283 0 2627 0 10677 12000176 57 0 26627 0
1791334767002510 60294584418 42 463 49492 156761215 0 1482752 6519003 0 2629 0 10677 12000270 57 0 26629 0
1791334767507222 60295089130 42 463 49574 156927847 0 1482752 6526955 0 2629 0 10677 12000365 57 0 26632 0
1791334768007503 60295589412 42 463 49653 157107253 0 1482752 6534547 0 2629 0 10677 12000458 57 0 26634 0
1791334768508146 60296090055 42 463 49732 157182125 0 1482752 6542267 0 2629 0 10677 12000555 57 0 26634 0
1791334769009363 60296591272 42 463 49811 157293951 0 1482752 6549859 0 2630 0 10677 12000648 57 0 26635 0
1791334769510137 60297092046 42 463 50018 157560689 0 1486328 6589717 0 2630 0 10678 12000742 57 0 26638 0
1791334770016130 60297598038 43 463 51056 160386008 0 1519904 6711301 0 2630 0 10678 12000833 57 0 26647 0
1791334770517243 60298099151 43 463 52008 162311958 0 1544360 6814373 0 2630 0 10679 12000931 57 0 26648 0
1791334771022432 60298604340 43 463 53038 164014462 0 1573108 6934217 0 2630 0 10679 12001025 57 0 26654 0
1791334771526364 60299108273 43 463 54222 166727174 0 1618848 7080421 0 2630 0 10680 12001118 57 0 26660 0
1791334772026817 60299608726 43 463 55445 170131879 0 1664556 7237297 0 2630 0 10680 12001208 57 0 26669 0
1791334772531415 60300113323 43 463 56600 173500565 0 1703760 7416877 0 2630 0 10680 12001303 57 0 26675 0
1791334773031669 60300613577 44 463 57450 175130319 0 1729956 7578945 0 2630 0 10681 12001395 57 0 26679 0
1791334773536838 60301118746 44 463 58290 176624843 0 1756032 7728413 0 2630 0 10682 12001486 57 0 26687 0
1791334774037679 60301619588 44 463 59397 179470123 0 1791360 7857925 0 2630 0 10683 12001576 57 0 26695 0
1791334774543753 60302125662 44 463 60563 182317657 0 1830432 8000445 0 2630 0 10683 12001671 57 0 26702 0
1791334775047101 60302629010 45 463 61815 185340224 0 1876164 8149857 0 2631 0 10684 12001765 57 0 26706 0
1791334775547473 60303129382 45 463 62948 188128070 0 1915940 8320745 0 2631 0 10684 12001862 57 0 26709 0
1791334776049238 60303631146 45 463 63837 190050749 0 1944368 8488133 0 2631 0 10684 12001955 57 0 26716 0
1791334776549650 60304131559 45 463 64700 191743075 0 1970744 8639445 0 2631 0 10685 12002047 57 0 26722 0
1791334777052380 60304634289 45 463 65696 194647436 0 2000648 8795957 0 2631 0 10688 12002133 57 0 26731 0
1791334777552965 60305134874 46 463 66822 197280146 0 2035880 8948405 0 2632 0 10689 12002223 57 0 26738 0
1791334778056772 60305638680 46 463 67958 200397796 0 2072456 9114677 0 2632 0 10691 12002308 57 0 26752 0
1791334778558591 60306140499 46 463 68936 202504658 0 2104148 9276065 0 2632 0 10692 12002405 57 0 26753 0
1791334779060444 60306642353 46 463 69992 205288869 0 2136500 9399513 0 2632 0 10693 12002497 57 0 26760 0
1791334779560890 60307142799 46 463 71097 207114440 0 2171732 9519537 0 2632 0 10693 12002592 57 0 26765 0
1791334780068358 60307650267 46 463 72233 209653551 0 2209716 9656569 0 2632 0 10693 12002685 57 0 26771 0
1791334780570086 60308151995 46 463 73313 211576322 0 2252144 9805533 0 2632 0 10693 12002781 57 0 26777 0
1791334781070678 60308652587 47 463 74264 214326219 0 2282168 9966797 0 2632 0 10693 12002872 57 0 26785 0
1791334781576569 60309158478 47 463 75113 216141381 0 2307848 10142117 0 2632 0 10693 12002963 57 0 26794 0
1791334782079189 60309661097 47 463 75781 218219618 0 2326592 10305997 0 2632 0 10693 12003059 57 0 26800 0
1791334782579649 60310161557 47 463 76345 219941831 0 2340596 10456105 0 2632 0 10695 12003149 57 0 26804 0
1791334783080515 60310662423 47 463 77262 222570534 0 2367656 10586253 0 2632 0 10696 12003240 57 0 26810 0
1791334783587771 60311169679 47 463 78367 224799025 0 2403020 10726841 0 2632 0 10696 12003334 57 0 26816 0
1791334784088267 60311670176 48 463 79498 227068863 0 2439596 10876001 0 2632 0 10697 12003427 57 0 26822 0
1791334784588819 60312170728 48 463 80688 229628850 0 2478572 11041585 0 2632 0 10698 12003516 57 0 26833 0
1791334785092477 60312674386 48 463 81809 232491043 0 2513036 11221185 0 2633 0 10700 12003605 57 0 26841 0
1791334785593796 60313175705 48 463 82729 235782386 0 2540588 11376761 0 2633 0 10700 12003696 57 0 26851 0
1791334786095222 60313677130 48 463 83798 239759670 0 2572556 11495193 0 2633 0 10701 12003786 57 0 26860 0
1791334786595548 60314177457 48 463 84865 242663946 0 2608752 11597653 0 2633 0 10701 12003879 57 0 26867 0
1791334787097119 60314679028 48 463 85868 245639751 0 2648628 11722449 0 2633 0 10702 12003972 57 0 26872 0
1791334787598921 60315180830 49 463 86561 247430640 0 2669220 11860385 0 2633 0 10703 12004068 57 0 26875 0
1791334788103615 60315685523 49 463 87477 249896036 0 2698008 12014109 0 2633 0 10704 12004159 57 0 26883 0
1791334788604552 60316186460 49 463 88574 252842954 0 2733468 12180809 0 2634 0 10704 12004250 57 0 26889 0
1791334789105850 60316687758 49 463 89427 256906675 0 2759820 12347769 0 2634 0 10708 12004337 57 0 26898 0
1791334789606362 60317188270 50 463 90072 259474400 0 2777592 12510549 0 2635 0 10708 12004430 57 0 26903 0
1791334790113730 60317695638 50 463 90677 261768885 0 2793816 12665733 0 2635 0 10709 12004525 57 0 26908 0
1791334790614650 60318196558 50 463 91630 264807327 0 2822136 12799045 0 2636 0 10710 12004614 57 0 26916 0
1791334791117280 60318699188 51 463 92748 270608777 0 2854968 12936741 0 2636 0 10711 12004694 57 0 26933 0
1791334791619253 60319201162 51 463 93860 276892608 0 2888760 13092381 0 2636 0 10712 12004777 57 0 26951 0
1791334792122083 60319703992 52 463 94973 280866209 0 2921172 13265169 0 2636 0 10713 12004868 57 0 26959 0
1791334792626885 60320208794 52 463 96099 284528398 0 2956176 13402309 0 2636 0 10714 12004955 57 0 26969 0
1791334793129012 60320710921 53 463 97254 289063943 0 2991984 13558549 0 2637 0 10716 12005044 57 0 26979 0
1791334793629977 60321211884 53 463 98356 293728714 0 3026160 13709941 0 2637 0 10719 12005128 57 0 26989 0
1791334794131782 60321713691 53 463 99564 299713612 0 3069288 13881221 0 2638 0 10720 12005213 57 0 27003 0
1791334794635109 60322217017 53 463 100428 303299116 0 3093276 14004877 0 2638 0 10722 12005305 57 0 27009 0
1791334795136727 60322718634 53 463 100507 303560216 0 3093276 14012597 0 2638 0 10722 12005402 57 0 27011 0
1791334795637105 60323219013 53 463 100586 303730283 0 3093276 14020189 0 2638 0 10722 12005499 57 0 27012 0
1791334796137881 60323719788 54 463 100665 304009140 0 3093276 14027909 0 2638 0 10723 12005597 57 0 27012 0
1791334796638294 60324220201 54 463 100744 304168540 0 3093276 14035501 0 2639 0 10723 12005688 57 0 27015 0
1791334797139086 60324720994 54 463 100823 304373292 0 3093276 14043221 0 2639 0 10723 12005786 57 0 27015 0
1791334797641215 60325223124 54 463 100903 304506784 0 3093276 14051045 0 2639 0 10723 12005881 57 0 27017 0
1791334798146893 60325728802 54 463 100982 304645257 0 3093276 14058765 0 2639 0 10723 12005977 57 0 27019 0
1791334798647404 60326229313 54 463 101061 304748795 0 3093276 14066357 0 2639 0 10723 12006068 57 0 27020 0
1791334799148037 60326729946 54 463 101141 304856219 0 3093276 14074077 0 2639 0 10723 12006163 57 0 27021 0
1791334799649062 60327230971 54 463 101221 304956746 0 3093276 14081797 0 2639 0 10723 12006265 57 0 27021 0
1791334800149669 60327731578 55 463 101301 305420269 0 3093276 14089517 0 2639 0 10725 12006360 57 0 27021 0
1791334800651917 60328233825 55 463 101380 305533779 0 3093276 14097237 0 2639 0 10725 12006454 57 0 27021 0
1791334801153619 60328735528 55 463 101459 305652303 0 3093276 14104829 0 2639 0 10726 12006550 57 0 27023 0
1791334801654091 60329235999 55 463 101538 305751480 0 3093276 14112549 0 2639 0 10726 12006648 57 0 27023 0
1791334802155649 60329737557 55 463 101617 305904284 0 3093276 14120141 0 2639 0 10728 12006744 57 0 27024 0
1791334802590390 60330172299 55 463 101687 306080381 0 3093276 14126909 0 2639 0 10728 12006828 57 0 27026 0
