# hz=100 page_bytes=4096 possible_cpus=2
# program_id=4 jit_bytes=8483 xlated_bytes=4776
# pos:	0
# flags:	02000002
# mnt_id:	10
# ino:	26
# prog_type:	1
# prog_jited:	1
# prog_tag:	1a92932acb008231
# memlock:	8192
# prog_id:	4
# run_time_ns:	0
# run_cnt:	0
# recursion_misses:	0
# verified_insns:	199283
# map=counters type=6 key=4 value=32 max_entries=1
# pos:	0
# flags:	02000002
# mnt_id:	10
# ino:	26
# map_type:	6
# key_size:	4
# value_size:	32
# max_entries:	1
# map_flags:	0x0
# map_extra:	0x0
# memlock:	268
# map_id:	4
# frozen:	0
# map=accounting type=2 key=4 value=24 max_entries=1
# pos:	0
# flags:	02000002
# mnt_id:	10
# ino:	26
# map_type:	2
# key_size:	4
# value_size:	24
# max_entries:	1
# map_flags:	0x0
# map_extra:	0x0
# memlock:	224
# map_id:	5
# frozen:	0
# map=flows type=9 key=36 value=32 max_entries=1024
# pos:	0
# flags:	02000002
# mnt_id:	10
# ino:	26
# map_type:	9
# key_size:	36
# value_size:	32
# max_entries:	1024
# map_flags:	0x0
# map_extra:	0x0
# memlock:	107456
# map_id:	2
# frozen:	0
# map=departures type=9 key=40 value=8 max_entries=8192
# pos:	0
# flags:	02000002
# mnt_id:	10
# ino:	26
# map_type:	9
# key_size:	40
# value_size:	8
# max_entries:	8192
# map_flags:	0x0
# map_extra:	0x0
# memlock:	656320
# map_id:	1
# frozen:	0
# map=samples type=27 key=0 value=0 max_entries=262144
# pos:	0
# flags:	02000002
# mnt_id:	10
# ino:	26
# map_type:	27
# key_size:	0
# value_size:	0
# max_entries:	262144
# map_flags:	0x0
# map_extra:	0x0
# memlock:	275148
# map_id:	3
# frozen:	0
realtime_us monotonic_us daemon_ticks rss_pages runs runtime_ns ring_full ack_bytes upload_bytes unaccounted host_user host_nice host_system host_idle host_iowait host_irq host_softirq host_steal
1791276786197142 2313779050 32 486 0 0 0 0 2560 0 124 0 1087 455427 36 0 597 0
1791276786697845 2314279754 32 486 78 104208 0 0 10152 0 124 0 1087 455519 36 0 600 0
1791276787200633 2314782542 32 486 157 185861 0 0 17872 0 124 0 1087 455614 36 0 601 0
1791276787702032 2315283941 32 486 238 269573 0 0 25696 0 124 0 1087 455710 36 0 603 0
1791276788207196 2315789105 32 486 316 361150 0 0 33416 0 124 0 1087 455808 36 0 603 0
1791276788711091 2316292999 32 486 396 583494 0 0 41008 0 124 0 1087 455902 36 0 605 0
1791276789211858 2316793767 32 486 475 844361 0 0 48728 0 124 0 1087 455999 36 0 607 0
1791276789716751 2317298660 34 486 555 974391 0 0 56448 0 124 0 1088 456094 36 0 607 0
1791276790221783 2317803692 34 486 634 1078428 0 0 64040 0 124 0 1088 456193 36 0 609 0
1791276790722566 2318304475 34 486 716 1185016 0 0 72076 0 125 0 1088 456286 36 0 610 0
1791276791224625 2318806534 34 486 796 1274395 0 0 79668 0 125 0 1088 456383 36 0 610 0
1791276791729347 2319311256 34 486 876 1519414 0 0 87388 0 125 0 1088 456478 36 0 612 0
1791276792232891 2319814800 34 486 955 1609799 0 0 95108 0 125 0 1088 456571 36 0 615 0
1791276792733136 2320315044 34 486 1034 1703795 0 0 102700 0 125 0 1088 456665 36 0 617 0
1791276793235647 2320817556 34 486 1114 1816565 0 0 110420 0 126 0 1088 456758 36 0 619 0
1791276793740734 2321322643 35 486 1192 1922571 0 0 118012 0 126 0 1089 456852 36 0 620 0
1791276794241370 2321823279 35 486 1277 2292909 0 96 126297 0 127 0 1089 456947 36 0 621 0
1791276794741946 2322323855 35 486 1490 2846821 0 576 245862 0 127 0 1090 457043 36 0 625 0
1791276795246299 2322828207 35 486 1725 3840215 0 576 403350 0 127 0 1090 457141 36 0 627 0
1791276795751007 2323332916 35 486 1966 4357292 0 576 574966 0 127 0 1091 457233 36 0 629 0
1791276796251489 2323833397 35 486 2200 5635721 0 576 741590 0 127 0 1091 457329 36 0 630 0
1791276796754747 2324336656 35 486 2433 6846605 0 576 903710 0 127 0 1092 457426 36 0 633 0
1791276797258117 2324840026 35 486 2652 7484790 0 576 1041126 0 127 0 1092 457519 36 0 636 0
1791276797760104 2325342012 35 486 2851 8061371 0 576 1172238 0 127 0 1092 457617 36 0 637 0
1791276798265902 2325847811 35 486 3064 8780050 0 576 1317374 0 127 0 1092 457712 36 0 640 0
1791276798766943 2326348852 36 486 3289 9327218 0 576 1474966 0 127 0 1093 457805 36 0 646 0
1791276799267800 2326849709 36 486 3527 10481027 0 576 1649438 0 127 0 1094 457898 36 0 649 0
1791276799769853 2327351761 36 486 3761 11391875 0 576 1823910 0 127 0 1095 457994 36 0 651 0
1791276800275832 2327857741 36 486 3979 11974642 0 576 1959782 0 127 0 1095 458092 36 0 652 0
1791276800792013 2328373921 36 486 4167 12741102 0 576 2069406 0 127 0 1096 458187 36 0 655 0
1791276801294073 2328875982 36 486 4361 13617306 0 576 2186982 0 127 0 1096 458283 36 0 657 0
1791276801794308 2329376216 36 486 4563 14525816 0 576 2316550 0 128 0 1096 458379 36 0 659 0
1791276802295784 2329877692 37 486 4775 15118035 0 576 2461686 0 128 0 1096 458475 36 0 661 0
1791276802797678 2330379587 37 486 5004 15702974 0 576 2619174 0 128 0 1097 458572 36 0 663 0
1791276803298002 2330879911 37 486 5241 16427831 0 576 2795062 0 128 0 1097 458667 36 0 667 0
1791276803803259 2331385168 37 486 5474 16921604 0 576 2961814 0 128 0 1098 458762 36 0 669 0
1791276804305410 2331887319 37 486 5697 17515474 0 576 3108598 0 130 0 1098 458858 36 0 672 0
1791276804806303 2332388212 37 486 5900 18268462 0 576 3236750 0 131 0 1098 458955 36 0 672 0
1791276805307235 2332889143 37 486 6110 18784374 0 576 3381758 0 131 0 1099 459050 36 0 673 0
1791276805808924 2333390833 37 486 6338 19451539 0 576 3539246 0 131 0 1100 459145 36 0 676 0
1791276806310296 2333892204 38 486 6576 20309907 0 576 3716806 0 131 0 1101 459242 36 0 676 0
1791276806812026 2334393935 38 486 6806 21122428 0 576 3889606 0 131 0 1101 459339 36 0 678 0
1791276807314496 2334896405 38 486 7021 21778648 0 576 4023934 0 131 0 1101 459434 36 0 680 0
1791276807817025 2335398934 38 486 7207 22404009 0 576 4131886 0 131 0 1102 459530 36 0 682 0
1791276808321553 2335903462 38 486 7406 23295609 0 576 4252318 0 131 0 1103 459624 36 0 685 0
1791276808823261 2336405170 38 486 7605 23632967 0 576 4383558 0 131 0 1103 459717 36 0 688 0
1791276809324841 2336906749 38 486 7819 24436587 0 576 4528694 0 131 0 1103 459809 36 0 694 0
1791276809826166 2337408074 38 486 7941 24803658 0 960 4556228 0 131 0 1103 459903 36 0 695 0
1791276810331832 2337913741 38 486 8021 25084145 0 960 4563948 0 131 0 1103 460000 36 0 697 0
1791276810835472 2338417380 38 486 8100 25178099 0 960 4571668 0 131 0 1103 460096 36 0 697 0
1791276811339863 2338921772 38 486 8179 25273341 0 960 4579260 0 131 0 1104 460192 36 0 699 0
1791276811841112 2339423021 39 486 8260 25377107 0 960 4587212 0 131 0 1104 460288 36 0 700 0
1791276812344121 2339926030 39 486 8339 25477127 0 960 4594804 0 131 0 1104 460382 36 0 701 0
1791276812847319 2340429227 39 486 8971 26543135 0 26652 4629736 0 132 0 1107 460474 36 0 704 0
1791276813348215 2340930123 39 486 9964 29330064 0 59592 4670396 0 132 0 1109 460563 36 0 712 0
1791276813853772 2341435680 39 486 10880 31276222 0 87432 4705828 0 132 0 1109 460653 36 0 722 0
1791276814354681 2341936590 39 486 11834 33886670 0 118920 4745036 0 132 0 1109 460746 36 0 729 0
1791276814857495 2342439404 39 486 12724 36196757 0 145244 4779080 0 132 0 1109 460841 36 0 733 0
1791276815358728 2342940636 39 486 13723 39371416 0 190164 4831592 0 132 0 1109 460934 36 0 741 0
1791276815866104 2343448012 39 486 14627 43292049 0 229992 4879372 0 132 0 1109 461027 36 0 749 0
1791276816366669 2343948577 40 486 15609 45786499 0 272132 4929232 0 132 0 1109 461121 36 0 753 0
1791276816867108 2344449017 40 486 16621 48287970 0 314136 4978828 0 132 0 1110 461213 36 0 760 0
1791276817368564 2344950472 40 486 17629 50446860 0 353180 5025592 0 132 0 1111 461309 36 0 763 0
1791276817870377 2345452285 40 486 18584 52417212 0 385880 5065884 0 133 0 1111 461396 36 0 775 0
1791276818376409 2345958318 40 486 19617 54691759 0 421880 5109604 0 133 0 1112 461487 36 0 783 0
1791276818877070 2346458979 40 486 20638 56523035 0 457568 5153140 0 133 0 1113 461579 36 0 789 0
1791276819379066 2346960975 40 486 21644 58572113 0 494024 5197188 0 133 0 1113 461671 36 0 798 0
1791276819886443 2347468351 40 486 22710 61557240 0 531992 5243108 0 133 0 1114 461761 36 0 807 0
1791276820390447 2347972356 41 486 23792 64058458 0 571908 5290616 0 133 0 1116 461853 36 0 814 0
1791276820895758 2348477666 41 486 24792 66719753 0 614240 5340668 0 133 0 1117 461943 36 0 822 0
1791276821397498 2348979406 41 486 25765 69194677 0 650612 5384760 0 133 0 1120 462034 36 0 826 0
1791276821898722 2349480631 41 486 26792 71057525 0 688592 5430332 0 134 0 1121 462124 36 0 835 0
1791276822401709 2349983618 41 486 27860 73570503 0 728984 5478444 0 134 0 1122 462212 36 0 845 0
1791276822906785 2350488694 41 486 28932 76128241 0 768968 5526252 0 134 0 1122 462303 36 0 854 0
1791276823409587 2350991496 41 486 30022 79142546 0 810416 5575420 0 134 0 1124 462393 36 0 863 0
1791276823911753 2351493661 42 486 30993 81153468 0 843920 5616516 0 134 0 1125 462483 36 0 869 0
1791276824416584 2351998492 42 486 32012 84021789 0 879068 5659384 0 134 0 1128 462573 36 0 875 0
1791276824916943 2352498851 42 486 33034 85859678 0 914444 5702480 0 134 0 1129 462662 36 0 885 0
1791276825417744 2352999653 42 486 34056 88297192 0 948908 5744536 0 134 0 1130 462752 36 0 894 0
1791276825919058 2353500967 42 486 35084 90379786 0 983708 5787056 0 135 0 1132 462844 36 0 899 0
1791276826425643 2354007551 42 486 36153 92722928 0 1023184 5834252 0 135 0 1132 462934 36 0 908 0
1791276826926210 2354508119 42 486 37183 95678482 0 1060552 5879444 0 136 0 1133 463023 36 0 917 0
1791276827431797 2355013705 42 486 38293 98679040 0 1102544 5929156 0 136 0 1134 463115 36 0 924 0
1791276827936320 2355518229 42 486 39283 101257068 0 1136768 5971100 0 136 0 1135 463203 36 0 934 0
1791276828438022 2356019931 42 486 40343 103246677 0 1174292 6016216 0 137 0 1137 463292 36 0 941 0
1791276828939019 2356520927 43 486 41340 105799209 0 1209236 6058880 0 138 0 1137 463385 36 0 948 0
1791276829439296 2357021205 43 486 42306 108533182 0 1242656 6099892 0 139 0 1137 463476 36 0 955 0
1791276829946890 2357528798 43 486 43369 111365087 0 1285348 6150304 0 139 0 1138 463570 36 0 959 0
1791276830449741 2358031649 43 486 44332 114183248 0 1320448 6193356 0 139 0 1140 463660 36 0 968 0
1791276830957283 2358539192 43 486 45345 117972492 0 1355788 6236288 0 139 0 1142 463754 36 0 973 0
1791276831460695 2359042603 43 486 46379 121267614 0 1391932 6280152 0 139 0 1144 463850 36 0 976 0
1791276831961319 2359543227 44 486 47379 123003420 0 1427440 6323380 0 139 0 1144 463943 36 0 982 0
1791276832466156 2360048064 44 486 48426 125232948 0 1464616 6368380 0 139 0 1144 464033 36 0 991 0
1791276832970473 2360552382 44 486 49118 127643482 0 1481728 6402005 0 139 0 1144 464129 36 0 995 0
1791276833473442 2361055351 44 486 49197 127754840 0 1481728 6409725 0 139 0 1144 464224 36 0 998 0
1791276833975598 2361557506 44 486 49277 127853595 0 1481728 6417445 0 141 0 1144 464316 36 0 998 0
1791276834478123 2362060032 44 486 49356 127951811 0 1481728 6425165 0 142 0 1144 464413 36 0 998 0
1791276834981046 2362562955 44 486 49436 128154434 0 1481728 6432989 0 142 0 1144 464511 36 0 999 0
1791276835486433 2363068342 44 486 49516 128233196 0 1481728 6440709 0 142 0 1144 464609 36 0 1000 0
1791276835986953 2363568861 44 486 49786 128785525 0 1487584 6490439 0 143 0 1145 464700 36 0 1002 0
1791276836487912 2364069821 44 486 50957 131365104 0 1525432 6634823 0 143 0 1146 464789 36 0 1011 0
1791276836988894 2364570802 45 486 52022 135814356 0 1555864 6774751 0 144 0 1148 464879 36 0 1019 0
1791276837492865 2365074774 45 486 53069 138800055 0 1584988 6919675 0 144 0 1150 464969 36 0 1027 0
1791276837993749 2365575657 45 486 54085 141719640 0 1613596 7056235 0 144 0 1151 465059 36 0 1033 0
1791276838494732 2366076641 45 486 55141 144187392 0 1643080 7204607 0 144 0 1152 465146 36 0 1046 0
1791276838997663 2366579572 46 486 56139 145939277 0 1684428 7378739 0 144 0 1153 465236 36 0 1052 0
1791276839499725 2367081634 47 486 57024 148915412 0 1714964 7540387 0 144 0 1153 465323 36 0 1064 0
1791276840000505 2367582413 47 486 57776 150556648 0 1739488 7696151 0 145 0 1153 465421 36 0 1066 0
1791276840505272 2368087181 47 486 58733 152921304 0 1772808 7831479 0 145 0 1155 465512 36 0 1073 0
1791276841006869 2368588778 47 486 59723 155286893 0 1804328 7966447 0 145 0 1156 465604 36 0 1078 0
1791276841511436 2369093345 47 486 60780 157816763 0 1837940 8122035 0 145 0 1158 465697 36 0 1083 0
1791276842017197 2369599105 47 486 61891 160082029 0 1872104 8293487 0 145 0 1159 465789 36 0 1090 0
1791276842517796 2370099705 47 486 62851 161751248 0 1902500 8461299 0 145 0 1160 465875 36 0 1102 0
1791276843018938 2370600846 48 486 63621 163436022 0 1925840 8622055 0 145 0 1161 465970 36 0 1105 0
1791276843527999 2371109908 48 486 64623 167629863 0 1955888 8751023 0 145 0 1163 466052 36 0 1119 0
1791276844028159 2371610068 48 486 65704 171059287 0 1990352 8867319 0 145 0 1166 466140 36 0 1127 0
1791276844530077 2372111986 48 486 66854 173810474 0 2028224 9002463 0 145 0 1167 466234 36 0 1134 0
1791276845031204 2372613113 49 486 67960 176420723 0 2061632 9156175 0 145 0 1168 466323 36 0 1143 0
1791276845534293 2373116201 49 486 69162 178479446 0 2106636 9318523 0 145 0 1169 466415 36 0 1150 0
1791276846037855 2373619763 49 486 70203 180399033 0 2139468 9459307 0 145 0 1170 466508 36 0 1155 0
1791276846538696 2374120605 49 486 71287 182607350 0 2174592 9636479 0 145 0 1171 466601 36 0 1162 0
1791276847039287 2374621195 49 486 72067 184088557 0 2199396 9798699 0 146 0 1171 466694 36 0 1168 0
1791276847544325 2375126234 49 486 72773 185757277 0 2218776 9952279 0 146 0 1172 466786 36 0 1173 0
1791276848046163 2375628072 49 486 73821 188093060 0 2250456 10089183 0 146 0 1173 466881 36 0 1177 0
1791276848549677 2376131586 50 486 74900 190444727 0 2284056 10238455 0 146 0 1173 466972 36 0 1186 0
1791276849059448 2376641356 50 486 76091 192078731 0 2322744 10397575 0 146 0 1173 467067 36 0 1192 0
1791276849566572 2377148481 50 486 77355 194149936 0 2369592 10572807 0 146 0 1173 467159 36 0 1201 0
1791276850066899 2377648807 50 486 78099 195727685 0 2391852 10733899 0 146 0 1174 467249 36 0 1209 0
1791276850571561 2378153470 50 486 78722 196976919 0 2408760 10897487 0 146 0 1174 467347 36 0 1211 0
1791276851075341 2378657249 50 486 79335 198761344 0 2425776 11041111 0 146 0 1174 467442 36 0 1214 0
1791276851577051 2379158960 50 486 80359 201033323 0 2457264 11168199 0 146 0 1175 467532 36 0 1222 0
1791276852077655 2379659563 51 486 81446 203449948 0 2492496 11291567 0 146 0 1179 467621 36 0 1229 0
1791276852579076 2380160984 51 486 82561 206872499 0 2529264 11420847 0 146 0 1181 467711 36 0 1239 0
1791276853079462 2380661371 51 486 83663 209440382 0 2565072 11558791 0 148 0 1181 467803 36 0 1244 0
1791276853580434 2381162343 51 486 84820 212509636 0 2603448 11698839 0 148 0 1182 467897 36 0 1250 0
1791276854082043 2381663951 51 486 85982 216157148 0 2645048 11877959 0 148 0 1184 467984 36 0 1258 0
1791276854582939 2382164848 51 486 86679 218728042 0 2665760 12043575 0 148 0 1185 468079 36 0 1259 0
1791276855087783 2382669692 51 486 87467 220388252 0 2689412 12184803 0 149 0 1185 468174 36 0 1264 0
1791276855589526 2383171434 52 486 88597 223923574 0 2725340 12314787 0 149 0 1186 468265 36 0 1272 0
1791276856091247 2383673155 52 486 89679 226393328 0 2759612 12438611 0 149 0 1186 468357 36 0 1280 0
1791276856591991 2384173900 52 486 90837 228796790 0 2798360 12586983 0 149 0 1186 468448 36 0 1287 0
1791276857093241 2384675149 52 486 92001 231634448 0 2835512 12755247 0 149 0 1186 468540 36 0 1295 0
1791276857593873 2385175782 52 486 93092 234228850 0 2874180 12935963 0 149 0 1186 468637 36 0 1298 0
1791276858096687 2385678596 52 486 93758 236185753 0 2895652 13088547 0 149 0 1186 468725 36 0 1303 0
1791276858597397 2386179305 52 486 94586 238127979 0 2920900 13200259 0 149 0 1186 468818 36 0 1309 0
1791276859102463 2386684371 52 486 95621 240452537 0 2953780 13314843 0 150 0 1186 468912 36 0 1316 0
1791276859604959 2387186868 53 486 96695 242896222 0 2987956 13444979 0 150 0 1187 469006 36 0 1321 0
1791276860106247 2387688156 53 486 97832 244978198 0 3025156 13584083 0 150 0 1188 469099 36 0 1326 0
1791276860607695 2388189604 53 486 98932 247331857 0 3059812 13737499 0 151 0 1188 469184 36 0 1340 0
1791276861108488 2388690397 53 486 100127 250187306 0 3090532 13871842 0 151 0 1188 469277 36 0 1348 0
1791276861609263 2389191172 53 486 100207 250266069 0 3090532 13879434 0 151 0 1188 469375 36 0 1348 0
1791276862111021 2389692929 53 486 100287 250354218 0 3090532 13887154 0 151 0 1188 469469 36 0 1349 0
1791276862615360 2390197269 53 486 100366 250461314 0 3090532 13894874 0 152 0 1188 469565 36 0 1349 0
1791276863118046 2390699955 53 486 100445 250566409 0 3090532 13902466 0 152 0 1188 469661 36 0 1350 0
1791276863619238 2391201147 53 486 100524 250658257 0 3090532 13910186 0 152 0 1188 469756 36 0 1352 0
1791276864121778 2391703686 53 486 100605 250749315 0 3090532 13918138 0 152 0 1188 469845 36 0 1353 0
1791276864624246 2392206155 53 486 100684 251049268 0 3090532 13925730 0 152 0 1188 469941 36 0 1355 0
1791276865125612 2392707520 53 486 100763 251137394 0 3090532 13933450 0 152 0 1188 470038 36 0 1355 0
1791276865629873 2393211782 53 486 100844 251228837 0 3090532 13941170 0 153 0 1189 470132 36 0 1355 0
1791276866134923 2393716832 53 486 100923 251336228 0 3090532 13948762 0 153 0 1190 470223 36 0 1357 0
1791276866636039 2394217947 53 486 101002 251431848 0 3090532 13956482 0 153 0 1190 470314 36 0 1359 0
1791276867138814 2394720723 53 486 101082 251521836 0 3090532 13964202 0 153 0 1191 470407 36 0 1360 0
1791276867639457 2395221366 53 486 101161 251624153 0 3090532 13971794 0 153 0 1191 470500 36 0 1362 0
1791276868144891 2395726800 54 486 101242 251712144 0 3090532 13979746 0 155 0 1192 470593 36 0 1362 0
1791276868647329 2396229238 54 486 101321 251800944 0 3090532 13987234 0 155 0 1192 470689 36 0 1363 0
1791276869061637 2396643545 54 486 101385 251866968 0 3090532 13993514 0 155 0 1192 470767 36 0 1364 0
