# hz=100 page_bytes=4096 possible_cpus=2
# program_id=36 jit_bytes=6701 xlated_bytes=3728
# pos:	0
# flags:	02000002
# mnt_id:	10
# ino:	26
# prog_type:	1
# prog_jited:	1
# prog_tag:	e45e774793fd1fbd
# memlock:	4096
# prog_id:	36
# run_time_ns:	0
# run_cnt:	0
# recursion_misses:	0
# verified_insns:	199065
# map=counters type=6 key=4 value=24 max_entries=1
# pos:	0
# flags:	02000002
# mnt_id:	10
# ino:	26
# map_type:	6
# key_size:	4
# value_size:	24
# max_entries:	1
# map_flags:	0x0
# map_extra:	0x0
# memlock:	252
# map_id:	58
# frozen:	0
# map=flows type=9 key=36 value=32 max_entries=1024
# pos:	0
# flags:	02000002
# mnt_id:	10
# ino:	26
# map_type:	9
# key_size:	36
# value_size:	32
# max_entries:	1024
# map_flags:	0x0
# map_extra:	0x0
# memlock:	107456
# map_id:	56
# frozen:	0
# map=departures type=9 key=40 value=8 max_entries=8192
# pos:	0
# flags:	02000002
# mnt_id:	10
# ino:	26
# map_type:	9
# key_size:	40
# value_size:	8
# max_entries:	8192
# map_flags:	0x0
# map_extra:	0x0
# memlock:	656320
# map_id:	55
# frozen:	0
# map=samples type=27 key=0 value=0 max_entries=262144
# pos:	0
# flags:	02000002
# mnt_id:	10
# ino:	26
# map_type:	27
# key_size:	0
# value_size:	0
# max_entries:	262144
# map_flags:	0x0
# map_extra:	0x0
# memlock:	275148
# map_id:	57
# frozen:	0
realtime_us monotonic_us daemon_ticks rss_pages runs runtime_ns ring_full ack_bytes upload_bytes unaccounted host_user host_nice host_system host_idle host_iowait host_irq host_softirq host_steal
1791250960799342 19616474526 28 471 0 0 0 0 1960 0 693 0 3062 3904516 45 0 7486 0
1791250961304649 19616979833 28 471 80 55808 0 0 8682 0 693 0 3062 3904611 45 0 7488 0
1791250961807122 19617482306 28 471 160 107896 0 0 15202 0 693 0 3062 3904708 45 0 7489 0
1791250962307944 19617983127 28 471 239 165273 0 0 21624 0 693 0 3062 3904803 45 0 7491 0
1791250962808610 19618483793 29 471 319 226213 0 0 28144 0 693 0 3062 3904898 45 0 7492 0
1791250963309156 19618984340 29 471 398 283911 0 0 34664 0 693 0 3062 3904992 45 0 7495 0
1791250963812328 19619487511 29 471 477 340772 0 0 41086 0 694 0 3063 3905083 45 0 7496 0
1791250964313298 19619988481 29 471 557 393964 0 0 47606 0 694 0 3063 3905177 45 0 7497 0
1791250964815471 19620490655 29 471 636 453633 0 0 54126 0 694 0 3064 3905272 45 0 7498 0
1791250965316576 19620991759 29 471 718 501726 0 0 60688 0 694 0 3065 3905369 45 0 7499 0
1791250965817997 19621493180 29 471 797 563815 0 0 67110 0 694 0 3065 3905464 45 0 7501 0
1791250966322885 19621998068 29 471 876 624192 0 0 73630 0 694 0 3066 3905556 45 0 7504 0
1791250966824926 19622500110 29 471 957 693831 0 0 80254 0 694 0 3066 3905650 45 0 7506 0
1791250967326701 19623001884 29 471 1037 758386 0 0 86774 0 694 0 3067 3905748 45 0 7507 0
1791250967831506 19623506690 30 471 1117 813072 0 0 93294 0 694 0 3069 3905841 45 0 7509 0
1791250968334420 19624009603 30 471 1196 868074 0 0 99814 0 695 0 3069 3905934 45 0 7510 0
1791250968836710 19624511894 30 471 1278 1104839 0 66 106376 0 696 0 3070 3906026 45 0 7512 0
1791250969337541 19625012725 30 471 1494 1463252 0 396 216718 0 696 0 3071 3906118 45 0 7514 0
1791250969843045 19625518229 30 471 1719 2073790 0 396 362428 0 696 0 3072 3906212 45 0 7517 0
1791250970345681 19626020865 30 471 1957 2863669 0 396 529432 0 696 0 3072 3906309 45 0 7520 0
1791250970850262 19626525446 30 471 2192 3865104 0 396 696638 0 696 0 3072 3906406 45 0 7520 0
1791250971353689 19627028873 30 471 2421 4515497 0 396 852946 0 696 0 3072 3906497 45 0 7525 0
1791250971854156 19627529340 30 471 2638 4941044 0 396 985128 0 696 0 3073 3906590 45 0 7528 0
1791250972359687 19628034871 30 471 2831 5507715 0 396 1106614 0 696 0 3073 3906684 45 0 7532 0
1791250972860540 19628535724 31 471 3036 6265864 0 396 1238796 0 696 0 3074 3906777 45 0 7536 0
1791250973361112 19629036296 31 471 3254 7726530 0 396 1386118 0 696 0 3076 3906872 45 0 7539 0
1791250973862724 19629537908 31 471 3487 9052838 0 396 1548482 0 696 0 3077 3906963 45 0 7545 0
1791250974364638 19630039821 31 471 3727 10384017 0 396 1727598 0 696 0 3077 3907054 45 0 7550 0
1791250974865473 19630540657 31 471 3948 11168657 0 396 1876636 0 696 0 3078 3907148 45 0 7554 0
1791250975366884 19631042067 31 471 4143 11877501 0 396 1986010 0 696 0 3078 3907243 45 0 7557 0
1791250975873543 19631548726 31 471 4335 12602312 0 396 2095482 0 697 0 3078 3907338 45 0 7559 0
1791250976373901 19632049085 31 471 4533 13723570 0 396 2213940 0 697 0 3078 3907437 45 0 7559 0
1791250976878106 19632553290 31 471 4736 14974256 0 396 2346122 0 697 0 3078 3907536 45 0 7561 0
1791250977384387 19633059570 31 471 4957 16770848 0 396 2493444 0 697 0 3078 3907628 45 0 7566 0
1791250977886387 19633561571 32 471 5191 17492030 0 396 2654594 0 697 0 3078 3907724 45 0 7570 0
1791250978388919 19634064102 32 471 5426 18389482 0 396 2826140 0 697 0 3078 3907818 45 0 7572 0
1791250978889815 19634564998 32 471 5655 18980435 0 396 2980934 0 697 0 3078 3907914 45 0 7574 0
1791250979393219 19635068403 33 471 5863 19552409 0 396 3108574 0 697 0 3078 3908011 45 0 7575 0
1791250979893892 19635569075 33 471 6066 20134889 0 396 3239144 0 697 0 3079 3908106 45 0 7576 0
1791250980396497 19636071681 33 471 6282 20995410 0 396 3383438 0 697 0 3080 3908200 45 0 7579 0
1791250980898711 19636573895 33 471 6513 21781349 0 396 3542872 0 697 0 3081 3908296 45 0 7580 0
1791250981400687 19637075871 33 471 6750 22577940 0 396 3717348 0 697 0 3081 3908389 45 0 7584 0
1791250981901214 19637576397 33 471 6978 23262574 0 396 3876782 0 697 0 3081 3908483 45 0 7589 0
1791250982402014 19638077197 33 471 7182 23992170 0 396 3995240 0 697 0 3081 3908576 45 0 7590 0
1791250982904660 19638579844 33 471 7367 24344523 0 396 4104712 0 698 0 3081 3908672 45 0 7592 0
1791250983411076 19639086260 33 471 7562 24973069 0 396 4224984 0 698 0 3082 3908771 45 0 7592 0
1791250983913035 19639588218 33 471 7767 25673674 0 396 4358582 0 699 0 3082 3908865 45 0 7594 0
1791250984413467 19640088651 33 471 7901 25848653 0 660 4393266 0 699 0 3083 3908961 45 0 7596 0
1791250984915497 19640590681 33 471 7980 25905781 0 660 4399688 0 699 0 3084 3909058 45 0 7597 0
1791250985416557 19641091741 34 471 8059 25960642 0 660 4406208 0 699 0 3084 3909155 45 0 7597 0
1791250985916872 19641592056 34 471 8139 26019579 0 660 4412728 0 700 0 3085 3909248 45 0 7598 0
1791250986423661 19642098845 34 471 8218 26234145 0 660 4419150 0 700 0 3085 3909346 45 0 7599 0
1791250986926487 19642601670 34 471 8299 26564345 0 660 4425872 0 700 0 3085 3909443 45 0 7599 0
1791250987432452 19643107636 34 471 8868 27600163 0 17058 4449852 0 702 0 3087 3909537 45 0 7601 0
1791250987935779 19643610963 34 471 10127 29498258 0 54810 4494124 0 702 0 3088 3909634 45 0 7603 0
1791250988442827 19644118011 34 471 11267 32476116 0 87414 4533248 0 703 0 3089 3909723 45 0 7610 0
1791250988943613 19644618797 34 471 12374 34853844 0 119028 4571382 0 703 0 3090 3909813 45 0 7618 0
1791250989450856 19645126040 34 471 13483 37464734 0 150444 4609422 0 703 0 3090 3909906 45 0 7627 0
1791250989952844 19645628028 34 471 14585 40040865 0 180606 4646104 0 703 0 3091 3909993 45 0 7638 0
1791250990454130 19646129314 34 471 15739 41783262 0 216186 4688106 0 703 0 3092 3910082 45 0 7645 0
1791250990954459 19646629643 35 471 16623 42860713 0 238362 4716802 0 703 0 3092 3910172 45 0 7652 0
1791250991456707 19647131891 35 471 17630 44281740 0 263826 4748786 0 703 0 3092 3910269 45 0 7655 0
1791250991957416 19647632599 35 471 18686 46378616 0 290226 4781608 0 705 0 3093 3910361 45 0 7661 0
1791250992463100 19648138284 35 471 19741 48454816 0 316596 4814498 0 705 0 3095 3910453 45 0 7666 0
1791250992964135 19648639318 35 471 20799 50952012 0 343458 4847782 0 705 0 3095 3910546 45 0 7673 0
1791250993464469 19649139653 35 471 21816 53635014 0 367878 4878924 0 705 0 3098 3910636 45 0 7679 0
1791250993965409 19649640593 35 471 22919 55904558 0 398416 4915884 0 705 0 3098 3910729 45 0 7687 0
1791250994470697 19650145880 35 471 23763 57080955 0 422646 4946634 0 705 0 3098 3910824 45 0 7692 0
1791250994973405 19650648588 35 471 24381 58292336 0 437238 4967648 0 705 0 3098 3910919 45 0 7696 0
1791250995476913 19651152097 35 471 25126 59646319 0 454368 4991396 0 706 0 3100 3911010 45 0 7702 0
1791250995977813 19651652997 36 471 25904 61686424 0 470886 5014434 0 706 0 3101 3911103 45 0 7708 0
1791250996480742 19652155926 36 471 26829 63391761 0 491250 5041220 0 706 0 3103 3911195 45 0 7714 0
1791250996983924 19652659108 36 471 27829 65359987 0 514350 5070840 0 706 0 3103 3911290 45 0 7718 0
1791250997484815 19653159999 36 471 28835 67576768 0 537714 5100926 0 706 0 3104 3911380 45 0 7726 0
1791250997986815 19653661998 36 471 29837 70646497 0 561072 5130706 0 706 0 3105 3911470 45 0 7736 0
1791250998496206 19654171389 36 471 30926 72892211 0 588898 5165052 0 706 0 3105 3911566 45 0 7741 0
1791250998996569 19654671752 36 471 31953 74410848 0 614236 5196812 0 706 0 3105 3911659 45 0 7746 0
1791250999502002 19655177186 36 471 33006 77002297 0 640426 5229522 0 706 0 3105 3911751 45 0 7753 0
1791251000002794 19655677978 37 471 34071 78605707 0 666442 5262058 0 706 0 3105 3911845 45 0 7758 0
1791251000505451 19656180635 37 471 35098 80927218 0 691036 5293276 0 706 0 3105 3911942 45 0 7763 0
1791251001013457 19656688641 37 471 36272 83749729 0 725626 5334386 0 706 0 3108 3912034 45 0 7768 0
1791251001513981 19657189164 37 471 37475 86815995 0 759142 5374422 0 706 0 3108 3912124 45 0 7778 0
1791251002015179 19657690363 37 471 38522 89752763 0 785806 5407508 0 706 0 3108 3912215 45 0 7788 0
1791251002516309 19658191493 37 471 39565 93122967 0 811744 5439966 0 706 0 3108 3912309 45 0 7792 0
1791251003019421 19658694604 37 471 40608 95815230 0 838276 5472920 0 706 0 3109 3912399 45 0 7799 0
1791251003520411 19659195595 37 471 41809 99017409 0 874196 5515360 0 706 0 3110 3912490 45 0 7806 0
1791251004021662 19659696845 37 471 42758 103093122 0 898082 5545668 0 706 0 3113 3912577 45 0 7815 0
1791251004523295 19660198478 37 471 43833 106984905 0 925832 5579938 0 706 0 3115 3912666 45 0 7824 0
1791251005028463 19660703647 38 471 44863 110387882 0 951872 5612602 0 706 0 3116 3912751 45 0 7839 0
1791251005533396 19661208580 38 471 45822 113159641 0 974948 5642198 0 706 0 3118 3912837 45 0 7850 0
1791251006033855 19661709038 38 471 46828 117407525 0 998246 5672016 0 706 0 3121 3912921 45 0 7860 0
1791251006534877 19662210061 38 471 47847 121941770 0 1022840 5703032 0 707 0 3123 3913007 45 0 7870 0
1791251007038693 19662713876 38 471 48861 125595734 0 1047122 5733736 0 707 0 3124 3913099 45 0 7877 0
1791251007542384 19663217568 38 471 49587 128676703 0 1059968 5758414 0 707 0 3124 3913191 45 0 7886 0
1791251008043447 19663718631 39 471 49666 128791389 0 1059968 5764934 0 707 0 3124 3913282 45 0 7886 0
1791251008543728 19664218912 39 471 49744 128890415 0 1059968 5771154 0 707 0 3125 3913377 45 0 7887 0
1791251009045158 19664720341 39 471 49824 128947361 0 1059968 5777876 0 707 0 3125 3913473 45 0 7888 0
1791251009546893 19665222077 39 471 49904 128995516 0 1059968 5784396 0 707 0 3125 3913567 45 0 7891 0
1791251010053277 19665728461 39 471 49983 129051283 0 1059968 5790818 0 708 0 3125 3913662 45 0 7893 0
1791251010556074 19666231257 39 471 50133 129239343 0 1060826 5818138 0 708 0 3126 3913755 45 0 7897 0
1791251011060925 19666736109 39 471 51158 131927205 0 1089386 5916708 0 708 0 3128 3913845 45 0 7906 0
1791251011563390 19667238573 40 471 52210 134072807 0 1111364 5990626 0 708 0 3128 3913928 45 0 7922 0
1791251012063688 19667738872 40 471 53235 136607235 0 1132980 6068724 0 708 0 3129 3914019 45 0 7929 0
1791251012566554 19668241738 41 471 54187 137673747 0 1160386 6158570 0 708 0 3130 3914112 45 0 7935 0
1791251013069447 19668744630 41 471 55204 139498974 0 1188728 6260250 0 708 0 3131 3914205 45 0 7940 0
1791251013570356 19669245540 41 471 56302 141036079 0 1217942 6370170 0 708 0 3131 3914294 45 0 7948 0
1791251014073990 19669749174 41 471 57485 143484560 0 1250874 6494308 0 709 0 3132 3914385 45 0 7954 0
1791251014575183 19670250367 41 471 58727 145242580 0 1283844 6629180 0 709 0 3132 3914478 45 0 7961 0
1791251015077022 19670752206 41 471 59887 147169861 0 1309106 6780470 0 709 0 3134 3914570 45 0 7967 0
1791251015577939 19671253123 41 471 61006 149260359 0 1332500 6934532 0 710 0 3134 3914658 45 0 7977 0
1791251016081466 19671756650 41 471 62030 150995769 0 1353614 7083384 0 710 0 3134 3914754 45 0 7981 0
1791251016583501 19672258685 41 471 63016 153770455 0 1374074 7225428 0 710 0 3136 3914842 45 0 7989 0
1791251017084671 19672759855 41 471 64110 155692761 0 1396586 7343688 0 710 0 3137 3914930 45 0 7997 0
1791251017585722 19673260906 41 471 65229 158048504 0 1421006 7465468 0 710 0 3140 3915020 45 0 8004 0
1791251018086285 19673761469 42 471 66358 160606494 0 1448690 7602624 0 710 0 3141 3915111 45 0 8009 0
1791251018593327 19674268511 43 471 67415 162563803 0 1474204 7755882 0 710 0 3141 3915205 45 0 8013 0
1791251019096824 19674772007 43 471 68442 164190582 0 1496962 7907794 0 710 0 3141 3915299 45 0 8019 0
1791251019597128 19675272312 43 471 69164 166029096 0 1510930 8059902 0 710 0 3141 3915395 45 0 8024 0
1791251020103371 19675778555 43 471 69768 167152366 0 1520962 8212714 0 710 0 3141 3915489 45 0 8030 0
1791251020604806 19676279990 43 471 70520 169119857 0 1534162 8342858 0 710 0 3141 3915583 45 0 8035 0
1791251021106300 19676781484 43 471 71584 171315359 0 1555216 8474898 0 710 0 3142 3915677 45 0 8039 0
1791251021606820 19677282003 43 471 72709 173753011 0 1578910 8620378 0 710 0 3145 3915767 45 0 8046 0
1791251022112720 19677787904 44 471 73873 175907000 0 1603594 8783300 0 711 0 3147 3915852 45 0 8058 0
1791251022613222 19678288406 44 471 74849 178074137 0 1623922 8938740 0 711 0 3147 3915944 45 0 8065 0
1791251023114905 19678790088 44 471 75763 179947881 0 1641946 9066138 0 711 0 3148 3916032 45 0 8074 0
1791251023615242 19679290425 44 471 76759 182795502 0 1661878 9159206 0 712 0 3150 3916122 45 0 8079 0
1791251024115664 19679790848 44 471 77836 184499080 0 1688946 9262340 0 712 0 3151 3916212 45 0 8086 0
1791251024617653 19680292836 44 471 78852 186325360 0 1717866 9356826 0 712 0 3151 3916304 45 0 8093 0
1791251025123799 19680798982 44 471 79876 188478241 0 1740924 9475730 0 712 0 3152 3916395 45 0 8099 0
1791251025624711 19681299894 44 471 80958 191354837 0 1764102 9603942 0 713 0 3154 3916485 45 0 8105 0
1791251026127473 19681802657 44 471 82094 193412782 0 1788672 9751610 0 713 0 3154 3916574 45 0 8116 0
1791251026628650 19682303834 44 471 83221 195582479 0 1811736 9909884 0 713 0 3155 3916666 45 0 8122 0
1791251027133621 19682808805 45 471 84123 197455266 0 1830564 10060796 0 713 0 3155 3916757 45 0 8130 0
1791251027634914 19683310098 45 471 84904 199412303 0 1845774 10203646 0 713 0 3155 3916850 45 0 8136 0
1791251028142905 19683818089 45 471 85948 202192059 0 1866762 10315938 0 713 0 3156 3916945 45 0 8141 0
1791251028649813 19684324997 46 471 87024 205041661 0 1888872 10433998 0 713 0 3158 3917033 45 0 8150 0
1791251029150526 19684825710 46 471 88124 208294058 0 1912500 10564070 0 713 0 3160 3917126 45 0 8155 0
1791251029654204 19685329388 46 471 89218 210220357 0 1935878 10696822 0 713 0 3160 3917220 45 0 8160 0
1791251030154517 19685829700 46 471 90374 212786318 0 1968852 10848352 0 713 0 3162 3917310 45 0 8166 0
1791251030654964 19686330148 46 471 91313 215891007 0 1989132 10968922 0 714 0 3162 3917400 45 0 8173 0
1791251031158058 19686833241 46 471 92346 218150465 0 2012802 11135372 0 714 0 3163 3917491 45 0 8180 0
1791251031661879 19687337062 46 471 93063 220000443 0 2027190 11289414 0 714 0 3163 3917585 45 0 8184 0
1791251032163203 19687838387 47 471 93745 221978663 0 2040804 11433696 0 714 0 3165 3917677 45 0 8189 0
1791251032663562 19688338746 47 471 94590 223599606 0 2057508 11555330 0 714 0 3166 3917766 45 0 8194 0
1791251033169371 19688844554 47 471 95719 227187237 0 2082762 11681076 0 714 0 3166 3917861 45 0 8200 0
1791251033674716 19689349899 47 471 96862 231654193 0 2107872 11817172 0 714 0 3166 3917949 45 0 8213 0
1791251034176546 19689851729 48 471 97970 236048413 0 2131176 11969532 0 715 0 3168 3918033 45 0 8226 0
1791251034676958 19690352142 48 471 99008 239126214 0 2152428 12132050 0 716 0 3169 3918121 45 0 8237 0
1791251035178384 19690853566 48 471 99803 242771208 0 2168724 12271346 0 716 0 3169 3918214 45 0 8244 0
1791251035679397 19691354580 48 471 100823 245802217 0 2188788 12376779 0 716 0 3171 3918302 45 0 8252 0
1791251036184135 19691859319 48 471 101060 246652973 0 2189250 12388184 0 718 0 3173 3918397 45 0 8253 0
1791251036684432 19692359615 48 471 101139 246769537 0 2189250 12394606 0 720 0 3174 3918492 45 0 8253 0
1791251037185695 19692860879 48 471 101220 246900775 0 2189250 12401126 0 720 0 3174 3918589 45 0 8254 0
1791251037686540 19693361724 49 471 101299 247013302 0 2189250 12407646 0 720 0 3174 3918686 45 0 8256 0
1791251038192739 19693867923 49 471 101379 247109964 0 2189250 12414166 0 720 0 3174 3918786 45 0 8257 0
1791251038699200 19694374384 49 471 101458 247167838 0 2189250 12420588 0 720 0 3174 3918880 45 0 8257 0
1791251039202646 19694877830 49 471 101537 247370570 0 2189250 12427108 0 720 0 3174 3918975 45 0 8258 0
1791251039703258 19695378442 49 471 101618 247431192 0 2189250 12433732 0 720 0 3174 3919073 45 0 8258 0
1791251040205633 19695880817 49 471 101698 247480944 0 2189250 12440252 0 720 0 3174 3919170 45 0 8260 0
1791251040708773 19696383957 49 471 101777 247537453 0 2189250 12446674 0 720 0 3174 3919269 45 0 8260 0
1791251041209498 19696884681 49 471 101856 247590533 0 2189250 12453194 0 720 0 3174 3919363 45 0 8263 0
1791251041711072 19697386256 49 471 101936 247645760 0 2189250 12459714 0 720 0 3174 3919457 45 0 8264 0
1791251042213174 19697888358 49 471 102015 247699376 0 2189250 12466136 0 721 0 3174 3919552 45 0 8265 0
1791251042713563 19698388747 50 471 102094 247757666 0 2189250 12472656 0 722 0 3174 3919650 45 0 8265 0
1791251043216060 19698891243 50 471 102173 247828937 0 2189250 12479078 0 722 0 3175 3919747 45 0 8265 0
1791251043719874 19699395058 50 471 102252 248059921 0 2189250 12485598 0 722 0 3175 3919845 45 0 8266 0
1791251043729228 19699404411 50 471 102254 248063026 0 2189250 12485800 0 722 0 3177 3919846 45 0 8266 0
