% time     seconds  usecs/call     calls    errors syscall
------ ----------- ----------- --------- --------- ----------------
 24.01    0.058034         169       342           wait4
 21.11    0.051041          16      3077           read
 20.14    0.048691          17      2792           poll
 13.85    0.033477         195       171           fork
  3.65    0.008822           8      1026           rt_sigprocmask
  2.38    0.005760           6       855           close
  1.80    0.004345           4       943           mmap2
  1.65    0.003999          11       342           dup2
  1.58    0.003816           7       513           fcntl64
  1.56    0.003771           7       513       171 open
  1.38    0.003340          19       171           sigreturn
  1.36    0.003288          19       171           execve
  1.11    0.002674           5       513       171 statx
  0.96    0.002324           4       513           mprotect
  0.82    0.001990          17       114           sendfile64
  0.67    0.001614           9       171       171 ioctl
  0.47    0.001131          19        57           pipe
  0.36    0.000870          15        57           writev
  0.32    0.000773           4       171           prctl
  0.30    0.000736           2       342           set_tid_address
  0.27    0.000660           1       342           brk
  0.11    0.000254           4        56           nanosleep
  0.10    0.000230           1       171           set_thread_area
  0.05    0.000112           3        31           munmap
  0.00    0.000001           0       171           rt_sigaction
------ ----------- ----------- --------- --------- ----------------
100.00    0.241753          17     13625       513 total
