# hz=100 page_bytes=4096 possible_cpus=2
# program_id=64 jit_bytes=8483 xlated_bytes=4776
# pos:	0
# flags:	02000002
# mnt_id:	10
# ino:	26
# prog_type:	1
# prog_jited:	1
# prog_tag:	1a92932acb008231
# memlock:	8192
# prog_id:	64
# run_time_ns:	0
# run_cnt:	0
# recursion_misses:	0
# verified_insns:	199283
# map=counters type=6 key=4 value=32 max_entries=1
# pos:	0
# flags:	02000002
# mnt_id:	10
# ino:	26
# map_type:	6
# key_size:	4
# value_size:	32
# max_entries:	1
# map_flags:	0x0
# map_extra:	0x0
# memlock:	268
# map_id:	96
# frozen:	0
# map=accounting type=2 key=4 value=24 max_entries=1
# pos:	0
# flags:	02000002
# mnt_id:	10
# ino:	26
# map_type:	2
# key_size:	4
# value_size:	24
# max_entries:	1
# map_flags:	0x0
# map_extra:	0x0
# memlock:	224
# map_id:	97
# frozen:	0
# map=flows type=9 key=36 value=32 max_entries=1024
# pos:	0
# flags:	02000002
# mnt_id:	10
# ino:	26
# map_type:	9
# key_size:	36
# value_size:	32
# max_entries:	1024
# map_flags:	0x0
# map_extra:	0x0
# memlock:	107456
# map_id:	94
# frozen:	0
# map=departures type=9 key=40 value=8 max_entries=8192
# pos:	0
# flags:	02000002
# mnt_id:	10
# ino:	26
# map_type:	9
# key_size:	40
# value_size:	8
# max_entries:	8192
# map_flags:	0x0
# map_extra:	0x0
# memlock:	656320
# map_id:	93
# frozen:	0
# map=samples type=27 key=0 value=0 max_entries=262144
# pos:	0
# flags:	02000002
# mnt_id:	10
# ino:	26
# map_type:	27
# key_size:	0
# value_size:	0
# max_entries:	262144
# map_flags:	0x0
# map_extra:	0x0
# memlock:	275148
# map_id:	95
# frozen:	0
realtime_us monotonic_us daemon_ticks rss_pages runs runtime_ns ring_full ack_bytes upload_bytes unaccounted host_user host_nice host_system host_idle host_iowait host_irq host_softirq host_steal
1791252498466116 21154141300 29 482 0 0 0 0 2560 0 1211 0 5204 4198250 52 0 14993 0
1791252498967242 21154642425 29 482 78 98700 0 0 10152 0 1211 0 5204 4198344 52 0 14994 0
1791252499471068 21155146251 29 482 158 195476 0 0 18104 0 1212 0 5204 4198436 52 0 14996 0
1791252499971854 21155647038 29 482 237 395605 0 0 25696 0 1212 0 5204 4198531 52 0 14998 0
1791252500472716 21156147900 29 482 319 486129 0 0 33416 0 1212 0 5204 4198627 52 0 15000 0
1791252500973609 21156648793 29 482 396 576774 0 0 40904 0 1212 0 5204 4198722 52 0 15000 0
1791252501474307 21157149491 29 482 476 674859 0 0 48728 0 1212 0 5204 4198817 52 0 15001 0
1791252501974727 21157649911 30 482 555 1027742 0 0 56448 0 1212 0 5204 4198914 52 0 15002 0
1791252502475115 21158150299 30 482 636 1122093 0 0 64168 0 1213 0 5204 4199009 52 0 15005 0
1791252502975422 21158650606 30 482 716 1257595 0 0 71844 0 1213 0 5204 4199105 52 0 15005 0
1791252503482349 21159157532 30 482 796 1451182 0 0 79564 0 1214 0 5206 4199196 52 0 15008 0
1791252503987271 21159662455 30 482 874 1635865 0 0 87156 0 1214 0 5207 4199294 52 0 15009 0
1791252504491199 21160166383 30 482 955 1799134 0 0 95108 0 1214 0 5207 4199391 52 0 15011 0
1791252504992250 21160667434 30 482 1035 2228098 0 0 102828 0 1215 0 5207 4199484 52 0 15014 0
1791252505493444 21161168627 31 482 1115 2420748 0 0 110420 0 1215 0 5208 4199577 52 0 15015 0
1791252505993966 21161669150 31 482 1193 2581815 0 0 118140 0 1215 0 5208 4199672 52 0 15017 0
1791252506494340 21162169523 31 482 1273 2806764 0 0 125836 0 1215 0 5211 4199763 53 0 15020 0
1791252506995306 21162670488 31 482 1493 3713753 0 576 238270 0 1216 0 5212 4199856 53 0 15025 0
1791252507497753 21163172937 31 482 1717 5318319 0 576 392542 0 1218 0 5212 4199944 53 0 15031 0
1791252507998677 21163673860 31 482 1955 6258613 0 576 563926 0 1218 0 5212 4200041 53 0 15033 0
1791252508502705 21164177888 31 482 2189 7248378 0 576 735182 0 1218 0 5212 4200138 53 0 15033 0
1791252509004051 21164679235 31 482 2417 7927752 0 576 895758 0 1218 0 5213 4200235 53 0 15034 0
1791252509508683 21165183867 32 482 2628 8355406 0 576 1025454 0 1218 0 5213 4200332 53 0 15037 0
1791252510009568 21165684752 32 482 2822 8798874 0 576 1150518 0 1218 0 5213 4200427 53 0 15039 0
1791252510511814 21166186998 32 482 3026 9603219 0 576 1287806 0 1218 0 5214 4200523 53 0 15041 0
1791252511012817 21166688001 32 482 3244 10466170 0 576 1439118 0 1218 0 5214 4200618 53 0 15046 0
1791252511514856 21167190040 32 482 3478 11347591 0 576 1605974 0 1218 0 5214 4200715 53 0 15047 0
1791252512015457 21167690641 32 482 3717 12073550 0 576 1788166 0 1218 0 5214 4200811 53 0 15051 0
1791252512516294 21168191478 32 482 3942 12829296 0 576 1942438 0 1219 0 5215 4200908 53 0 15051 0
1791252513018282 21168693465 32 482 4143 13809777 0 576 2058238 0 1219 0 5215 4201003 53 0 15052 0
1791252513520898 21169196081 32 482 4332 14421582 0 576 2172494 0 1221 0 5215 4201095 53 0 15056 0
1791252514021220 21169696404 32 482 4529 15058926 0 576 2298974 0 1221 0 5215 4201192 53 0 15058 0
1791252514521877 21170197061 32 482 4741 16054751 0 576 2437934 0 1221 0 5215 4201290 53 0 15060 0
1791252515024322 21170699505 32 482 4968 17222491 0 576 2590662 0 1221 0 5215 4201382 53 0 15065 0
1791252515527716 21171202900 32 482 5205 18126883 0 576 2760502 0 1221 0 5216 4201479 53 0 15066 0
1791252516032337 21171707521 32 482 5443 18671524 0 576 2928798 0 1221 0 5216 4201575 53 0 15069 0
1791252516533969 21172209152 32 482 5674 19433586 0 576 3090790 0 1221 0 5216 4201666 53 0 15075 0
1791252517036830 21172712014 33 482 5902 20401987 0 576 3242334 0 1221 0 5217 4201761 53 0 15079 0
1791252517538086 21173213270 33 482 6103 22017976 0 576 3371670 0 1221 0 5217 4201855 53 0 15084 0
1791252518041957 21173717141 33 482 6312 22821987 0 576 3512406 0 1221 0 5217 4201949 53 0 15087 0
1791252518544249 21174219433 33 482 6533 23563173 0 576 3666678 0 1221 0 5218 4202046 53 0 15087 0
1791252519044532 21174719716 33 482 6770 25140827 0 576 3834974 0 1221 0 5218 4202142 53 0 15089 0
1791252519545383 21175220567 33 482 7004 25940237 0 576 4015622 0 1221 0 5218 4202238 53 0 15090 0
1791252520052298 21175727482 33 482 7228 26415726 0 576 4163718 0 1221 0 5218 4202333 53 0 15093 0
1791252520553322 21176228505 34 482 7415 26822410 0 576 4273342 0 1222 0 5219 4202426 53 0 15097 0
1791252521057551 21176732734 34 482 7613 27269539 0 576 4386414 0 1222 0 5219 4202518 53 0 15102 0
1791252521558815 21177233998 34 482 7812 27758825 0 576 4506718 0 1222 0 5219 4202613 53 0 15106 0
1791252522062067 21177737251 34 482 7943 27980209 0 960 4544954 0 1222 0 5219 4202710 53 0 15107 0
1791252522562510 21178237694 34 482 8022 28068093 0 960 4552546 0 1222 0 5220 4202801 53 0 15110 0
1791252523063948 21178739132 34 482 8101 28162592 0 960 4560266 0 1222 0 5220 4202897 53 0 15110 0
1791252523564778 21179239961 34 482 8180 28245574 0 960 4567858 0 1222 0 5220 4202994 53 0 15111 0
1791252524065061 21179740245 34 482 8260 28354563 0 960 4575578 0 1222 0 5220 4203093 53 0 15111 0
1791252524566583 21180241766 35 482 8339 28451353 0 960 4583298 0 1222 0 5220 4203187 53 0 15112 0
1791252525066847 21180742030 35 482 8848 29443068 0 21636 4613086 0 1222 0 5223 4203277 53 0 15119 0
1791252525567709 21181242893 35 482 10016 32312263 0 66276 4665446 0 1222 0 5225 4203365 53 0 15129 0
1791252526069970 21181745153 35 482 11017 34570921 0 99060 4705822 0 1223 0 5227 4203454 53 0 15136 0
1791252526571644 21182246827 36 482 11961 36987614 0 129600 4744314 0 1223 0 5227 4203548 53 0 15141 0
1791252527072956 21182748139 36 482 13149 40632217 0 183092 4805398 0 1223 0 5227 4203638 53 0 15150 0
1791252527573836 21183249020 36 482 14297 44193600 0 234848 4864642 0 1223 0 5229 4203729 53 0 15154 0
1791252528074195 21183749379 36 482 15349 46699760 0 273860 4911478 0 1223 0 5229 4203816 53 0 15167 0
1791252528575073 21184250256 36 482 16411 49167340 0 312824 4958162 0 1223 0 5229 4203906 53 0 15177 0
1791252529076000 21184751183 36 482 17442 52549841 0 349496 5002554 0 1224 0 5230 4203994 53 0 15187 0
1791252529577879 21185253062 37 482 18484 55694172 0 387104 5047882 0 1224 0 5230 4204087 53 0 15195 0
1791252530082243 21185757427 37 482 19580 57967591 0 427300 5095670 0 1224 0 5230 4204184 53 0 15198 0
1791252530582692 21186257876 37 482 20627 60757551 0 469264 5145354 0 1224 0 5230 4204277 53 0 15204 0
1791252531083302 21186758486 37 482 21681 64352448 0 508108 5191790 0 1224 0 5232 4204370 53 0 15209 0
1791252531587050 21187262234 37 482 22766 66262793 0 547756 5239158 0 1224 0 5233 4204459 53 0 15220 0
1791252532087727 21187762910 37 482 23820 68614573 0 585808 5284930 0 1224 0 5235 4204552 53 0 15225 0
1791252532588605 21188263788 37 482 24847 71972274 0 621040 5327882 0 1224 0 5238 4204640 53 0 15235 0
1791252533094892 21188770076 37 482 25889 76068769 0 657736 5372402 0 1225 0 5239 4204727 53 0 15246 0
1791252533595561 21189270742 38 482 26876 80703257 0 690472 5412858 0 1226 0 5240 4204812 53 0 15260 0
1791252534101395 21189776577 39 482 27910 84787824 0 726268 5456246 0 1226 0 5243 4204892 53 0 15277 0
1791252534603381 21190278564 39 482 28978 90763051 0 770768 5508466 0 1227 0 5245 4204975 53 0 15292 0
1791252535104751 21190779935 39 482 29933 94548220 0 806348 5551638 0 1228 0 5246 4205057 53 0 15308 0
1791252535607620 21191282803 40 482 30910 97814471 0 840596 5593606 0 1229 0 5247 4205144 53 0 15319 0
1791252536113973 21191789156 40 482 31902 102120399 0 874604 5635438 0 1229 0 5249 4205229 53 0 15333 0
1791252536614911 21192290094 40 482 32937 104932550 0 911900 5680454 0 1231 0 5253 4205312 53 0 15343 0
1791252537163997 21192839180 40 482 34059 109907742 0 949820 5726558 0 1232 0 5255 4205401 53 0 15361 0
1791252537664409 21193339592 40 482 35016 113823111 0 980504 5765090 0 1232 0 5256 4205490 53 0 15371 0
1791252538170550 21193845734 40 482 36028 116847824 0 1015256 5807562 0 1232 0 5257 4205584 53 0 15376 0
1791252538673481 21194348665 41 482 37146 119048522 0 1057208 5857338 0 1232 0 5259 4205677 53 0 15379 0
1791252539174788 21194849971 41 482 38160 122273745 0 1094868 5902718 0 1232 0 5260 4205767 53 0 15389 0
1791252539678302 21195353486 41 482 39182 126433862 0 1131660 5947102 0 1233 0 5261 4205855 53 0 15400 0
1791252540180763 21195855947 41 482 40218 129076908 0 1168392 5991554 0 1233 0 5261 4205943 53 0 15409 0
1791252540681411 21196356595 41 482 41201 132030554 0 1202856 6033610 0 1233 0 5262 4206028 53 0 15421 0
1791252541183031 21196858215 42 482 42268 134272992 0 1241172 6079646 0 1233 0 5264 4206117 53 0 15431 0
1791252541687180 21197362363 42 482 43286 136632922 0 1275828 6122022 0 1233 0 5264 4206210 53 0 15439 0
1791252542188621 21197863804 42 482 44391 138700137 0 1317728 6171514 0 1233 0 5265 4206304 53 0 15443 0
1791252542689199 21198364382 42 482 45451 141797762 0 1357068 6218574 0 1233 0 5265 4206396 53 0 15449 0
1791252543190658 21198865841 42 482 46539 144492393 0 1396860 6266190 0 1233 0 5265 4206489 53 0 15457 0
1791252543695480 21199370664 42 482 47538 149368373 0 1432128 6309178 0 1233 0 5266 4206580 53 0 15465 0
1791252544199688 21199874871 42 482 48520 153967100 0 1465656 6350426 0 1233 0 5269 4206658 53 0 15483 0
1791252544702829 21200378013 43 482 49528 158994009 0 1499556 6391918 0 1233 0 5271 4206740 53 0 15496 0
1791252545203858 21200879042 43 482 50279 161187567 0 1517988 6427115 0 1235 0 5271 4206832 53 0 15500 0
1791252545704076 21201379260 43 482 50358 161311542 0 1517988 6434835 0 1235 0 5272 4206929 53 0 15500 0
1791252546206930 21201882114 43 482 50437 162305596 0 1517988 6442427 0 1235 0 5272 4207020 53 0 15505 0
1791252546707278 21202382462 43 482 50516 162377521 0 1517988 6450147 0 1235 0 5273 4207113 53 0 15505 0
1791252547210163 21202885346 43 482 50595 162807925 0 1517988 6457739 0 1235 0 5273 4207210 53 0 15507 0
1791252547711312 21203386495 43 482 50677 162967456 0 1517988 6465691 0 1235 0 5273 4207307 53 0 15509 0
1791252548212325 21203887509 43 482 50816 163464949 0 1519140 6490408 0 1235 0 5277 4207398 53 0 15512 0
1791252548713225 21204388409 44 482 51812 165974776 0 1554024 6604041 0 1235 0 5279 4207488 53 0 15520 0
1791252549215211 21204890395 44 482 52805 167538456 0 1585416 6695649 0 1235 0 5279 4207585 53 0 15523 0
1791252549718151 21205393335 44 482 53843 170101292 0 1618552 6801457 0 1235 0 5280 4207680 53 0 15527 0
1791252550219888 21205895071 44 482 54875 172097946 0 1664244 6919485 0 1235 0 5280 4207774 53 0 15532 0
1791252550721839 21206397023 44 482 56052 173883704 0 1717752 7050425 0 1235 0 5281 4207865 53 0 15539 0
1791252551223694 21206898877 44 482 57065 175899507 0 1756532 7184805 0 1235 0 5282 4207960 53 0 15542 0
1791252551725971 21207401155 45 482 57959 178194857 0 1781768 7344369 0 1235 0 5284 4208058 53 0 15544 0
1791252552226884 21207902067 45 482 59007 180124370 0 1813120 7519313 0 1235 0 5285 4208146 53 0 15554 0
1791252552728308 21208403492 45 482 59774 182269959 0 1834672 7682913 0 1235 0 5285 4208244 53 0 15557 0
1791252553230669 21208905853 45 482 60518 184144547 0 1854436 7835333 0 1235 0 5285 4208338 53 0 15562 0
1791252553732293 21209407476 45 482 61523 187046427 0 1882336 7966681 0 1235 0 5287 4208424 53 0 15574 0
1791252554233200 21209908384 45 482 62592 189067000 0 1913980 8093925 0 1235 0 5287 4208516 53 0 15582 0
1791252554734945 21210410129 45 482 63700 192176606 0 1947388 8243133 0 1236 0 5287 4208609 53 0 15588 0
1791252555236573 21210911757 45 482 64897 194295474 0 1988936 8408305 0 1236 0 5288 4208702 53 0 15594 0
1791252555738466 21211413650 45 482 65960 196831991 0 2023784 8572849 0 1236 0 5289 4208796 53 0 15598 0
1791252556242970 21211918153 45 482 67015 200334440 0 2058944 8736161 0 1236 0 5289 4208885 53 0 15609 0
1791252556745330 21212420514 45 482 67880 202024419 0 2086784 8899745 0 1236 0 5290 4208979 53 0 15612 0
1791252557249495 21212924679 46 482 68729 203495546 0 2111660 9048141 0 1236 0 5290 4209072 53 0 15618 0
1791252557752046 21213427230 47 482 69857 206402333 0 2146328 9180081 0 1236 0 5291 4209161 53 0 15626 0
1791252558255399 21213930583 47 482 70977 208468222 0 2181860 9325469 0 1236 0 5291 4209250 53 0 15637 0
1791252558757351 21214432534 47 482 72092 210411518 0 2216420 9486637 0 1236 0 5292 4209346 53 0 15641 0
1791252559258264 21214933448 47 482 73257 212556239 0 2253476 9653261 0 1236 0 5293 4209433 53 0 15650 0
1791252559759612 21215434796 47 482 74257 214824133 0 2288112 9820449 0 1236 0 5295 4209523 53 0 15655 0
1791252560260819 21215936003 47 482 75146 216509409 0 2315664 9973297 0 1236 0 5295 4209617 53 0 15661 0
1791252560763465 21216438649 47 482 76293 218892797 0 2354200 10107433 0 1237 0 5297 4209705 53 0 15668 0
1791252561266892 21216942076 48 482 77399 221429720 0 2389156 10245837 0 1237 0 5297 4209796 53 0 15678 0
1791252561767302 21217442485 48 482 78531 224161297 0 2424868 10403525 0 1237 0 5298 4209890 53 0 15682 0
1791252562270092 21217945276 48 482 79681 226628918 0 2460964 10578453 0 1237 0 5300 4209984 53 0 15686 0
1791252562770248 21218445431 48 482 80628 229235356 0 2492420 10748869 0 1237 0 5300 4210077 53 0 15690 0
1791252563274995 21218950178 48 482 81527 232623092 0 2520992 10886937 0 1237 0 5301 4210164 53 0 15701 0
1791252563776142 21219451325 49 482 82586 236558251 0 2553152 10993441 0 1237 0 5305 4210247 53 0 15715 0
1791252564283060 21219958243 49 482 83704 240946003 0 2588912 11112449 0 1238 0 5306 4210331 53 0 15730 0
1791252564785917 21220461099 49 482 84784 244950696 0 2622792 11229705 0 1238 0 5308 4210418 53 0 15742 0
1791252565287472 21220962656 50 482 85874 250543967 0 2659276 11371181 0 1239 0 5312 4210501 53 0 15753 0
1791252565797456 21221472640 50 482 86958 253446944 0 2694004 11530845 0 1239 0 5314 4210591 53 0 15762 0
1791252566302560 21221977744 50 482 88079 257655265 0 2728468 11706045 0 1240 0 5315 4210674 53 0 15777 0
1791252566806341 21222481524 50 482 88843 260543498 0 2750860 11875117 0 1241 0 5315 4210763 53 0 15787 0
1791252567308839 21222984023 50 482 89571 263018488 0 2770216 12016321 0 1242 0 5317 4210852 53 0 15795 0
1791252567813260 21223488444 51 482 90635 266836519 0 2801608 12138809 0 1242 0 5320 4210935 53 0 15809 0
1791252568318678 21223993861 51 482 91713 270676856 0 2834632 12275513 0 1242 0 5320 4211025 53 0 15819 0
1791252568823191 21224498375 51 482 92797 273910676 0 2867752 12425849 0 1242 0 5320 4211117 53 0 15828 0
1791252569324408 21224999592 51 482 93909 276258740 0 2900968 12590305 0 1242 0 5321 4211209 53 0 15834 0
1791252569827662 21225502846 51 482 95021 278930817 0 2938740 12773085 0 1242 0 5322 4211298 53 0 15845 0
1791252570332480 21226007664 52 482 95983 280714636 0 2974704 12920217 0 1242 0 5322 4211394 53 0 15850 0
1791252570834654 21226509837 52 482 97073 282584982 0 3013556 13053485 0 1242 0 5322 4211487 53 0 15857 0
1791252571335786 21227010970 52 482 97999 284671157 0 3044948 13191285 0 1242 0 5322 4211585 53 0 15861 0
1791252571842696 21227517880 52 482 98996 286647267 0 3075476 13348421 0 1242 0 5323 4211674 53 0 15868 0
1791252572343018 21228018202 52 482 100080 289071180 0 3109028 13517845 0 1242 0 5323 4211764 53 0 15878 0
1791252572844166 21228519350 52 482 101122 291301344 0 3142748 13684221 0 1242 0 5323 4211854 53 0 15888 0
1791252573345055 21229020239 52 482 101966 293567750 0 3167288 13822016 0 1242 0 5324 4211946 53 0 15894 0
1791252573845225 21229520409 52 482 102217 293812258 0 3168632 13838274 0 1242 0 5324 4212042 53 0 15897 0
1791252574348640 21230023824 52 482 102297 293909551 0 3168632 13846122 0 1242 0 5324 4212139 53 0 15899 0
1791252574852757 21230527941 53 482 102377 293999682 0 3168632 13853946 0 1242 0 5325 4212231 53 0 15900 0
1791252575354020 21231029204 53 482 102456 294225904 0 3168632 13861666 0 1242 0 5326 4212326 53 0 15901 0
1791252575857559 21231532743 53 482 102537 294310357 0 3168632 13869386 0 1242 0 5326 4212422 53 0 15901 0
1791252576359280 21232034464 53 482 102615 294399607 0 3168632 13876978 0 1242 0 5326 4212518 53 0 15902 0
1791252576861583 21232536767 53 482 102695 294485380 0 3168632 13884698 0 1242 0 5326 4212612 53 0 15903 0
1791252577363325 21233038508 53 482 102774 294572262 0 3168632 13892290 0 1242 0 5327 4212709 53 0 15904 0
1791252577864363 21233539547 53 482 102854 294665080 0 3168632 13900010 0 1242 0 5327 4212796 53 0 15907 0
1791252578366181 21234041365 53 482 102933 294747611 0 3168632 13907730 0 1242 0 5327 4212889 53 0 15909 0
1791252578867543 21234542727 53 482 103012 294841348 0 3168632 13915322 0 1242 0 5327 4212984 53 0 15910 0
1791252579371999 21235047183 53 482 103092 294929847 0 3168632 13923042 0 1243 0 5327 4213078 53 0 15910 0
1791252579874549 21235549733 53 482 103174 295036582 0 3168632 13930994 0 1243 0 5327 4213169 53 0 15914 0
1791252580375207 21236050391 53 482 103252 295280704 0 3168632 13938586 0 1244 0 5328 4213265 53 0 15915 0
1791252580875915 21236551099 54 482 103332 295373031 0 3168632 13946306 0 1244 0 5328 4213357 53 0 15915 0
1791252581376452 21237051635 54 482 103412 295458357 0 3168632 13954026 0 1246 0 5329 4213450 53 0 15916 0
1791252581381700 21237056883 54 482 103412 295458357 0 3168632 13954026 0 1246 0 5329 4213450 53 0 15916 0
