# hz=100 page_bytes=4096 possible_cpus=2
# program_id=132 jit_bytes=8483 xlated_bytes=4776
# pos:	0
# flags:	02000002
# mnt_id:	10
# ino:	26
# prog_type:	1
# prog_jited:	1
# prog_tag:	1a92932acb008231
# memlock:	8192
# prog_id:	132
# run_time_ns:	0
# run_cnt:	0
# recursion_misses:	0
# verified_insns:	199283
# map=counters type=6 key=4 value=32 max_entries=1
# pos:	0
# flags:	02000002
# mnt_id:	10
# ino:	26
# map_type:	6
# key_size:	4
# value_size:	32
# max_entries:	1
# map_flags:	0x0
# map_extra:	0x0
# memlock:	268
# map_id:	164
# frozen:	0
# map=accounting type=2 key=4 value=24 max_entries=1
# pos:	0
# flags:	02000002
# mnt_id:	10
# ino:	26
# map_type:	2
# key_size:	4
# value_size:	24
# max_entries:	1
# map_flags:	0x0
# map_extra:	0x0
# memlock:	224
# map_id:	165
# frozen:	0
# map=flows type=9 key=36 value=32 max_entries=1024
# pos:	0
# flags:	02000002
# mnt_id:	10
# ino:	26
# map_type:	9
# key_size:	36
# value_size:	32
# max_entries:	1024
# map_flags:	0x0
# map_extra:	0x0
# memlock:	107456
# map_id:	162
# frozen:	0
# map=departures type=9 key=40 value=8 max_entries=8192
# pos:	0
# flags:	02000002
# mnt_id:	10
# ino:	26
# map_type:	9
# key_size:	40
# value_size:	8
# max_entries:	8192
# map_flags:	0x0
# map_extra:	0x0
# memlock:	656320
# map_id:	161
# frozen:	0
# map=samples type=27 key=0 value=0 max_entries=262144
# pos:	0
# flags:	02000002
# mnt_id:	10
# ino:	26
# map_type:	27
# key_size:	0
# value_size:	0
# max_entries:	262144
# map_flags:	0x0
# map_extra:	0x0
# memlock:	275148
# map_id:	163
# frozen:	0
realtime_us monotonic_us daemon_ticks rss_pages runs runtime_ns ring_full ack_bytes upload_bytes unaccounted host_user host_nice host_system host_idle host_iowait host_irq host_softirq host_steal
1791337199268989 62726850897 38 468 0 0 0 0 2304 0 3266 0 13804 12466905 69 0 37967 0
1791337199774470 62727356378 38 468 79 337005 0 0 9896 0 3266 0 13805 12466997 69 0 37968 0
1791337200275841 62727857749 38 468 159 558940 0 0 17848 0 3266 0 13805 12467090 69 0 37972 0
1791337200778407 62728360315 40 468 237 763674 0 0 25208 0 3266 0 13805 12467186 69 0 37973 0
1791337201279514 62728861423 40 468 318 997332 0 0 33160 0 3266 0 13805 12467287 69 0 37973 0
1791337201784432 62729366340 40 468 397 1215366 0 0 40752 0 3266 0 13806 12467379 69 0 37977 0
1791337202287909 62729869817 40 468 477 1436078 0 0 48472 0 3266 0 13807 12467475 69 0 37980 0
1791337202788609 62730370518 40 468 556 1636400 0 0 56192 0 3267 0 13808 12467563 69 0 37987 0
1791337203294573 62730876482 40 468 636 1836355 0 0 64016 0 3267 0 13808 12467656 69 0 37989 0
1791337203796710 62731378618 40 468 717 2040652 0 0 71820 0 3268 0 13808 12467750 69 0 37989 0
1791337204297522 62731879430 40 468 795 2232115 0 0 79180 0 3269 0 13808 12467845 69 0 37990 0
1791337204798635 62732380543 40 468 876 2352948 0 0 87132 0 3270 0 13809 12467937 69 0 37991 0
1791337205305232 62732887141 40 468 956 2475868 0 0 94852 0 3270 0 13809 12468032 69 0 37992 0
1791337205807529 62733389437 40 468 1035 2572481 0 0 102444 0 3270 0 13809 12468128 69 0 37993 0
1791337206307826 62733889734 41 468 1114 2716780 0 0 110164 0 3270 0 13812 12468222 69 0 37995 0
1791337206808391 62734390300 42 468 1193 2886434 0 0 117756 0 3270 0 13812 12468318 69 0 38000 0
1791337207315336 62734897245 42 468 1277 3209469 0 96 126041 0 3270 0 13812 12468412 69 0 38001 0
1791337207816214 62735398123 42 468 1488 4415419 0 576 244062 0 3272 0 13812 12468502 69 0 38004 0
1791337208318843 62735900752 42 468 1720 5585867 0 576 400238 0 3272 0 13813 12468593 69 0 38008 0
1791337208820091 62736401999 42 468 1961 6876341 0 576 571494 0 3272 0 13814 12468686 69 0 38013 0
1791337209328109 62736910017 42 468 2192 8316225 0 576 738246 0 3272 0 13817 12468775 69 0 38021 0
1791337209831633 62737413541 42 468 2424 9405584 0 576 901910 0 3272 0 13819 12468864 69 0 38026 0
1791337210333606 62737915514 42 468 2640 11595511 0 576 1045374 0 3274 0 13820 12468950 69 0 38033 0
1791337210836071 62738417980 42 468 2842 12239959 0 576 1176486 0 3274 0 13820 12469038 69 0 38039 0
1791337211340928 62738922837 42 468 3058 12878259 0 576 1323398 0 3274 0 13821 12469131 69 0 38042 0
1791337211846370 62739428278 42 468 3291 13796034 0 576 1483974 0 3274 0 13821 12469227 69 0 38043 0
1791337212348418 62739930326 43 468 3529 14574009 0 576 1659990 0 3274 0 13821 12469324 69 0 38045 0
1791337212851623 62740433531 43 468 3761 15150493 0 576 1829830 0 3275 0 13821 12469417 69 0 38049 0
1791337213352272 62740934181 43 468 3975 15694714 0 576 1961070 0 3275 0 13821 12469509 69 0 38054 0
1791337213854590 62741436499 43 468 4164 16115815 0 576 2082918 0 3275 0 13822 12469601 69 0 38060 0
1791337214355158 62741937067 43 468 4366 16757510 0 576 2217246 0 3276 0 13823 12469695 69 0 38062 0
1791337214856196 62742438105 43 468 4582 17332826 0 576 2365574 0 3276 0 13823 12469792 69 0 38064 0
1791337215357100 62742939009 43 468 4817 18075533 0 576 2529238 0 3276 0 13824 12469888 69 0 38067 0
1791337215857512 62743439420 44 468 5056 18953019 0 576 2708110 0 3278 0 13825 12469980 69 0 38072 0
1791337216362676 62743944585 44 468 5278 20996318 0 576 2865702 0 3279 0 13825 12470073 69 0 38076 0
1791337216864449 62744446357 44 468 5486 22128552 0 576 2993854 0 3280 0 13828 12470164 69 0 38081 0
1791337217366408 62744948317 44 468 5681 23470674 0 576 3120462 0 3281 0 13828 12470254 69 0 38086 0
1791337217870324 62745452233 45 468 5889 24632999 0 576 3262382 0 3281 0 13829 12470352 69 0 38087 0
1791337218370625 62745952533 45 468 6096 25851151 0 576 3405846 0 3281 0 13829 12470433 69 0 38089 0
1791337218872515 62746454423 45 468 6329 27427086 0 576 3577230 0 3281 0 13829 12470524 69 0 38095 0
1791337219376866 62746958774 45 468 6566 28902919 0 576 3753246 0 3281 0 13829 12470619 69 0 38098 0
1791337219878983 62747460892 45 468 6781 29734745 0 576 3890766 0 3283 0 13829 12470717 69 0 38099 0
1791337220379749 62747961658 46 468 6969 31046458 0 576 3995758 0 3283 0 13830 12470815 69 0 38099 0
1791337220884549 62748466457 46 468 7163 32572050 0 576 4112974 0 3283 0 13831 12470909 69 0 38101 0
1791337221387232 62748969140 46 468 7363 34466819 0 576 4241126 0 3283 0 13833 12471001 69 0 38105 0
1791337221891809 62749473717 46 468 7574 38760054 0 576 4384718 0 3284 0 13834 12471091 69 0 38113 0
1791337222397567 62749979476 47 468 7804 40228703 0 576 4543750 0 3284 0 13834 12471186 69 0 38118 0
1791337222899588 62750481496 47 468 7927 40539660 0 864 4574274 0 3285 0 13834 12471285 69 0 38118 0
1791337223406403 62750988312 47 468 8005 40908570 0 864 4581994 0 3285 0 13834 12471378 69 0 38119 0
1791337223907366 62751489274 47 468 8085 41074017 0 864 4589586 0 3285 0 13834 12471472 69 0 38120 0
1791337224408062 62751989970 47 468 8164 41246308 0 864 4597306 0 3285 0 13835 12471565 69 0 38122 0
1791337224909594 62752491502 47 468 8244 41424308 0 864 4605026 0 3285 0 13836 12471661 69 0 38123 0
1791337225410056 62752991964 47 468 8323 41600320 0 864 4612618 0 3285 0 13836 12471757 69 0 38123 0
1791337225914407 62753496315 48 468 8956 43848464 0 26688 4647682 0 3285 0 13838 12471849 69 0 38129 0
1791337226420152 62754002061 48 468 9980 48715025 0 61476 4690294 0 3285 0 13841 12471931 69 0 38146 0
1791337226922926 62754504834 48 468 10924 51670525 0 91656 4728194 0 3285 0 13842 12472017 69 0 38158 0
1791337227427702 62755009610 48 468 11895 56409121 0 123048 4767178 0 3285 0 13842 12472108 69 0 38167 0
1791337227929108 62755511017 48 468 12815 60063865 0 152004 4803854 0 3285 0 13843 12472200 69 0 38176 0
1791337228430385 62756012293 48 468 13745 63065454 0 190400 4849970 0 3285 0 13843 12472292 69 0 38183 0
1791337228933190 62756515098 49 468 14602 65547368 0 229516 4896678 0 3285 0 13843 12472381 69 0 38190 0
1791337229436462 62757018371 49 468 15504 68959026 0 266756 4941870 0 3287 0 13844 12472467 69 0 38202 0
1791337229937262 62757519170 49 468 16504 71334920 0 309628 4992102 0 3287 0 13846 12472558 69 0 38208 0
1791337230440841 62758022750 49 468 17529 74054837 0 352508 5042934 0 3288 0 13846 12472652 69 0 38213 0
1791337230947214 62758529123 49 468 18433 76523660 0 385128 5083274 0 3288 0 13846 12472743 69 0 38222 0
1791337231447646 62759029554 49 468 19393 79331992 0 417976 5123842 0 3288 0 13846 12472836 69 0 38227 0
1791337231949890 62759531798 50 468 20381 81426808 0 451236 5164822 0 3289 0 13846 12472925 69 0 38237 0
1791337232451752 62760033661 50 468 21369 86126898 0 484260 5205566 0 3290 0 13849 12473013 69 0 38243 0
1791337232956258 62760538167 50 468 22382 89268775 0 518724 5247854 0 3290 0 13851 12473100 69 0 38253 0
1791337233461439 62761043348 50 468 23458 92883974 0 559176 5296026 0 3290 0 13851 12473186 69 0 38269 0
1791337233964783 62761546692 50 468 24544 95604245 0 599592 5344034 0 3290 0 13853 12473277 69 0 38275 0
1791337234467386 62762049294 51 468 25596 101381624 0 637464 5389626 0 3290 0 13854 12473365 69 0 38285 0
1791337234972555 62762554463 51 468 26759 105103783 0 683376 5443258 0 3290 0 13854 12473457 69 0 38294 0
1791337235476750 62763058659 51 468 27726 110337682 0 718504 5485978 0 3292 0 13856 12473540 69 0 38308 0
1791337235982191 62763564099 51 468 28641 113883019 0 749728 5525154 0 3292 0 13857 12473633 69 0 38316 0
1791337236484266 62764066175 51 468 29579 117286175 0 780364 5563382 0 3294 0 13860 12473719 69 0 38322 0
1791337236986991 62764568899 51 468 30565 119593153 0 813328 5604066 0 3294 0 13861 12473808 69 0 38331 0
1791337237489181 62765071090 51 468 31577 121925665 0 848752 5647210 0 3294 0 13864 12473899 69 0 38338 0
1791337237991705 62765573614 53 468 32588 124905149 0 884368 5690546 0 3294 0 13865 12473981 69 0 38352 0
1791337238493685 62766075594 53 468 33595 129557214 0 918340 5732110 0 3295 0 13867 12474066 69 0 38365 0
1791337238996441 62766578349 53 468 34613 133761990 0 952420 5774142 0 3295 0 13869 12474150 69 0 38379 0
1791337239502334 62767084242 53 468 35598 138733974 0 984580 5813894 0 3295 0 13870 12474234 69 0 38396 0
1791337240003230 62767585138 54 468 36565 147492017 0 1017696 5854602 0 3296 0 13870 12474309 69 0 38415 0
1791337240507116 62768089024 54 468 37532 151409193 0 1057664 5902290 0 3296 0 13874 12474397 69 0 38424 0
1791337241008937 62768590846 54 468 38466 155004806 0 1089824 5942042 0 3296 0 13878 12474481 69 0 38436 0
1791337241509136 62769091045 54 468 39464 160522692 0 1123424 5983362 0 3296 0 13880 12474566 69 0 38449 0
1791337242009419 62769591328 54 468 40456 165195406 0 1157888 6025418 0 3296 0 13882 12474649 69 0 38461 0
1791337242509994 62770091902 55 468 41475 168918342 0 1191380 6066630 0 3296 0 13885 12474727 69 0 38481 0
1791337243012395 62770594303 55 468 42503 172053117 0 1226804 6109646 0 3296 0 13886 12474820 69 0 38487 0
1791337243517408 62771099317 55 468 43469 174185155 0 1260404 6150966 0 3296 0 13888 12474906 69 0 38496 0
1791337244018373 62771600282 55 468 44515 177462507 0 1303960 6202346 0 3297 0 13888 12474995 69 0 38503 0
1791337244523037 62772104946 55 468 45429 179952653 0 1337848 6243954 0 3297 0 13888 12475088 69 0 38508 0
1791337245026803 62772608712 55 468 46365 181887846 0 1371808 6285634 0 3297 0 13890 12475183 69 0 38509 0
1791337245528614 62773110522 56 468 47346 184703905 0 1406332 6327750 0 3298 0 13892 12475268 69 0 38521 0
1791337246029802 62773611711 56 468 47992 186227313 0 1423036 6360041 0 3298 0 13892 12475360 69 0 38525 0
1791337246533747 62774115655 56 468 48070 186323308 0 1423036 6367633 0 3298 0 13893 12475453 69 0 38527 0
1791337247037615 62774619524 56 468 48151 186430062 0 1423036 6375585 0 3298 0 13893 12475545 69 0 38529 0
1791337247543838 62775125746 56 468 48232 186578458 0 1423036 6383433 0 3298 0 13893 12475641 69 0 38532 0
1791337248044525 62775626433 56 468 48312 186675837 0 1423036 6391153 0 3298 0 13894 12475735 69 0 38533 0
1791337248545537 62776127445 56 468 48391 186862434 0 1423036 6398745 0 3298 0 13894 12475830 69 0 38534 0
1791337249046259 62776628167 56 468 48619 188003729 0 1426468 6446051 0 3299 0 13894 12475920 69 0 38539 0
1791337249551382 62777133290 57 468 49611 191067141 0 1464868 6553931 0 3299 0 13894 12476010 69 0 38550 0
1791337250057033 62777638942 57 468 50623 195894845 0 1492604 6643427 0 3299 0 13894 12476098 69 0 38561 0
1791337250559441 62778141349 57 468 51677 200720236 0 1529524 6759091 0 3299 0 13894 12476189 69 0 38572 0
1791337251060900 62778642808 58 468 52758 205948070 0 1570204 6887651 0 3299 0 13897 12476271 69 0 38585 0
1791337251569624 62779151533 59 468 53914 211030163 0 1612296 7033423 0 3300 0 13897 12476349 69 0 38608 0
1791337252070525 62779652433 59 468 55108 218197448 0 1654412 7192755 0 3300 0 13899 12476432 69 0 38621 0
1791337252572197 62780154106 60 468 56199 222518727 0 1684964 7360723 0 3303 0 13901 12476511 69 0 38635 0
1791337253073097 62780655005 60 468 57211 225164898 0 1716644 7528147 0 3303 0 13903 12476599 69 0 38644 0
1791337253574293 62781156201 60 468 58075 228462206 0 1743860 7686603 0 3303 0 13905 12476688 69 0 38652 0
1791337254077936 62781659844 60 468 59148 231947691 0 1776872 7804407 0 3303 0 13905 12476779 69 0 38660 0
1791337254581468 62782163376 61 468 60209 236734845 0 1809512 7929919 0 3303 0 13906 12476867 69 0 38672 0
1791337255082891 62782664799 61 468 61281 241801964 0 1842116 8068699 0 3303 0 13908 12476954 69 0 38682 0
1791337255588834 62783170742 62 468 62431 248065926 0 1879664 8223823 0 3305 0 13911 12477040 69 0 38693 0
1791337256089609 62783671517 62 468 63553 253601055 0 1914452 8392811 0 3305 0 13913 12477118 69 0 38707 0
1791337256596889 62784178798 62 468 64660 257712769 0 1949408 8559007 0 3307 0 13915 12477198 69 0 38722 0
1791337257097140 62784679048 62 468 65592 261338669 0 1977980 8718691 0 3307 0 13918 12477288 69 0 38729 0
1791337257599006 62785180914 63 468 66513 266132365 0 2005436 8879163 0 3308 0 13920 12477375 69 0 38739 0
1791337258099787 62785681695 64 468 67561 270128875 0 2037980 9010395 0 3308 0 13920 12477458 69 0 38753 0
1791337258605763 62786187672 64 468 68668 273804501 0 2072732 9134699 0 3308 0 13920 12477544 69 0 38765 0
1791337259107208 62786689117 64 468 69857 276210071 0 2118136 9268111 0 3308 0 13920 12477637 69 0 38771 0
1791337259608720 62787190629 64 468 70942 279707931 0 2153680 9423959 0 3308 0 13921 12477729 69 0 38778 0
1791337260108972 62787690880 64 468 72032 281748114 0 2188024 9597263 0 3308 0 13922 12477816 69 0 38787 0
1791337260616587 62788198495 64 468 72911 284054746 0 2215516 9762171 0 3308 0 13924 12477911 69 0 38789 0
1791337261117012 62788698920 65 468 73638 286627258 0 2236348 9920291 0 3308 0 13925 12477993 69 0 38802 0
1791337261617912 62789199821 65 468 74328 288618443 0 2255344 10070399 0 3308 0 13929 12478080 69 0 38810 0
1791337262123734 62789705642 65 468 75328 291253459 0 2285488 10208855 0 3308 0 13929 12478171 69 0 38817 0
1791337262625882 62790207791 66 468 76444 293342934 0 2321968 10348783 0 3308 0 13929 12478264 69 0 38822 0
1791337263126106 62790708014 66 468 77584 296486805 0 2358064 10508271 0 3308 0 13932 12478356 69 0 38825 0
1791337263627746 62791209654 66 468 78764 299448544 0 2396272 10690071 0 3308 0 13933 12478450 69 0 38830 0
1791337264132254 62791714162 66 468 79713 301536046 0 2425840 10853967 0 3308 0 13934 12478541 69 0 38839 0
1791337264633145 62792215054 66 468 80750 306208527 0 2457232 10980959 0 3310 0 13939 12478624 69 0 38849 0
1791337265133928 62792715836 67 468 81798 309916087 0 2489968 11093983 0 3310 0 13940 12478703 69 0 38868 0
1791337265635792 62793217700 67 468 82913 314491867 0 2532116 11219379 0 3310 0 13941 12478792 69 0 38877 0
1791337266137330 62793719239 67 468 83877 318776352 0 2563016 11359903 0 3310 0 13941 12478875 69 0 38894 0
1791337266644518 62794226427 67 468 84890 321340325 0 2592740 11514795 0 3311 0 13942 12478961 69 0 38904 0
1791337267145792 62794727701 67 468 86011 323577669 0 2628080 11678287 0 3311 0 13942 12479054 69 0 38912 0
1791337267646936 62795228844 67 468 87128 326597443 0 2663060 11850555 0 3311 0 13943 12479144 69 0 38920 0
1791337268148011 62795729919 68 468 88130 329433702 0 2693972 12006659 0 3311 0 13943 12479238 69 0 38926 0
1791337268649294 62796231203 68 468 88940 331827308 0 2717648 12172383 0 3312 0 13943 12479330 69 0 38932 0
1791337269154864 62796736772 68 468 89715 334050395 0 2740016 12315055 0 3313 0 13943 12479419 69 0 38941 0
1791337269656396 62797238304 68 468 90832 336390810 0 2774576 12432991 0 3313 0 13943 12479509 69 0 38950 0
1791337270157892 62797739801 68 468 91928 339592499 0 2809616 12565535 0 3313 0 13944 12479598 69 0 38959 0
1791337270661054 62798242963 68 468 93026 344628387 0 2844368 12692567 0 3314 0 13947 12479679 69 0 38974 0
1791337271163573 62798745481 68 468 94156 350284267 0 2880920 12832439 0 3314 0 13949 12479763 69 0 38988 0
1791337271668230 62799250139 69 468 95348 356091526 0 2919904 12998263 0 3314 0 13954 12479844 69 0 39002 0
1791337272169014 62799750923 69 468 96292 359396803 0 2952188 13166419 0 3315 0 13955 12479928 69 0 39014 0
1791337272677047 62800258955 69 468 97089 364281491 0 2975912 13333607 0 3315 0 13956 12480018 69 0 39024 0
1791337273182462 62800764370 69 468 97807 366398508 0 2997080 13484703 0 3315 0 13958 12480110 69 0 39031 0
1791337273684358 62801266266 69 468 98826 371102445 0 3028556 13610363 0 3316 0 13959 12480191 69 0 39047 0
1791337274186614 62801768522 70 468 99908 375754762 0 3058316 13711006 0 3316 0 13963 12480277 69 0 39056 0
1791337274687594 62802269502 71 468 99988 375935675 0 3058316 13718726 0 3316 0 13964 12480373 69 0 39056 0
1791337275191748 62802773656 71 468 100067 376030288 0 3058316 13726446 0 3316 0 13964 12480470 69 0 39056 0
1791337275694124 62803276033 71 468 100146 376152711 0 3058316 13734038 0 3316 0 13964 12480567 69 0 39056 0
1791337276195123 62803777032 71 468 100226 376267834 0 3058316 13741990 0 3316 0 13964 12480666 69 0 39056 0
1791337276697077 62804278985 71 468 100306 376350377 0 3058316 13749582 0 3316 0 13964 12480760 69 0 39057 0
1791337277201257 62804783165 71 468 100386 376485640 0 3058316 13757302 0 3316 0 13964 12480855 69 0 39058 0
1791337277701906 62805283815 71 468 100465 376589158 0 3058316 13765022 0 3316 0 13964 12480950 69 0 39058 0
1791337278204786 62805786695 71 468 100544 376679443 0 3058316 13772614 0 3316 0 13964 12481043 69 0 39060 0
1791337278705091 62806287000 71 468 100623 376779912 0 3058316 13780334 0 3316 0 13964 12481138 69 0 39061 0
1791337279206219 62806788127 71 468 100703 376880080 0 3058316 13788054 0 3317 0 13964 12481230 69 0 39066 0
1791337279707837 62807289745 71 468 100782 376983646 0 3058316 13795646 0 3317 0 13964 12481325 69 0 39068 0
1791337280208501 62807790409 71 468 100861 377085845 0 3058316 13803366 0 3317 0 13964 12481423 69 0 39069 0
1791337280713565 62808295473 71 468 100940 377275126 0 3058316 13810958 0 3317 0 13965 12481515 69 0 39070 0
1791337281213967 62808795876 71 468 101021 377476924 0 3058316 13818910 0 3317 0 13965 12481609 69 0 39072 0
1791337281714705 62809296614 71 468 101099 377650185 0 3058316 13826398 0 3318 0 13965 12481704 69 0 39073 0
1791337282121301 62809703209 72 468 101164 377774341 0 3058316 13832678 0 3319 0 13967 12481781 69 0 39074 0
