# hz=100 page_bytes=4096 possible_cpus=2
# program_id=12 jit_bytes=8483 xlated_bytes=4776
# pos:	0
# flags:	02000002
# mnt_id:	10
# ino:	26
# prog_type:	1
# prog_jited:	1
# prog_tag:	1a92932acb008231
# memlock:	8192
# prog_id:	12
# run_time_ns:	0
# run_cnt:	0
# recursion_misses:	0
# verified_insns:	199283
# map=counters type=6 key=4 value=32 max_entries=1
# pos:	0
# flags:	02000002
# mnt_id:	10
# ino:	26
# map_type:	6
# key_size:	4
# value_size:	32
# max_entries:	1
# map_flags:	0x0
# map_extra:	0x0
# memlock:	268
# map_id:	14
# frozen:	0
# map=accounting type=2 key=4 value=24 max_entries=1
# pos:	0
# flags:	02000002
# mnt_id:	10
# ino:	26
# map_type:	2
# key_size:	4
# value_size:	24
# max_entries:	1
# map_flags:	0x0
# map_extra:	0x0
# memlock:	224
# map_id:	15
# frozen:	0
# map=flows type=9 key=36 value=32 max_entries=1024
# pos:	0
# flags:	02000002
# mnt_id:	10
# ino:	26
# map_type:	9
# key_size:	36
# value_size:	32
# max_entries:	1024
# map_flags:	0x0
# map_extra:	0x0
# memlock:	107456
# map_id:	12
# frozen:	0
# map=departures type=9 key=40 value=8 max_entries=8192
# pos:	0
# flags:	02000002
# mnt_id:	10
# ino:	26
# map_type:	9
# key_size:	40
# value_size:	8
# max_entries:	8192
# map_flags:	0x0
# map_extra:	0x0
# memlock:	656320
# map_id:	11
# frozen:	0
# map=samples type=27 key=0 value=0 max_entries=262144
# pos:	0
# flags:	02000002
# mnt_id:	10
# ino:	26
# map_type:	27
# key_size:	0
# value_size:	0
# max_entries:	262144
# map_flags:	0x0
# map_extra:	0x0
# memlock:	275148
# map_id:	13
# frozen:	0
realtime_us monotonic_us daemon_ticks rss_pages runs runtime_ns ring_full ack_bytes upload_bytes unaccounted host_user host_nice host_system host_idle host_iowait host_irq host_softirq host_steal
1791276973218859 2500800768 27 462 0 0 0 0 2688 0 203 0 1443 490205 36 0 2074 0
1791276973719394 2501301302 27 462 78 96679 0 0 10408 0 203 0 1443 490299 36 0 2076 0
1791276974223528 2501805436 27 462 158 183439 0 0 18232 0 203 0 1443 490388 36 0 2077 0
1791276974726571 2502308480 27 462 239 264552 0 0 25952 0 203 0 1443 490481 36 0 2078 0
1791276975226885 2502808794 27 462 318 341930 0 0 33672 0 203 0 1443 490578 36 0 2080 0
1791276975727138 2503309046 27 462 397 416148 0 0 41264 0 203 0 1443 490671 36 0 2082 0
1791276976231985 2503813894 28 462 477 500070 0 0 48984 0 207 0 1474 490727 36 0 2090 0
1791276976737272 2504319181 28 462 557 597739 0 0 56704 0 212 0 1503 490781 36 0 2102 0
1791276977237578 2504819486 28 462 636 735412 0 0 64424 0 214 0 1504 490875 36 0 2103 0
1791276977737914 2505319822 28 462 717 851347 0 0 72100 0 214 0 1504 490970 36 0 2103 0
1791276978238701 2505820610 28 462 797 944084 0 0 79820 0 214 0 1505 491063 36 0 2103 0
1791276978740172 2506322081 28 462 876 1031987 0 0 87540 0 214 0 1505 491158 36 0 2105 0
1791276979240639 2506822548 28 462 955 1131146 0 0 95132 0 214 0 1505 491251 36 0 2108 0
1791276979742419 2507324327 28 462 1035 1217371 0 0 103084 0 214 0 1505 491346 36 0 2108 0
1791276980245036 2507826944 29 462 1114 1308353 0 0 110676 0 214 0 1505 491441 36 0 2111 0
1791276980749044 2508330953 29 462 1194 1386287 0 0 118396 0 214 0 1505 491538 36 0 2111 0
1791276981249675 2508831584 29 462 1274 1482861 0 0 126092 0 214 0 1505 491631 36 0 2114 0
1791276981750221 2509332129 29 462 1482 2346275 0 576 238526 0 215 0 1508 491724 36 0 2116 0
1791276982254706 2509836614 29 462 1714 3000017 0 576 392926 0 215 0 1508 491821 36 0 2118 0
1791276982757400 2510339309 29 462 1951 3628967 0 576 562638 0 215 0 1509 491920 36 0 2119 0
1791276983259948 2510841856 29 462 2185 4390866 0 576 732478 0 215 0 1509 492016 36 0 2121 0
1791276983760919 2511342827 29 462 2417 5085121 0 576 896014 0 215 0 1509 492112 36 0 2122 0
1791276984262252 2511844161 29 462 2637 5758633 0 576 1033430 0 215 0 1509 492204 36 0 2123 0
1791276984765167 2512347076 30 462 2840 6688614 0 576 1160038 0 215 0 1509 492302 36 0 2125 0
1791276985268740 2512850649 30 462 3049 7677264 0 576 1300414 0 215 0 1509 492398 36 0 2129 0
1791276985773910 2513355588 30 462 3279 8381135 0 576 1456590 0 215 0 1509 492492 36 0 2132 0
1791276986277104 2513859012 30 462 3513 9026760 0 576 1627846 0 215 0 1509 492589 36 0 2133 0
1791276986778138 2514360047 30 462 3745 9549885 0 576 1797686 0 215 0 1509 492686 36 0 2134 0
1791276987279857 2514861765 30 462 3974 10720811 0 576 1955174 0 215 0 1509 492785 36 0 2135 0
1791276987780149 2515362058 30 462 4181 11340441 0 576 2080238 0 215 0 1509 492880 36 0 2138 0
1791276988284096 2515866004 30 462 4388 12179773 0 576 2214566 0 215 0 1509 492975 36 0 2143 0
1791276988786029 2516367937 31 462 4603 13002632 0 576 2356486 0 215 0 1509 493069 36 0 2145 0
1791276989288739 2516870647 31 462 4833 13722900 0 576 2520382 0 215 0 1509 493168 36 0 2147 0
1791276989791334 2517373243 31 462 5073 14316952 0 576 2697814 0 215 0 1509 493264 36 0 2149 0
1791276990292036 2517873945 31 462 5305 15047513 0 576 2856846 0 215 0 1509 493362 36 0 2149 0
1791276990797605 2518379513 31 462 5525 15525263 0 576 2997350 0 215 0 1509 493460 36 0 2149 0
1791276991298632 2518880541 31 462 5727 16179855 0 576 3131550 0 215 0 1509 493553 36 0 2154 0
1791276991801810 2519383719 31 462 5943 17196331 0 576 3281318 0 215 0 1509 493644 36 0 2157 0
1791276992307023 2519888932 31 462 6177 17980464 0 576 3446758 0 215 0 1510 493742 36 0 2158 0
1791276992807621 2520389529 31 462 6417 19323718 0 576 3628822 0 215 0 1511 493837 36 0 2161 0
1791276993309606 2520891515 32 462 6641 20029436 0 576 3787854 0 215 0 1512 493935 36 0 2161 0
1791276993816226 2521398135 32 462 6846 20969607 0 576 3909702 0 215 0 1512 494030 36 0 2162 0
1791276994318239 2521900148 32 462 7037 21358253 0 576 4020870 0 215 0 1515 494124 36 0 2164 0
1791276994823387 2522405296 32 462 7228 22101305 0 576 4142846 0 215 0 1515 494219 36 0 2166 0
1791276995327143 2522909051 32 462 7437 22561127 0 576 4278718 0 215 0 1515 494315 36 0 2169 0
1791276995827932 2523409841 32 462 7654 23338582 0 576 4427046 0 215 0 1515 494404 36 0 2177 0
1791276996329600 2523911508 32 462 7890 23837285 0 576 4592254 0 215 0 1516 494500 36 0 2180 0
1791276996830324 2524412232 32 462 8020 24022267 0 960 4628948 0 215 0 1516 494595 36 0 2180 0
1791276997335873 2524917782 32 462 8099 24094075 0 960 4636540 0 215 0 1516 494688 36 0 2182 0
1791276997840363 2525422272 32 462 8178 24179827 0 960 4644260 0 215 0 1516 494784 36 0 2183 0
1791276998341428 2525923336 32 462 8258 24258191 0 960 4651980 0 217 0 1516 494878 36 0 2186 0
1791276998845334 2526427242 33 462 8338 24340932 0 960 4659804 0 217 0 1517 494974 36 0 2188 0
1791276999347598 2526929506 33 462 8418 24404959 0 960 4667524 0 217 0 1518 495064 36 0 2189 0
1791276999849019 2527430928 33 462 8933 26298038 0 22524 4698200 0 217 0 1520 495157 36 0 2195 0
1791277000350675 2527932584 33 462 10049 29096112 0 64380 4747776 0 217 0 1521 495251 36 0 2199 0
1791277000858084 2528439993 33 462 11019 31398167 0 96924 4788040 0 217 0 1521 495343 36 0 2207 0
1791277001359130 2528941038 33 462 12046 33989715 0 133356 4832064 0 217 0 1521 495437 36 0 2214 0
1791277001859590 2529441498 34 462 13100 36206239 0 183492 4889920 0 217 0 1521 495529 36 0 2220 0
1791277002360361 2529942269 34 462 14225 39007420 0 236544 4950564 0 217 0 1521 495621 36 0 2227 0
1791277002862708 2530444617 34 462 15242 40454477 0 275792 4997532 0 217 0 1522 495713 36 0 2233 0
1791277003363218 2530945127 34 462 16258 42386123 0 312176 5041508 0 217 0 1522 495802 36 0 2240 0
1791277003867541 2531449449 34 462 17321 45002825 0 351416 5088700 0 217 0 1522 495890 36 0 2251 0
1791277004373777 2531955686 34 462 18339 47570687 0 387152 5132156 0 218 0 1523 495983 36 0 2256 0
1791277004877517 2532459426 34 462 19402 50869212 0 425900 5178496 0 218 0 1525 496071 36 0 2267 0
1791277005381127 2532963036 34 462 20403 52734289 0 460376 5221052 0 218 0 1526 496166 36 0 2272 0
1791277005886647 2533468555 35 462 21392 54926235 0 495344 5263380 0 218 0 1526 496262 36 0 2277 0
1791277006387375 2533969284 35 462 22447 57263025 0 535472 5311460 0 218 0 1527 496351 36 0 2287 0
1791277006889334 2534471243 35 462 23446 59002048 0 574632 5358340 0 218 0 1527 496443 36 0 2297 0
1791277007395549 2534977458 35 462 24405 60836044 0 608172 5399472 0 219 0 1527 496538 36 0 2300 0
1791277007896045 2535477954 35 462 25423 63919958 0 643704 5442724 0 219 0 1527 496632 36 0 2306 0
1791277008397426 2535979335 35 462 26428 66406614 0 678624 5485364 0 220 0 1527 496724 36 0 2313 0
1791277008899674 2536481582 35 462 27451 68746168 0 715272 5529604 0 220 0 1529 496817 36 0 2320 0
1791277009400483 2536982392 35 462 28495 71817628 0 752232 5574284 0 220 0 1530 496909 36 0 2325 0
1791277009900781 2537482689 35 462 29568 74841064 0 790632 5620508 0 220 0 1530 497005 36 0 2330 0
1791277010401612 2537983521 36 462 30635 78236066 0 830112 5667476 0 220 0 1532 497091 36 0 2342 0
1791277010902239 2538484148 36 462 31647 81749256 0 868724 5713680 0 220 0 1533 497179 36 0 2352 0
1791277011407419 2538989328 36 462 32699 84360874 0 907796 5760704 0 220 0 1534 497273 36 0 2357 0
1791277011908767 2539490675 36 462 33736 87698446 0 945236 5805736 0 220 0 1536 497363 36 0 2365 0
1791277012412291 2539994200 36 462 34772 90148486 0 983012 5851232 0 220 0 1536 497452 36 0 2374 0
1791277012913592 2540495501 36 462 35792 92475977 0 1020632 5896572 0 220 0 1537 497545 36 0 2380 0
1791277013415230 2540997138 36 462 36839 95415291 0 1058288 5941820 0 221 0 1541 497634 36 0 2385 0
1791277013916283 2541498192 36 462 37895 99017739 0 1095584 5986836 0 221 0 1541 497726 36 0 2391 0
1791277014416508 2541998417 36 462 38932 100912921 0 1132204 6031176 0 222 0 1542 497821 36 0 2394 0
1791277014917850 2542499759 37 462 39992 103751957 0 1171948 6078512 0 222 0 1542 497913 36 0 2401 0
1791277015423335 2543005243 37 462 41028 105646850 0 1208812 6123096 0 222 0 1542 498007 36 0 2409 0
1791277015926552 2543508461 37 462 42067 108866306 0 1246636 6168512 0 222 0 1542 498103 36 0 2413 0
1791277016427089 2544008998 37 462 43111 111130058 0 1284364 6214192 0 222 0 1543 498199 36 0 2416 0
1791277016928150 2544510059 37 462 44279 113320644 0 1332632 6270180 0 222 0 1543 498292 36 0 2422 0
1791277017428840 2545010748 37 462 45247 116312961 0 1369968 6315108 0 222 0 1544 498384 36 0 2430 0
1791277017930731 2545512640 37 462 46236 118806757 0 1403640 6356500 0 222 0 1545 498473 36 0 2439 0
1791277018433168 2546015077 38 462 47288 121869307 0 1441464 6401916 0 222 0 1547 498561 36 0 2449 0
1791277018935793 2546517702 38 462 48351 124333094 0 1480776 6448948 0 222 0 1549 498653 36 0 2455 0
1791277019437288 2547019197 38 462 49392 126825839 0 1518108 6494000 0 222 0 1552 498742 36 0 2461 0
1791277019938326 2547520234 38 462 50252 128240844 0 1541064 6534686 0 222 0 1553 498835 36 0 2466 0
1791277020439367 2548021275 38 462 50331 128481977 0 1541064 6542406 0 222 0 1554 498928 36 0 2468 0
1791277020939806 2548521715 38 462 50410 128559256 0 1541064 6549998 0 222 0 1554 499022 36 0 2468 0
1791277021441509 2549023417 38 462 50489 128687367 0 1541064 6557718 0 222 0 1554 499121 36 0 2468 0
1791277021947258 2549529166 38 462 50570 128779965 0 1541064 6565542 0 222 0 1554 499216 36 0 2469 0
1791277022452872 2550034781 38 462 50650 128887040 0 1541064 6573262 0 223 0 1554 499309 36 0 2471 0
1791277022955115 2550537023 38 462 50791 129149587 0 1542216 6598211 0 223 0 1556 499401 36 0 2474 0
1791277023457117 2551039026 38 462 51887 131114622 0 1579188 6740180 0 223 0 1556 499491 36 0 2483 0
1791277023957423 2551539332 38 462 53106 133800706 0 1623156 6893772 0 223 0 1559 499576 36 0 2494 0
1791277024458016 2552039924 38 462 54285 136804725 0 1663140 7066412 0 223 0 1559 499665 36 0 2504 0
1791277024962744 2552544653 38 462 55299 138684995 0 1696704 7237392 0 223 0 1559 499756 36 0 2512 0
1791277025464322 2553046231 38 462 56170 140377417 0 1724544 7388984 0 223 0 1559 499849 36 0 2518 0
1791277025967894 2553549802 39 462 57254 144011570 0 1758948 7503316 0 223 0 1561 499941 36 0 2522 0
1791277026468783 2554050692 39 462 58311 147826597 0 1792740 7609908 0 223 0 1564 500030 36 0 2532 0
1791277026969477 2554551386 40 462 59442 150473918 0 1835400 7734272 0 223 0 1564 500123 36 0 2538 0
1791277027470693 2555052602 40 462 60553 152619938 0 1874692 7870836 0 223 0 1566 500215 36 0 2544 0
1791277027975473 2555557381 40 462 61682 155445492 0 1911948 8020676 0 223 0 1567 500306 36 0 2552 0
1791277028476900 2556058809 40 462 62791 157432668 0 1947912 8155456 0 223 0 1569 500399 36 0 2557 0
1791277028982011 2556563920 40 462 63948 159496070 0 1984248 8324576 0 223 0 1570 500490 36 0 2565 0
1791277029487451 2557069360 40 462 64995 162691035 0 2017080 8502776 0 223 0 1570 500580 36 0 2574 0
1791277029988156 2557570065 41 462 65857 164613431 0 2044572 8653788 0 223 0 1570 500672 36 0 2580 0
1791277030492698 2558074607 41 462 66914 167552623 0 2075460 8778860 0 223 0 1572 500768 36 0 2584 0
1791277030994434 2558576342 41 462 67975 169206945 0 2107368 8907912 0 223 0 1572 500860 36 0 2591 0
1791277031496285 2559078193 41 462 69095 172132062 0 2142024 9049104 0 223 0 1573 500952 36 0 2598 0
1791277031996606 2559578514 41 462 70192 174195204 0 2175240 9196576 0 223 0 1574 501046 36 0 2602 0
1791277032496959 2560078868 41 462 71362 176196225 0 2214444 9365348 0 223 0 1574 501136 36 0 2611 0
1791277033000690 2560582599 41 462 72308 179337165 0 2245884 9535748 0 223 0 1575 501230 36 0 2617 0
1791277033504667 2561086575 42 462 73098 181932936 0 2269500 9696652 0 223 0 1578 501324 36 0 2621 0
1791277034007727 2561589635 42 462 74064 184094103 0 2298972 9837292 0 223 0 1578 501416 36 0 2629 0
1791277034508149 2562090058 42 462 75166 186703950 0 2333916 9969612 0 223 0 1578 501514 36 0 2631 0
1791277035008540 2562590448 42 462 76285 189593701 0 2370316 10112316 0 223 0 1579 501603 36 0 2639 0
1791277035510942 2563092850 42 462 77409 192456063 0 2410048 10271168 0 223 0 1579 501696 36 0 2644 0
1791277036017841 2563599749 42 462 78531 197490559 0 2447164 10417780 0 224 0 1581 501781 36 0 2655 0
1791277036518646 2564100554 43 462 79729 200524268 0 2486152 10583376 0 224 0 1586 501867 36 0 2664 0
1791277037021627 2564603536 43 462 80728 203383112 0 2517136 10759368 0 224 0 1586 501956 36 0 2674 0
1791277037523760 2565105669 43 462 81539 204890535 0 2541064 10914536 0 224 0 1588 502046 36 0 2682 0
1791277038030696 2565612605 43 462 82561 207970256 0 2570620 11038276 0 225 0 1588 502134 36 0 2694 0
1791277038535137 2566117045 43 462 83626 209947989 0 2601352 11171016 0 225 0 1589 502228 36 0 2697 0
1791277039036524 2566618432 44 462 84713 213002320 0 2634760 11306328 0 225 0 1590 502320 36 0 2703 0
1791277039538734 2567120642 44 462 85828 215429674 0 2667976 11462936 0 225 0 1590 502414 36 0 2709 0
1791277040042286 2567624194 44 462 87031 218750930 0 2710360 11639648 0 226 0 1592 502503 36 0 2717 0
1791277040542978 2568124887 44 462 87835 220315699 0 2738044 11803436 0 226 0 1592 502596 36 0 2724 0
1791277041043946 2568625855 44 462 88432 221709735 0 2754160 11956608 0 226 0 1593 502689 36 0 2727 0
1791277041548184 2569130093 44 462 89325 224757061 0 2780944 12093248 0 226 0 1594 502778 36 0 2735 0
1791277042049545 2569631454 45 462 90399 227185454 0 2813968 12235768 0 226 0 1595 502871 36 0 2742 0
1791277042553680 2570135589 45 462 91482 229451104 0 2848240 12385840 0 226 0 1596 502962 36 0 2748 0
1791277043054169 2570636078 45 462 92649 232329346 0 2885488 12557288 0 227 0 1597 503054 36 0 2755 0
1791277043557381 2571139290 45 462 93679 234709466 0 2919568 12731872 0 227 0 1597 503150 36 0 2758 0
1791277044060018 2571641927 45 462 94590 237453016 0 2948080 12879272 0 227 0 1600 503247 36 0 2759 0
1791277044566745 2572148654 45 462 95674 239447792 0 2982640 12992448 0 227 0 1601 503339 36 0 2767 0
1791277045067601 2572649510 45 462 96782 242289407 0 3024168 13111176 0 227 0 1603 503432 36 0 2769 0
1791277045571761 2573153669 46 462 97778 245617710 0 3057960 13244016 0 227 0 1603 503528 36 0 2775 0
1791277046073041 2573654950 46 462 98886 247484352 0 3094920 13390472 0 227 0 1604 503622 36 0 2779 0
1791277046575549 2574157458 46 462 99968 249578842 0 3128760 13538568 0 227 0 1604 503712 36 0 2788 0
1791277047075908 2574657816 46 462 101058 251716357 0 3162168 13715440 0 227 0 1604 503806 36 0 2793 0
1791277047580080 2575161988 46 462 101790 253068795 0 3182220 13880628 0 227 0 1604 503896 36 0 2800 0
1791277048081191 2575663100 46 462 102494 255772341 0 3201396 14021101 0 227 0 1605 503986 36 0 2808 0
1791277048583536 2576165445 46 462 102776 256634923 0 3203604 14037822 0 227 0 1605 504081 36 0 2812 0
1791277049086451 2576668359 47 462 102857 256703984 0 3203604 14045646 0 227 0 1605 504180 36 0 2812 0
1791277049591291 2577173199 47 462 102937 256814495 0 3203604 14053366 0 227 0 1605 504275 36 0 2814 0
1791277050096016 2577677925 47 462 103015 256888433 0 3203604 14060958 0 227 0 1606 504370 36 0 2814 0
1791277050600377 2578182286 47 462 103095 257005599 0 3203604 14068678 0 227 0 1608 504461 36 0 2818 0
1791277051100519 2578682428 47 462 103176 257108968 0 3203604 14076630 0 227 0 1608 504553 36 0 2819 0
1791277051601412 2579183321 47 462 103254 257403114 0 3203604 14084118 0 228 0 1608 504646 36 0 2819 0
1791277052104509 2579686417 47 462 103335 257493992 0 3203604 14091942 0 229 0 1608 504740 36 0 2820 0
1791277052607001 2580188909 47 462 103414 257601672 0 3203604 14099662 0 230 0 1608 504831 36 0 2824 0
1791277053107334 2580689242 48 462 103493 257947127 0 3203604 14107254 0 230 0 1608 504925 36 0 2825 0
1791277053614310 2581196219 48 462 103574 258230337 0 3203604 14114974 0 230 0 1608 505018 36 0 2826 0
1791277054115000 2581696908 48 462 103653 258329577 0 3203604 14122694 0 230 0 1608 505114 36 0 2828 0
1791277054617238 2582199146 48 462 103732 258417555 0 3203604 14130286 0 230 0 1608 505208 36 0 2829 0
1791277055123709 2582705618 48 462 103811 258514901 0 3203604 14138006 0 230 0 1608 505301 36 0 2830 0
1791277055625169 2583207078 48 462 103891 258601240 0 3203604 14145830 0 230 0 1608 505398 36 0 2830 0
1791277056128565 2583710473 48 462 103971 258866028 0 3203604 14153550 0 231 0 1608 505496 36 0 2830 0
1791277056138794 2583720703 48 462 103971 258866028 0 3203604 14153550 0 231 0 1608 505497 36 0 2830 0
