packets 2787, bad checksums 0
Windows SYNs without TS (LAN): 560; injected (WAN): 559; SYNs with their own TS: 17
servers answering with TS 518, without 41, no SYN-ACK seen 0
SYN-ACKs to Windows 597, still carrying the marker 539
declined by ['123.30.215.18', '123.30.215.55', '123.30.242.13', '13.107.5.93', '13.107.6.158', '150.171.28.11', '172.172.255.216', '40.126.28.11', '40.126.29.12', '40.126.7.35', '42.112.37.34', '42.112.37.35', '52.104.123.39', '52.123.129.14', '72.153.5.137']
Windows connections whose SYN-ACK arrived with TS: 518, ended by a Windows RST: 68
Windows connections whose SYN-ACK arrived without TS: 41, ended by a Windows RST: 20
TCP_QUEUE records 15516, download valid 6791, upload valid 5618
10 s from (UTC)  download n  mean ms  max ms | upload n  mean ms  max ms | fping n  mean ms  max ms
02:40:00                 3      0.0     0.0 |        0        -       -
02:40:10                25      0.5     2.4 |        0        -       -
02:40:20                29      0.5     1.9 |        7      0.8     1.8
02:40:30                56      0.8     3.8 |       20      0.7     3.0
02:40:40                38      0.9     2.3 |        9      0.3     1.4
02:40:50                43      1.0     2.9 |       16      1.1     2.9
02:41:00                30      0.8     3.2 |        7      1.5     2.5
02:41:10                28      0.6     2.2 |        0        -       -
02:41:20                64      0.6     5.4 |       40      0.6     2.9
02:41:30                39      0.5     1.2 |       15      0.6     3.0
02:41:40                30      1.0     2.2 |        6      1.0     2.1
02:41:50                36      0.9     1.9 |        6      0.8     1.7
02:42:00                21      1.4     4.1 |        0        -       -
02:42:10                81      0.2     2.0 |       58      0.6     2.7
02:42:20                63      0.5     2.3 |       48      0.3     1.8
02:42:30                22      0.7     1.9 |        0        -       -
02:42:40                32      1.0     1.8 |        2      3.1     3.1
02:42:50                33      0.6     3.5 |       12      0.3     3.5
02:43:00                38      0.6     1.2 |        8      1.3     1.8
02:43:10                46      0.6     2.0 |       19      0.9     2.0
02:43:20                24      0.6     1.4 |       12      0.7     1.5
02:43:30                18      1.1     2.9 |       18      0.6     2.0
02:43:40                36      0.6     2.1 |       32      0.5     2.3
02:43:50                17      0.5     1.6 |       15      0.8     2.6
02:44:00                27      0.6     1.8 |       21      0.8     1.8
02:44:10                 6      1.2     1.5 |        6      0.0     0.1
02:46:10                12      1.3     1.6 |        7      0.3     0.7
02:46:20                13      0.8     2.0 |       12      1.5     2.2
02:46:30                16      0.8     4.1 |       16      1.0     4.1
02:46:40                18      0.3     1.9 |        3      0.0     0.0
02:46:50                34      0.5     1.6 |        9      1.1     1.6
02:47:00                42      0.5     2.0 |       14      0.8     2.0
02:47:10                12      0.3     0.8 |        3      0.0     0.0
02:47:30                30      0.7     3.3 |       19      0.5     1.8
02:47:40                58      0.5     1.3 |       25      0.8     2.8
02:47:50               108      1.9    13.9 |       87      1.2     2.7
02:48:00               190      9.7   115.0 |      189      0.5     2.9
02:48:10               193      6.2    74.9 |      193      0.7     5.4
02:48:20               168      5.6    70.2 |      168      0.9    21.2
02:48:30               195      8.4    74.5 |      195      1.2    44.0
02:48:40               197      5.4    47.4 |      197      1.4    39.6
02:48:50               197      2.4    38.7 |      197      1.0     3.7
02:49:00               193      4.8    67.7 |      192      3.9   133.2
02:49:10               198      8.7    71.4 |      198      1.6    42.2
02:49:20               191      5.9    55.7 |      191      0.9     3.1
02:49:30               198      6.8    84.2 |      198      1.7    46.4
02:49:40               198      3.6    44.2 |      198      1.3    49.4
02:49:50               197      4.0    54.5 |      197      0.6     3.0
02:50:00               195     10.5   103.0 |      194      1.9    53.9
02:50:10               197      4.7   100.4 |      197      2.2    57.5
02:50:20               197      3.4    39.8 |      197      2.4    46.6
02:50:30               197      5.1    45.0 |      197      2.4    46.4
02:50:40               195      3.6    52.3 |      195      1.7    95.5
02:50:50               131      6.7    69.3 |      129      1.7    95.5
02:51:00                42      0.4     1.5 |       30      0.7     2.4
02:51:10                10      0.1     0.6 |        6      0.6     0.6
02:51:20                38      0.4     0.9 |        4      1.6     1.6
02:51:30                40      1.4     7.3 |       18     14.5    91.6 |      27      0.5     1.1
02:51:40                39      0.8     2.0 |       15      0.4     2.0 |     178      0.6     4.5
02:51:50                19      0.9     1.9 |        3      0.3     0.3 |     106      0.8     9.5
02:55:20                39      0.2     1.4 |       35      0.2     2.4 |     169      0.9     8.5
02:55:30               156      0.2     2.9 |      152      0.3     3.2 |     188      1.2    18.1
02:55:40                46      0.5     1.7 |       32      0.8     2.4 |     181      0.7     4.6
02:55:50                28      0.8     1.4 |        9      1.3     2.0 |     172      0.9    14.6
02:56:00                28      0.7     1.6 |       24      0.7     2.0 |     172      0.8     7.8
02:56:10                60      0.3     2.6 |       57      0.6     2.6 |     177      0.9     9.3
02:56:20                14      0.7     1.3 |       11      0.7     2.6 |     177      1.0     6.0
02:56:30                49      0.5     2.0 |       40      0.5     2.0 |     181      0.8     9.6
02:56:40                27      0.2     0.9 |       24      0.3     1.3 |     173      0.8     6.2
02:56:50                32      1.1     2.2 |       32      2.4     5.8 |     172      1.8    15.0
02:57:00                61      0.2     1.9 |       61      0.1     3.0 |     183      0.9     8.6
02:57:10               165      0.2     1.4 |      161      0.1     1.5 |     195      1.2    10.6
02:57:20                31      0.6     2.0 |       20      0.8     1.7 |     184      0.7     2.9
02:57:30                52      0.8     1.8 |       14      0.3     1.6 |     182      0.8    10.7
02:57:40                29      5.1    43.5 |        0        -       - |     174      9.9    58.9
02:57:50                52      0.6     1.4 |       29      1.2     3.5 |     181      1.0    23.4
02:58:00                51      1.2     3.8 |       24      3.3    38.5 |     175      2.8    30.4
02:58:10                24      1.1     3.1 |        2      3.1     3.1 |     151      1.3     4.9
02:58:30                37      0.6     1.5 |       23      0.6     1.7 |     133      0.6     4.1
02:58:40                47      0.7     2.2 |       39      0.6     1.8 |     183      0.6     3.0
02:58:50               143      0.3     3.0 |      121      0.5     4.7 |     192      1.0    11.8
02:59:00               104      0.6     3.8 |       88      1.0     3.4 |     185      1.0    18.2
02:59:10               121      0.3     5.0 |      111      0.3     3.7 |     193      2.2    18.7
02:59:20               130      0.2     3.1 |      111      0.3     2.3 |     186      1.5    18.0
02:59:30               103      0.5     4.2 |       80      0.4     1.4 |     183      3.4    38.1
02:59:40               170      0.5     1.5 |      161      0.6     2.8 |     189      0.7     3.8
02:59:50                54      0.6     1.6 |       23      1.2     2.6 |     177      0.6     8.4
03:00:00                95      0.7     2.0 |       64      0.9     2.4 |     178      0.7     3.8
