# 10 s from (epoch) | TCP: records, download valid, mean ms, max ms, upload valid, mean ms, max ms | peak download, upload kbit/s (LOAD) | fping RTT/2 download mean, max, upload mean, max ms; taken live during round 3, 02:47:40-02:51:10 UTC
1791427660 172 58 0.5 1.3 25 0.8 2.8 145 209 0.7 3.0 0.7 3.0
1791427670 192 108 1.9 13.9 87 1.2 2.7 34984 1640 5.1 36.7 5.1 36.7
1791427680 190 190 9.7 115.0 189 0.5 2.9 35388 1769 17.1 75.5 17.1 75.5
1791427690 193 193 6.2 74.9 193 0.7 5.4 33972 1781 9.2 100.0 9.2 100.0
1791427700 168 168 5.6 70.2 168 0.9 21.2 43990 2814 11.3 70.4 11.3 70.4
1791427710 195 195 8.4 74.5 195 1.2 44.0 37886 2795 14.8 83.9 14.8 83.9
1791427720 197 197 5.4 47.4 197 1.4 39.6 31448 1926 10.4 48.7 10.4 48.7
1791427730 197 197 2.4 38.7 197 1.0 3.7 45444 2546 15.3 79.0 15.3 79.0
1791427740 193 193 4.8 67.7 192 3.9 133.2 39286 2141 13.1 70.4 13.1 70.4
1791427750 198 198 8.7 71.4 198 1.6 42.2 35670 2014 11.9 64.5 11.9 64.5
1791427760 191 191 5.9 55.7 191 0.9 3.1 33222 2058 15.7 68.3 15.7 68.3
1791427770 198 198 6.8 84.2 198 1.7 46.4 29088 2027 9.3 57.1 9.3 57.1
1791427780 198 198 3.6 44.2 198 1.3 49.4 35509 2183 9.7 59.9 9.7 59.9
1791427790 197 197 4.0 54.5 197 0.6 3.0 28197 1820 11.0 58.2 11.0 58.2
1791427800 195 195 10.5 103.0 194 1.9 53.9 41342 1992 13.2 74.4 13.2 74.4
1791427810 197 197 4.7 100.4 197 2.2 57.5 38047 2016 8.4 75.2 8.4 75.2
1791427820 197 197 3.4 39.8 197 2.4 46.6 33426 2118 16.6 70.7 16.6 70.7
1791427830 197 197 5.1 45.0 197 2.4 46.4 41135 2564 14.4 77.7 14.4 77.7
1791427840 195 195 3.6 52.3 195 1.7 95.5 35846 2282 11.6 64.1 11.6 64.1
1791427850 193 131 6.7 69.3 129 1.7 95.5 34878 2183 7.5 65.0 7.5 65.0
1791427860 186 42 0.4 1.5 30 0.7 2.4 578 928 0.6 3.4 0.6 3.4
1791427870 44 0 0.0 0.0 0 0.0 0.0 74 64 0.6 2.0 0.6 2.0
