# hz=100 page_bytes=4096 possible_cpus=2
# program_id=100 jit_bytes=8483 xlated_bytes=4776
# pos:	0
# flags:	02000002
# mnt_id:	10
# ino:	26
# prog_type:	1
# prog_jited:	1
# prog_tag:	1a92932acb008231
# memlock:	8192
# prog_id:	100
# run_time_ns:	0
# run_cnt:	0
# recursion_misses:	0
# verified_insns:	199283
# map=counters type=6 key=4 value=32 max_entries=1
# pos:	0
# flags:	02000002
# mnt_id:	10
# ino:	26
# map_type:	6
# key_size:	4
# value_size:	32
# max_entries:	1
# map_flags:	0x0
# map_extra:	0x0
# memlock:	268
# map_id:	140
# frozen:	0
# map=accounting type=2 key=4 value=24 max_entries=1
# pos:	0
# flags:	02000002
# mnt_id:	10
# ino:	26
# map_type:	2
# key_size:	4
# value_size:	24
# max_entries:	1
# map_flags:	0x0
# map_extra:	0x0
# memlock:	224
# map_id:	141
# frozen:	0
# map=flows type=9 key=36 value=32 max_entries=1024
# pos:	0
# flags:	02000002
# mnt_id:	10
# ino:	26
# map_type:	9
# key_size:	36
# value_size:	32
# max_entries:	1024
# map_flags:	0x0
# map_extra:	0x0
# memlock:	107456
# map_id:	138
# frozen:	0
# map=departures type=9 key=40 value=8 max_entries=8192
# pos:	0
# flags:	02000002
# mnt_id:	10
# ino:	26
# map_type:	9
# key_size:	40
# value_size:	8
# max_entries:	8192
# map_flags:	0x0
# map_extra:	0x0
# memlock:	656320
# map_id:	137
# frozen:	0
# map=samples type=27 key=0 value=0 max_entries=262144
# pos:	0
# flags:	02000002
# mnt_id:	10
# ino:	26
# map_type:	27
# key_size:	0
# value_size:	0
# max_entries:	262144
# map_flags:	0x0
# map_extra:	0x0
# memlock:	275148
# map_id:	139
# frozen:	0
realtime_us monotonic_us daemon_ticks rss_pages runs runtime_ns ring_full ack_bytes upload_bytes unaccounted host_user host_nice host_system host_idle host_iowait host_irq host_softirq host_steal
1791255617862848 24273538031 25 489 0 0 0 0 2816 0 1717 0 7157 4807051 58 0 23558 0
1791255618364226 24274039409 25 489 80 99704 0 0 10536 0 1717 0 7157 4807147 58 0 23559 0
1791255618864718 24274539902 25 489 160 205790 0 0 18488 0 1718 0 7158 4807240 58 0 23560 0
1791255619366008 24275041192 25 489 240 310254 0 0 26080 0 1719 0 7158 4807336 58 0 23562 0
1791255619869209 24275544393 25 489 320 427666 0 0 33800 0 1719 0 7163 4807429 58 0 23564 0
1791255620372770 24276047954 26 489 398 519049 0 0 41520 0 1719 0 7164 4807523 58 0 23566 0
1791255620873967 24276549151 26 489 478 628428 0 0 49112 0 1719 0 7165 4807618 58 0 23567 0
1791255621375355 24277050538 26 489 558 747207 0 0 56832 0 1719 0 7166 4807712 58 0 23569 0
1791255621876161 24277551345 26 489 637 1140631 0 0 64552 0 1720 0 7171 4807804 58 0 23570 0
1791255622381873 24278057056 26 489 718 1251480 0 0 72228 0 1720 0 7174 4807899 58 0 23571 0
1791255622883355 24278558539 26 489 798 1365632 0 0 79948 0 1720 0 7175 4807993 58 0 23572 0
1791255623385586 24279060770 26 489 878 1468840 0 0 87668 0 1720 0 7176 4808088 58 0 23574 0
1791255623893620 24279568803 26 489 957 1566644 0 0 95492 0 1720 0 7177 4808186 58 0 23574 0
1791255624396285 24280071469 26 489 1037 1662728 0 0 103212 0 1720 0 7178 4808278 58 0 23576 0
1791255624897407 24280572591 27 489 1116 1777023 0 0 110804 0 1721 0 7178 4808376 58 0 23577 0
1791255625397719 24281072903 27 489 1194 1878817 0 0 118524 0 1721 0 7178 4808470 58 0 23580 0
1791255625902997 24281578180 27 489 1279 2007141 0 96 126577 0 1721 0 7179 4808568 58 0 23580 0
1791255626403645 24282078828 27 489 1493 2981999 0 576 243286 0 1721 0 7182 4808663 58 0 23581 0
1791255626904343 24282579527 27 489 1714 3675954 0 576 397686 0 1721 0 7182 4808758 58 0 23583 0
1791255627408901 24283084084 27 489 1956 5200090 0 576 570486 0 1721 0 7184 4808854 58 0 23587 0
1791255627909124 24283584307 27 489 2186 6006591 0 576 734150 0 1721 0 7185 4808947 58 0 23592 0
1791255628411516 24284086699 27 489 2418 6760561 0 576 898046 0 1721 0 7185 4809043 58 0 23593 0
1791255628911794 24284586978 27 489 2640 7606175 0 576 1043054 0 1721 0 7186 4809136 58 0 23596 0
1791255629414917 24285090101 27 489 2842 8467166 0 576 1169430 0 1722 0 7187 4809228 58 0 23598 0
1791255629916511 24285591695 27 489 3056 9008051 0 576 1308494 0 1722 0 7187 4809323 58 0 23599 0
1791255630418171 24286093355 27 489 3280 10618491 0 576 1461350 0 1722 0 7188 4809416 58 0 23602 0
1791255630919922 24286595105 27 489 3515 11825722 0 576 1629518 0 1722 0 7188 4809511 58 0 23606 0
1791255631422994 24287098178 27 489 3749 12663129 0 576 1803990 0 1722 0 7188 4809607 58 0 23611 0
1791255631924615 24287599798 27 489 3982 13480356 0 576 1961478 0 1722 0 7189 4809706 58 0 23611 0
1791255632425715 24288100899 27 489 4182 14293362 0 576 2083326 0 1722 0 7189 4809805 58 0 23613 0
1791255632929138 24288604322 28 489 4382 15263318 0 576 2211478 0 1722 0 7189 4809899 58 0 23617 0
1791255633433488 24289108671 29 489 4605 16014945 0 576 2355302 0 1722 0 7189 4809993 58 0 23621 0
1791255633934378 24289609561 29 489 4831 16596768 0 576 2511118 0 1722 0 7191 4810086 58 0 23624 0
1791255634434564 24290109748 29 489 5067 17173770 0 576 2682502 0 1723 0 7191 4810180 58 0 23627 0
1791255634939988 24290615171 29 489 5302 17763112 0 576 2853886 0 1724 0 7191 4810278 58 0 23627 0
1791255635440894 24291116077 29 489 5525 18605071 0 576 3001982 0 1725 0 7192 4810372 58 0 23629 0
1791255635941724 24291616907 29 489 5734 19354867 0 576 3134894 0 1725 0 7193 4810469 58 0 23629 0
1791255636442428 24292117612 29 489 5950 20037238 0 576 3278358 0 1725 0 7193 4810565 58 0 23631 0
1791255636943966 24292619149 29 489 6178 21161928 0 576 3438934 0 1725 0 7194 4810660 58 0 23633 0
1791255637444754 24293119938 30 489 6416 21804320 0 576 3614822 0 1725 0 7195 4810751 58 0 23639 0
1791255637947939 24293623122 30 489 6651 22886477 0 576 3781934 0 1725 0 7196 4810848 58 0 23640 0
1791255638450450 24294125633 30 489 6869 24200074 0 576 3923854 0 1725 0 7196 4810944 58 0 23642 0
1791255638953086 24294628269 30 489 7078 24892151 0 576 4052006 0 1725 0 7196 4811041 58 0 23645 0
1791255639457789 24295132972 30 489 7290 25669885 0 576 4190838 0 1725 0 7198 4811135 58 0 23647 0
1791255639963386 24295638569 30 489 7520 26234325 0 576 4346782 0 1725 0 7198 4811231 58 0 23651 0
1791255640468857 24296144039 30 489 7754 27094215 0 576 4507358 0 1725 0 7199 4811327 58 0 23656 0
1791255640969641 24296644825 30 489 7993 27756786 0 576 4683478 0 1727 0 7200 4811419 58 0 23658 0
1791255641474371 24297149554 30 489 8143 28023706 0 960 4727888 0 1727 0 7203 4811511 58 0 23659 0
1791255641975595 24297650779 31 489 8222 28155968 0 960 4735608 0 1728 0 7203 4811611 58 0 23659 0
1791255642483248 24298158432 31 489 8301 28269395 0 960 4743200 0 1729 0 7205 4811704 58 0 23660 0
1791255642983746 24298658929 31 489 8380 28362647 0 960 4750920 0 1729 0 7205 4811797 58 0 23663 0
1791255643488870 24299164054 31 489 8460 28444108 0 960 4758640 0 1729 0 7205 4811896 58 0 23663 0
1791255643991688 24299666872 31 489 8541 28556823 0 960 4766464 0 1729 0 7205 4811993 58 0 23664 0
1791255644492888 24300168071 31 489 8956 29890062 0 17412 4792156 0 1729 0 7208 4812086 58 0 23668 0
1791255644993694 24300668877 31 489 10070 32540218 0 58404 4840868 0 1729 0 7209 4812173 58 0 23680 0
1791255645499157 24301174341 31 489 11086 34757280 0 92196 4882252 0 1729 0 7209 4812265 58 0 23688 0
1791255646007444 24301682627 31 489 12030 36738884 0 121020 4918796 0 1729 0 7210 4812355 58 0 23697 0
1791255646508012 24302183196 32 489 13099 40481679 0 163664 4969264 0 1731 0 7211 4812446 58 0 23703 0
1791255647012871 24302688055 32 489 14217 43588980 0 210180 5023500 0 1731 0 7214 4812528 58 0 23717 0
1791255647515765 24303190949 32 489 15268 47050361 0 249408 5070320 0 1731 0 7217 4812620 58 0 23723 0
1791255648016098 24303691281 32 489 16337 49138806 0 289596 5118228 0 1732 0 7217 4812708 58 0 23734 0
1791255648518001 24304193185 33 489 17363 51461221 0 327264 5163616 0 1732 0 7217 4812800 58 0 23741 0
1791255649021778 24304696962 33 489 18428 53802380 0 366336 5210280 0 1732 0 7218 4812893 58 0 23747 0
1791255649524018 24305199201 33 489 19454 56060177 0 403648 5255312 0 1732 0 7221 4812979 58 0 23753 0
1791255650027888 24305703072 33 489 20489 58626910 0 444744 5304360 0 1732 0 7222 4813072 58 0 23756 0
1791255650532058 24306207242 33 489 21504 60120152 0 481056 5348264 0 1732 0 7223 4813169 58 0 23759 0
1791255651035088 24306710272 33 489 22507 62656193 0 515988 5390916 0 1732 0 7223 4813258 58 0 23768 0
1791255651537848 24307213032 33 489 23513 64944075 0 550260 5432908 0 1732 0 7225 4813350 58 0 23775 0
1791255652040261 24307715444 33 489 24539 67076478 0 587928 5478168 0 1732 0 7226 4813439 58 0 23785 0
1791255652542679 24308217863 33 489 25530 69347624 0 622248 5520208 0 1732 0 7228 4813530 58 0 23790 0
1791255653043393 24308718576 33 489 26556 73433800 0 657204 5563012 0 1732 0 7231 4813621 58 0 23795 0
1791255653543713 24309218897 34 489 27535 75379536 0 690564 5603964 0 1733 0 7234 4813708 58 0 23803 0
1791255654044554 24309719737 34 489 28612 78685788 0 731132 5652252 0 1733 0 7236 4813791 58 0 23817 0
1791255654546812 24310221995 34 489 29609 81040370 0 766204 5695044 0 1733 0 7238 4813882 58 0 23824 0
1791255655050811 24310725995 34 489 30656 83645135 0 803932 5740596 0 1733 0 7241 4813971 58 0 23832 0
1791255655555434 24311230618 34 489 31759 87310993 0 845176 5789560 0 1733 0 7245 4814063 58 0 23838 0
1791255656057515 24311732698 34 489 32760 88900748 0 881436 5833412 0 1734 0 7245 4814156 58 0 23844 0
1791255656560406 24312235590 34 489 33834 91445552 0 920920 5880616 0 1734 0 7246 4814252 58 0 23846 0
1791255657063533 24312738717 34 489 34934 94726112 0 965912 5933200 0 1734 0 7247 4814342 58 0 23855 0
1791255657567177 24313242361 35 489 35967 97493135 0 1002692 5977700 0 1734 0 7250 4814430 58 0 23866 0
1791255658067757 24313742940 35 489 37010 99442874 0 1040444 6023404 0 1734 0 7253 4814526 58 0 23867 0
1791255658568198 24314243382 35 489 38036 101833800 0 1077080 6067632 0 1734 0 7256 4814615 58 0 23875 0
1791255659071150 24314746334 35 489 39046 104598596 0 1110932 6109204 0 1735 0 7257 4814697 58 0 23891 0
1791255659571649 24315246833 35 489 40086 107115453 0 1147772 6153636 0 1735 0 7260 4814783 58 0 23902 0
1791255660072138 24315747322 35 489 41094 109077819 0 1181612 6195196 0 1735 0 7260 4814872 58 0 23911 0
1791255660574922 24316250106 35 489 42080 111936587 0 1214876 6236052 0 1735 0 7261 4814966 58 0 23915 0
1791255661076044 24316751228 35 489 43085 115335662 0 1248380 6277276 0 1735 0 7263 4815055 58 0 23924 0
1791255661582188 24317257372 36 489 44076 118361567 0 1282076 6318564 0 1736 0 7266 4815144 58 0 23931 0
1791255662084513 24317759696 36 489 45121 121118836 0 1318996 6363204 0 1736 0 7266 4815230 58 0 23944 0
1791255662585658 24318260842 36 489 46226 123766429 0 1365096 6417128 0 1736 0 7268 4815321 58 0 23952 0
1791255663090751 24318765935 36 489 47287 127292016 0 1405536 6465056 0 1736 0 7269 4815412 58 0 23958 0
1791255663597494 24319272677 36 489 48347 129867571 0 1444716 6512188 0 1736 0 7271 4815502 58 0 23967 0
1791255664098142 24319773326 36 489 49384 133054614 0 1481400 6556464 0 1736 0 7272 4815588 58 0 23979 0
1791255664599627 24320274811 36 489 50240 135247122 0 1505400 6596390 0 1737 0 7274 4815679 58 0 23983 0
1791255665103803 24320778987 36 489 50320 135339392 0 1505400 6604110 0 1737 0 7275 4815776 58 0 23984 0
1791255665604592 24321279776 36 489 50399 135442715 0 1505400 6611702 0 1738 0 7276 4815872 58 0 23984 0
1791255666106603 24321781787 37 489 50480 135562157 0 1505400 6619654 0 1738 0 7277 4815967 58 0 23986 0
1791255666608342 24322283526 37 489 50558 135660269 0 1505400 6627246 0 1738 0 7278 4816061 58 0 23989 0
1791255667112525 24322787709 37 489 50638 135778610 0 1505400 6634966 0 1739 0 7278 4816158 58 0 23990 0
1791255667614335 24323289519 37 489 50763 136005343 0 1506456 6648774 0 1739 0 7281 4816248 58 0 23993 0
1791255668116521 24323791704 37 489 51685 138489536 0 1542204 6768140 0 1739 0 7281 4816343 58 0 24000 0
1791255668617041 24324292225 37 489 52723 141604108 0 1575036 6853468 0 1739 0 7282 4816432 58 0 24008 0
1791255669118167 24324793351 37 489 53873 144303034 0 1613764 6953596 0 1739 0 7282 4816525 58 0 24014 0
1791255669620558 24325295742 37 489 54971 147194378 0 1661016 7075192 0 1739 0 7283 4816621 58 0 24017 0
1791255670122649 24325797832 37 489 56104 149228887 0 1705108 7213468 0 1739 0 7283 4816713 58 0 24024 0
1791255670623848 24326299032 38 489 57251 151179965 0 1747976 7364288 0 1739 0 7284 4816801 58 0 24035 0
1791255671130635 24326805819 38 489 58477 153629547 0 1793452 7531740 0 1739 0 7284 4816894 58 0 24044 0
1791255671631048 24327306232 38 489 59413 155545777 0 1822948 7703516 0 1739 0 7285 4816988 58 0 24047 0
1791255672132445 24327807628 38 489 60094 156824661 0 1842496 7863208 0 1739 0 7285 4817084 58 0 24050 0
1791255672638420 24328313603 38 489 60953 158952659 0 1866880 8003624 0 1739 0 7287 4817177 58 0 24057 0
1791255673142946 24328818129 38 489 62075 161121319 0 1901056 8147424 0 1739 0 7288 4817267 58 0 24063 0
1791255673644630 24329319814 40 489 63178 163411180 0 1933924 8296092 0 1739 0 7288 4817360 58 0 24069 0
1791255674146123 24329821307 40 489 64301 166106264 0 1968868 8462276 0 1739 0 7290 4817453 58 0 24075 0
1791255674646590 24330321774 40 489 65345 168502111 0 2000152 8639984 0 1739 0 7291 4817540 58 0 24086 0
1791255675153446 24330828629 40 489 66265 170319778 0 2026936 8792192 0 1739 0 7292 4817632 58 0 24093 0
1791255675654593 24331329777 40 489 67356 173542849 0 2060920 8911096 0 1739 0 7292 4817724 58 0 24101 0
1791255676155943 24331831127 40 489 68452 175953733 0 2094540 9034140 0 1739 0 7292 4817815 58 0 24112 0
1791255676658228 24332333411 40 489 69583 178483248 0 2134728 9168512 0 1739 0 7292 4817907 58 0 24120 0
1791255677164283 24332839467 40 489 70675 180339351 0 2170068 9310260 0 1739 0 7293 4817999 58 0 24127 0
1791255677667169 24333342353 40 489 71818 183451834 0 2206752 9476640 0 1739 0 7295 4818089 58 0 24135 0
1791255678168433 24333843617 41 489 72851 185629223 0 2238480 9653504 0 1739 0 7295 4818181 58 0 24142 0
1791255678669621 24334344804 41 489 73661 187591470 0 2262384 9805664 0 1739 0 7296 4818274 58 0 24146 0
1791255679172316 24334847499 41 489 74701 190574313 0 2293032 9933584 0 1739 0 7298 4818362 58 0 24155 0
1791255679672778 24335347961 41 489 75772 194111884 0 2325192 10058256 0 1739 0 7300 4818450 58 0 24165 0
1791255680173262 24335848446 41 489 76858 196368207 0 2358216 10177744 0 1739 0 7301 4818543 58 0 24171 0
1791255680673481 24336348664 41 489 77925 199624489 0 2391048 10296912 0 1739 0 7301 4818636 58 0 24177 0
1791255681174686 24336849869 41 489 79105 202537405 0 2431888 10445832 0 1739 0 7303 4818726 58 0 24185 0
1791255681675006 24337350189 41 489 80186 204603637 0 2470100 10609108 0 1739 0 7305 4818819 58 0 24190 0
1791255682177375 24337852558 41 489 81088 207011102 0 2496968 10776352 0 1740 0 7305 4818905 58 0 24202 0
1791255682681541 24338356724 42 489 81983 209402722 0 2522660 10941004 0 1740 0 7305 4818999 58 0 24208 0
1791255683183374 24338858558 42 489 82709 211336394 0 2543576 11102296 0 1740 0 7305 4819092 58 0 24213 0
1791255683683989 24339359173 42 489 83507 212821321 0 2565788 11244940 0 1741 0 7305 4819184 58 0 24218 0
1791255684184431 24339859615 42 489 84579 215975974 0 2597468 11386116 0 1741 0 7306 4819269 58 0 24232 0
1791255684686846 24340362030 42 489 85678 218516522 0 2630012 11536236 0 1741 0 7306 4819357 58 0 24244 0
1791255685192448 24340867632 42 489 86800 221031092 0 2663996 11692196 0 1741 0 7307 4819443 58 0 24257 0
1791255685694814 24341369997 42 489 87934 223214746 0 2698556 11865716 0 1741 0 7310 4819532 58 0 24264 0
1791255686195158 24341870342 43 489 88921 225739595 0 2733688 12039680 0 1741 0 7310 4819624 58 0 24272 0
1791255686697449 24342372632 43 489 89747 227516462 0 2759104 12179224 0 1741 0 7312 4819719 58 0 24274 0
1791255687201928 24342877112 43 489 90846 230075401 0 2795820 12288508 0 1741 0 7312 4819814 58 0 24280 0
1791255687702558 24343377742 43 489 91884 233240037 0 2829840 12407448 0 1741 0 7314 4819904 58 0 24288 0
1791255688203226 24343878410 43 489 92956 236514459 0 2864592 12540888 0 1741 0 7315 4819994 58 0 24295 0
1791255688704040 24344379224 43 489 94096 238945175 0 2902320 12688240 0 1741 0 7317 4820086 58 0 24301 0
1791255689207224 24344882408 43 489 95238 242529386 0 2938692 12851220 0 1741 0 7318 4820178 58 0 24310 0
1791255689709865 24345385049 43 489 96388 245304920 0 2976228 13015236 0 1741 0 7319 4820271 58 0 24313 0
1791255690212286 24345887470 43 489 97451 247868519 0 3011448 13188104 0 1741 0 7320 4820355 58 0 24323 0
1791255690714738 24346389922 43 489 98312 250343399 0 3038136 13336640 0 1741 0 7321 4820449 58 0 24329 0
1791255691217223 24346892406 44 489 99436 252676623 0 3073356 13464500 0 1742 0 7323 4820539 58 0 24337 0
1791255691718117 24347393301 44 489 100543 256084979 0 3108204 13593532 0 1742 0 7323 4820631 58 0 24344 0
1791255692223471 24347898655 44 489 101656 258379583 0 3145088 13736824 0 1743 0 7324 4820718 58 0 24353 0
1791255692724265 24348399449 44 489 102827 260772671 0 3188048 13868685 0 1743 0 7324 4820811 58 0 24359 0
1791255693224641 24348899824 44 489 103077 261420919 0 3190724 13885670 0 1743 0 7326 4820906 58 0 24359 0
1791255693724867 24349400050 44 489 103157 261522007 0 3190724 13893494 0 1743 0 7329 4821000 58 0 24360 0
1791255694225239 24349900423 44 489 103236 261638295 0 3190724 13901086 0 1743 0 7330 4821097 58 0 24362 0
1791255694725882 24350401066 44 489 103315 261745697 0 3190724 13908806 0 1743 0 7331 4821194 58 0 24363 0
1791255695226647 24350901830 44 489 103393 261839389 0 3190724 13916398 0 1743 0 7333 4821288 58 0 24364 0
1791255695728908 24351404092 44 489 103473 261995030 0 3190724 13924118 0 1743 0 7333 4821386 58 0 24365 0
1791255696230480 24351905664 44 489 103551 262267970 0 3190724 13931606 0 1743 0 7335 4821478 58 0 24366 0
1791255696732104 24352407287 46 489 103632 262369378 0 3190724 13939430 0 1744 0 7335 4821574 58 0 24367 0
1791255697235945 24352911128 46 489 103711 262482299 0 3190724 13947150 0 1744 0 7337 4821669 58 0 24369 0
1791255697736300 24353411483 46 489 103790 262590870 0 3190724 13954742 0 1744 0 7338 4821766 58 0 24371 0
1791255698236768 24353911952 46 489 103870 262689161 0 3190724 13962462 0 1745 0 7339 4821861 58 0 24372 0
1791255698741088 24354416272 46 489 103950 262939982 0 3190724 13970310 0 1745 0 7340 4821958 58 0 24372 0
1791255699242923 24354918106 46 489 104028 263059835 0 3190724 13977774 0 1745 0 7341 4822051 58 0 24374 0
1791255699747759 24355422943 46 489 104108 263208595 0 3190724 13985622 0 1745 0 7342 4822146 58 0 24375 0
1791255700255068 24355930251 46 489 104189 263515265 0 3190724 13993446 0 1746 0 7342 4822241 58 0 24377 0
1791255700755541 24356430725 46 489 104269 263651410 0 3190724 14001166 0 1746 0 7344 4822336 58 0 24380 0
1791255700775336 24356450520 46 489 104273 263654710 0 3190724 14001526 0 1746 0 7345 4822339 58 0 24380 0
