22051.57 0 0 0
22056.58 1 940 44
22061.58 1 940 44
22066.59 1 940 44
22071.59 1 940 44
22076.59 1 940 44
22081.60 1 940 44
22086.60 1 940 44
22091.60 1 940 44
22096.61 1 940 44
22101.61 1 940 44
22106.62 1 940 44
22111.63 1 940 44
22116.64 1 940 44
22121.65 1 940 44
22126.66 1 940 44
22131.66 1 940 44
22136.67 1 940 44
22141.67 1 940 44
22146.68 1 940 44
22151.68 1 940 44
22156.70 1 940 44
22161.71 1 940 44
22166.72 1 940 44
22171.74 1 940 44
22176.75 1 940 44
22181.77 1 940 44
22186.78 1 940 44
22191.79 1 940 44
22196.81 1 940 44
22201.82 1 940 44
22206.82 1 940 44
22211.84 1 940 44
22216.84 1 940 44
22221.86 1 940 44
22226.86 1 940 44
22231.88 1 940 44
22236.90 1 940 44
22241.93 1 940 44
22246.93 1 940 44
22251.94 1 940 44
22256.94 1 940 44
22261.95 1 940 44
22266.95 1 940 44
22271.95 1 940 44
22276.96 1 940 44
22281.96 1 940 44
22286.97 1 940 44
22291.97 1 940 44
22296.97 1 940 44
22301.98 1 940 44
22306.98 1 940 44
22311.99 1 940 44
22316.99 1 940 44
22322.00 1 940 44
22327.00 1 940 44
22332.00 1 940 44
22337.01 1 940 44
