# hz=100 page_bytes=4096 possible_cpus=2
# program_id=72 jit_bytes=8483 xlated_bytes=4776
# pos:	0
# flags:	02000002
# mnt_id:	10
# ino:	26
# prog_type:	1
# prog_jited:	1
# prog_tag:	1a92932acb008231
# memlock:	8192
# prog_id:	72
# run_time_ns:	0
# run_cnt:	0
# recursion_misses:	0
# verified_insns:	199283
# map=counters type=6 key=4 value=32 max_entries=1
# pos:	0
# flags:	02000002
# mnt_id:	10
# ino:	26
# map_type:	6
# key_size:	4
# value_size:	32
# max_entries:	1
# map_flags:	0x0
# map_extra:	0x0
# memlock:	268
# map_id:	105
# frozen:	0
# map=accounting type=2 key=4 value=24 max_entries=1
# pos:	0
# flags:	02000002
# mnt_id:	10
# ino:	26
# map_type:	2
# key_size:	4
# value_size:	24
# max_entries:	1
# map_flags:	0x0
# map_extra:	0x0
# memlock:	224
# map_id:	106
# frozen:	0
# map=flows type=9 key=36 value=32 max_entries=1024
# pos:	0
# flags:	02000002
# mnt_id:	10
# ino:	26
# map_type:	9
# key_size:	36
# value_size:	32
# max_entries:	1024
# map_flags:	0x0
# map_extra:	0x0
# memlock:	107456
# map_id:	103
# frozen:	0
# map=departures type=9 key=40 value=8 max_entries=8192
# pos:	0
# flags:	02000002
# mnt_id:	10
# ino:	26
# map_type:	9
# key_size:	40
# value_size:	8
# max_entries:	8192
# map_flags:	0x0
# map_extra:	0x0
# memlock:	656320
# map_id:	102
# frozen:	0
# map=samples type=27 key=0 value=0 max_entries=262144
# pos:	0
# flags:	02000002
# mnt_id:	10
# ino:	26
# map_type:	27
# key_size:	0
# value_size:	0
# max_entries:	262144
# map_flags:	0x0
# map_extra:	0x0
# memlock:	275148
# map_id:	104
# frozen:	0
realtime_us monotonic_us daemon_ticks rss_pages runs runtime_ns ring_full ack_bytes upload_bytes unaccounted host_user host_nice host_system host_idle host_iowait host_irq host_softirq host_steal
1791254954323633 23609998817 25 484 0 0 0 0 2816 0 1408 0 5806 4684239 53 0 17560 0
1791254954826454 23610501637 25 484 78 145992 0 0 10536 0 1409 0 5807 4684335 54 0 17562 0
1791254955334189 23611009373 25 484 159 276081 0 0 18360 0 1409 0 5808 4684434 54 0 17563 0
1791254955834425 23611509609 25 484 239 364024 0 0 26080 0 1409 0 5808 4684528 54 0 17565 0
1791254956340411 23612015594 25 484 318 458424 0 0 33800 0 1409 0 5809 4684621 54 0 17568 0
1791254956843076 23612518260 25 484 398 575199 0 0 41392 0 1409 0 5809 4684719 54 0 17569 0
1791254957348411 23613023595 25 484 477 698357 0 0 49112 0 1409 0 5809 4684818 54 0 17570 0
1791254957853450 23613528634 26 484 558 802789 0 0 56936 0 1409 0 5810 4684915 54 0 17571 0
1791254958354392 23614029575 26 484 637 908390 0 0 64656 0 1409 0 5812 4685008 54 0 17571 0
1791254958857231 23614532415 26 484 719 1018042 0 0 72460 0 1409 0 5812 4685104 54 0 17573 0
1791254959363447 23615038630 26 484 798 1125833 0 0 80052 0 1409 0 5813 4685199 54 0 17574 0
1791254959865476 23615540659 26 484 878 1243442 0 0 87772 0 1410 0 5816 4685294 54 0 17574 0
1791254960372769 23616047952 26 484 959 1437089 0 0 95724 0 1410 0 5818 4685388 54 0 17574 0
1791254960874749 23616549933 26 484 1038 1531566 0 0 103316 0 1410 0 5819 4685481 54 0 17575 0
1791254961377615 23617052799 26 484 1118 1643711 0 0 111036 0 1410 0 5819 4685579 54 0 17577 0
1791254961881697 23617556881 26 484 1197 1745477 0 0 118756 0 1411 0 5820 4685672 54 0 17577 0
1791254962383923 23618059107 26 484 1285 1861897 0 192 127097 0 1412 0 5821 4685766 54 0 17578 0
1791254962885221 23618560405 26 484 1511 3138321 0 576 252782 0 1413 0 5821 4685864 54 0 17580 0
1791254963387225 23619062408 26 484 1726 3841903 0 576 396246 0 1413 0 5823 4685959 54 0 17581 0
1791254963888415 23619563599 27 484 1965 4318962 0 576 567630 0 1413 0 5826 4686050 54 0 17582 0
1791254964394506 23620069689 27 484 2198 4846403 0 576 740790 0 1414 0 5826 4686140 54 0 17587 0
1791254964894765 23620569949 27 484 2429 5617011 0 576 901238 0 1415 0 5827 4686233 54 0 17591 0
1791254965398156 23621073339 27 484 2635 6057963 0 576 1024758 0 1415 0 5827 4686331 54 0 17591 0
1791254965900961 23621576145 27 484 2831 6699172 0 576 1148150 0 1416 0 5828 4686428 54 0 17592 0
1791254966402618 23622077802 27 484 3036 7473880 0 576 1284022 0 1417 0 5830 4686519 54 0 17596 0
1791254966904476 23622579659 27 484 3253 7983467 0 576 1433790 0 1417 0 5831 4686610 54 0 17601 0
1791254967407801 23623082985 28 484 3485 9640445 0 576 1600542 0 1417 0 5831 4686705 54 0 17607 0
1791254967910761 23623585944 28 484 3725 10283458 0 576 1782838 0 1417 0 5831 4686802 54 0 17611 0
1791254968411273 23624086457 28 484 3948 11053331 0 576 1935462 0 1417 0 5831 4686896 54 0 17614 0
1791254968913474 23624588657 28 484 4149 11875524 0 576 2056126 0 1417 0 5831 4686994 54 0 17616 0
1791254969416462 23625091646 28 484 4345 12964093 0 576 2173342 0 1417 0 5832 4687091 54 0 17618 0
1791254969918415 23625593599 28 484 4541 13659960 0 576 2301494 0 1417 0 5833 4687185 54 0 17620 0
1791254970419372 23626094556 28 484 4755 14364185 0 576 2443542 0 1417 0 5833 4687278 54 0 17623 0
1791254970921126 23626596310 28 484 4979 15232345 0 576 2597942 0 1417 0 5833 4687376 54 0 17624 0
1791254971424652 23627099835 28 484 5217 16295949 0 576 2772414 0 1417 0 5833 4687475 54 0 17625 0
1791254971926611 23627601795 28 484 5447 16895740 0 576 2942126 0 1417 0 5833 4687571 54 0 17627 0
1791254972426933 23628102117 28 484 5671 17675915 0 576 3091894 0 1419 0 5834 4687666 54 0 17630 0
1791254972927772 23628602955 28 484 5870 18158579 0 576 3216830 0 1419 0 5834 4687759 54 0 17633 0
1791254973428842 23629104025 29 484 6082 18709346 0 576 3355790 0 1420 0 5835 4687856 54 0 17634 0
1791254973931191 23629606375 29 484 6304 19361516 0 576 3510422 0 1420 0 5835 4687952 54 0 17638 0
1791254974432249 23630107432 29 484 6544 20159282 0 576 3680134 0 1420 0 5837 4688042 54 0 17643 0
1791254974933248 23630608432 29 484 6773 20638665 0 576 3849974 0 1420 0 5837 4688137 54 0 17646 0
1791254975434357 23631109541 29 484 7005 21455635 0 576 4008878 0 1420 0 5838 4688233 54 0 17648 0
1791254975934759 23631609943 29 484 7219 21939813 0 576 4144750 0 1420 0 5838 4688329 54 0 17648 0
1791254976436375 23632111559 29 484 7425 23033550 0 576 4283582 0 1420 0 5838 4688428 54 0 17649 0
1791254976942132 23632617316 29 484 7661 24025741 0 576 4441070 0 1420 0 5838 4688527 54 0 17649 0
1791254977442495 23633117679 29 484 7895 25434903 0 576 4613998 0 1420 0 5839 4688624 54 0 17651 0
1791254977944755 23633619938 31 484 8030 26201019 0 864 4652010 0 1421 0 5839 4688716 54 0 17658 0
1791254978445663 23634120847 31 484 8112 26314911 0 864 4659962 0 1423 0 5839 4688814 54 0 17658 0
1791254978945955 23634621139 31 484 8190 26425537 0 864 4667554 0 1423 0 5839 4688908 54 0 17659 0
1791254979446204 23635121388 31 484 8270 26535867 0 864 4675274 0 1423 0 5841 4689003 54 0 17659 0
1791254979947703 23635622887 31 484 8348 27022132 0 864 4682866 0 1423 0 5843 4689096 54 0 17661 0
1791254980451519 23636126703 31 484 8428 27123238 0 864 4690586 0 1424 0 5843 4689193 54 0 17661 0
1791254980952426 23636627609 31 484 8936 29457820 0 22440 4721274 0 1424 0 5844 4689282 54 0 17668 0
1791254981456634 23637131818 31 484 10142 32314491 0 75084 4781638 0 1424 0 5845 4689377 54 0 17674 0
1791254981960476 23637635660 31 484 11316 34998026 0 125820 4839966 0 1424 0 5846 4689466 54 0 17681 0
1791254982463416 23638138600 32 484 12476 37272987 0 178392 4900258 0 1424 0 5849 4689555 54 0 17689 0
1791254982968461 23638643645 32 484 13395 39130250 0 212820 4942638 0 1425 0 5849 4689648 54 0 17696 0
1791254983470385 23639145569 32 484 14338 41132374 0 245496 4982674 0 1425 0 5850 4689740 54 0 17702 0
1791254983974345 23639649529 32 484 15300 42893776 0 277044 5022174 0 1425 0 5850 4689837 54 0 17706 0
1791254984475591 23640150775 32 484 16358 45532860 0 314580 5067430 0 1426 0 5850 4689932 54 0 17711 0
1791254984980515 23640655699 32 484 17430 48056784 0 353208 5113650 0 1426 0 5853 4690020 54 0 17720 0
1791254985484682 23641159866 32 484 18492 51048137 0 390252 5158646 0 1426 0 5855 4690108 54 0 17730 0
1791254985990573 23641665756 32 484 19493 53098064 0 424092 5199974 0 1426 0 5857 4690199 54 0 17739 0
1791254986491452 23642166636 32 484 20504 56065813 0 459804 5243638 0 1427 0 5858 4690290 54 0 17746 0
1791254986992564 23642667748 32 484 21553 59916505 0 500468 5291894 0 1427 0 5858 4690381 54 0 17754 0
1791254987497624 23643172808 33 484 22541 62283604 0 538484 5337630 0 1427 0 5858 4690468 54 0 17769 0
1791254988001693 23643676877 33 484 23567 64341767 0 575708 5382446 0 1427 0 5859 4690558 54 0 17777 0
1791254988502356 23644177540 33 484 24611 66450627 0 614012 5428470 0 1428 0 5859 4690647 54 0 17786 0
1791254989002900 23644678084 33 484 25647 69695555 0 650300 5472350 0 1428 0 5859 4690739 54 0 17794 0
1791254989504483 23645179667 33 484 26731 71463803 0 689216 5518986 0 1429 0 5860 4690830 54 0 17801 0
1791254990006221 23645681405 33 484 27777 74241801 0 725924 5563518 0 1429 0 5861 4690922 55 0 17808 0
1791254990506513 23646181697 34 484 28817 77175998 0 762104 5607418 0 1430 0 5862 4691009 55 0 17817 0
1791254991007273 23646682457 34 484 29896 79901543 0 801312 5654346 0 1430 0 5863 4691102 55 0 17823 0
1791254991513249 23647188433 34 484 31004 82080812 0 841868 5702494 0 1431 0 5866 4691192 55 0 17829 0
1791254992014347 23647689531 34 484 32051 85896714 0 878852 5747198 0 1431 0 5866 4691284 55 0 17837 0
1791254992517775 23648192958 34 484 33047 88279491 0 912932 5789126 0 1431 0 5867 4691377 55 0 17844 0
1791254993019091 23648694275 34 484 34075 90840399 0 950264 5833922 0 1431 0 5868 4691468 55 0 17850 0
1791254993519740 23649194924 34 484 35052 92637769 0 983252 5874758 0 1432 0 5868 4691556 55 0 17859 0
1791254994022436 23649697619 34 484 36121 94992113 0 1023924 5923022 0 1432 0 5869 4691649 55 0 17864 0
1791254994524994 23650200177 35 484 37113 97677651 0 1060164 5967214 0 1432 0 5869 4691738 55 0 17874 0
1791254995029644 23650704828 35 484 38168 100794396 0 1097760 6012298 0 1432 0 5870 4691836 55 0 17877 0
1791254995533691 23651208874 35 484 39196 104001003 0 1132644 6055006 0 1432 0 5871 4691931 55 0 17881 0
1791254996034132 23651709315 35 484 40206 106083076 0 1167996 6098078 0 1432 0 5871 4692023 55 0 17888 0
1791254996534656 23652209839 35 484 41250 109717300 0 1203996 6141670 0 1432 0 5873 4692108 55 0 17901 0
1791254997036482 23652711665 35 484 42283 112274314 0 1241148 6186542 0 1432 0 5873 4692200 55 0 17911 0
1791254997542338 23653217521 36 484 43383 114806203 0 1281676 6234790 0 1432 0 5875 4692293 55 0 17916 0
1791254998048226 23653723410 36 484 44396 118500386 0 1320664 6281370 0 1432 0 5877 4692387 55 0 17922 0
1791254998549805 23654224989 36 484 45366 122151009 0 1354744 6323170 0 1432 0 5878 4692470 55 0 17937 0
1791254999057109 23654732293 36 484 46456 126723369 0 1393828 6370206 0 1433 0 5878 4692560 55 0 17947 0
1791254999563009 23655238193 36 484 47512 129075122 0 1431808 6415778 0 1434 0 5879 4692652 55 0 17954 0
1791255000064493 23655739676 36 484 48563 131153282 0 1468936 6460626 0 1434 0 5881 4692745 55 0 17959 0
1791255000571291 23656246475 38 484 49568 134457472 0 1502884 6502166 0 1434 0 5881 4692833 55 0 17971 0
1791255001073045 23656748228 38 484 50363 135972832 0 1520260 6537884 0 1434 0 5881 4692921 55 0 17981 0
1791255001573180 23657248364 38 484 50441 136053317 0 1520260 6545604 0 1434 0 5881 4693019 55 0 17981 0
1791255002075632 23657750816 38 484 50521 136149986 0 1520260 6553196 0 1435 0 5881 4693117 55 0 17981 0
1791255002582695 23658257879 38 484 50600 136421414 0 1520260 6560916 0 1435 0 5882 4693215 55 0 17981 0
1791255003085963 23658761146 38 484 50680 136529065 0 1520260 6568636 0 1435 0 5884 4693310 55 0 17981 0
1791255003593206 23659268389 38 484 50761 136641458 0 1520260 6576460 0 1435 0 5884 4693409 55 0 17982 0
1791255004093885 23659769068 38 484 50903 136939577 0 1521412 6602953 0 1435 0 5886 4693501 55 0 17984 0
1791255004600425 23660275609 38 484 51903 139770872 0 1555816 6746986 0 1435 0 5886 4693598 55 0 17989 0
1791255005103022 23660778205 38 484 53089 141969447 0 1596520 6906578 0 1435 0 5886 4693688 55 0 17999 0
1791255005603497 23661278680 38 484 54286 143947931 0 1637608 7080450 0 1436 0 5886 4693776 55 0 18008 0
1791255006104133 23661779317 38 484 55201 145837015 0 1667944 7251162 0 1436 0 5887 4693868 55 0 18013 0
1791255006606860 23662282044 38 484 56054 147961280 0 1695784 7399434 0 1436 0 5888 4693961 55 0 18018 0
1791255007113115 23662788299 38 484 57163 150528732 0 1733800 7511666 0 1436 0 5888 4694053 55 0 18026 0
1791255007613858 23663289041 38 484 58237 153418708 0 1769992 7618882 0 1437 0 5888 4694146 55 0 18031 0
1791255008114316 23663789500 39 484 59348 155769525 0 1813700 7742750 0 1438 0 5890 4694235 55 0 18038 0
1791255008620870 23664296053 39 484 60309 157896682 0 1845212 7874622 0 1438 0 5890 4694330 55 0 18044 0
1791255009121022 23664796206 39 484 61339 160152211 0 1879196 8024406 0 1438 0 5891 4694419 55 0 18054 0
1791255009621375 23665296559 39 484 62392 162325413 0 1912112 8190106 0 1439 0 5892 4694508 55 0 18062 0
1791255010123015 23665798199 39 484 63299 164420547 0 1939484 8361070 0 1440 0 5892 4694599 55 0 18069 0
1791255010629517 23666304701 39 484 63892 165855519 0 1956140 8524278 0 1440 0 5892 4694697 55 0 18073 0
1791255011131598 23666806782 40 484 64469 167133150 0 1970480 8673178 0 1441 0 5894 4694784 55 0 18080 0
1791255011632085 23667307269 40 484 65424 169524535 0 1999004 8804918 0 1441 0 5894 4694875 55 0 18086 0
1791255012133363 23667808546 40 484 66503 172707574 0 2032124 8946222 0 1441 0 5894 4694967 55 0 18093 0
1791255012634630 23668309814 40 484 67583 175007316 0 2065148 9102766 0 1441 0 5894 4695052 55 0 18105 0
1791255013135341 23668810525 40 484 68727 177461698 0 2101916 9267558 0 1441 0 5895 4695141 55 0 18117 0
1791255013636127 23669311311 40 484 69873 180247655 0 2139644 9444246 0 1441 0 5896 4695237 55 0 18120 0
1791255014137313 23669812497 41 484 70851 182669965 0 2170652 9594142 0 1442 0 5896 4695330 55 0 18126 0
1791255014643648 23670318832 41 484 71937 185284943 0 2205500 9710822 0 1442 0 5896 4695421 55 0 18135 0
1791255015143808 23670818992 41 484 73093 187821199 0 2244880 9828818 0 1442 0 5896 4695512 55 0 18143 0
1791255015646032 23671321216 41 484 74172 189917266 0 2286444 9956846 0 1443 0 5896 4695607 55 0 18148 0
1791255016150554 23671825738 41 484 75231 192347949 0 2320896 10100922 0 1443 0 5899 4695701 55 0 18151 0
1791255016652263 23672327447 41 484 76387 194779562 0 2358816 10260922 0 1443 0 5902 4695793 55 0 18156 0
1791255017154050 23672829234 41 484 77548 197720458 0 2395368 10437978 0 1443 0 5902 4695886 55 0 18162 0
1791255017654948 23673330131 41 484 78341 199597418 0 2420760 10603874 0 1444 0 5903 4695980 55 0 18166 0
1791255018155321 23673830504 42 484 79101 201201153 0 2441496 10738738 0 1444 0 5903 4696072 55 0 18176 0
1791255018656801 23674331985 42 484 80176 203085573 0 2475960 10861210 0 1444 0 5904 4696160 55 0 18187 0
1791255019161332 23674836515 42 484 81280 206036810 0 2511312 11000010 0 1444 0 5904 4696249 55 0 18197 0
1791255019664525 23675339708 42 484 82412 210519119 0 2546304 11152218 0 1444 0 5905 4696335 55 0 18210 0
1791255020166805 23675841988 42 484 83566 215077506 0 2581092 11318118 0 1444 0 5907 4696421 55 0 18223 0
1791255020666951 23676342135 42 484 84667 217202689 0 2615640 11493402 0 1444 0 5908 4696513 55 0 18231 0
1791255021170802 23676845986 44 484 85535 219476122 0 2642628 11651398 0 1444 0 5908 4696605 55 0 18238 0
1791255021672191 23677347375 44 484 86549 222129688 0 2674488 11785266 0 1444 0 5908 4696697 55 0 18246 0
1791255022174473 23677849657 44 484 87638 223824188 0 2709912 11916418 0 1444 0 5910 4696785 55 0 18256 0
1791255022676193 23678351376 44 484 88722 226061522 0 2743800 12053626 0 1445 0 5912 4696877 55 0 18262 0
1791255023181634 23678856818 44 484 89920 228922548 0 2785392 12218738 0 1445 0 5913 4696971 55 0 18266 0
1791255023683179 23679358362 44 484 90947 231155059 0 2820572 12386702 0 1445 0 5914 4697059 55 0 18276 0
1791255024185106 23679860290 44 484 91776 233125706 0 2846756 12548758 0 1446 0 5915 4697157 55 0 18278 0
1791255024685984 23680361168 44 484 92459 235636523 0 2866988 12710910 0 1446 0 5915 4697252 55 0 18281 0
1791255025186888 23680862071 44 484 93119 237154963 0 2885264 12857338 0 1446 0 5916 4697346 55 0 18285 0
1791255025688255 23681363439 45 484 94118 238850223 0 2915312 13001514 0 1447 0 5916 4697439 55 0 18290 0
1791255026192310 23681867494 45 484 95269 242084643 0 2952296 13154530 0 1447 0 5917 4697525 55 0 18302 0
1791255026692799 23682367983 45 484 96400 245099658 0 2988776 13309898 0 1447 0 5918 4697615 55 0 18309 0
1791255027193381 23682868564 45 484 97589 247704195 0 3028136 13488090 0 1447 0 5920 4697703 55 0 18318 0
1791255027694757 23683369941 45 484 98533 251595866 0 3057332 13646982 0 1447 0 5924 4697786 55 0 18332 0
1791255028196663 23683871846 46 484 99529 256349892 0 3086132 13785278 0 1447 0 5926 4697869 55 0 18348 0
1791255028702806 23684377989 46 484 100613 260170713 0 3118100 13922238 0 1447 0 5927 4697955 55 0 18360 0
1791255029210006 23684885189 47 484 101496 265459914 0 3143528 14023627 0 1449 0 5929 4698020 55 0 18378 0
1791255029711285 23685386469 47 484 101757 266647855 0 3145352 14040384 0 1449 0 5931 4698111 55 0 18385 0
1791255030212227 23685887411 47 484 101835 266860670 0 3145352 14048104 0 1450 0 5933 4698202 55 0 18387 0
1791255030713292 23686388476 47 484 101915 267178391 0 3145352 14055696 0 1450 0 5934 4698296 55 0 18389 0
1791255031213962 23686889145 47 484 101995 267322601 0 3145352 14063544 0 1451 0 5935 4698391 55 0 18389 0
1791255031715667 23687390851 48 484 102074 267450100 0 3145352 14071136 0 1451 0 5936 4698484 55 0 18391 0
1791255032216113 23687891297 48 484 102153 267555103 0 3145352 14078856 0 1451 0 5936 4698579 55 0 18393 0
1791255032720361 23688395544 48 484 102233 267657533 0 3145352 14086576 0 1452 0 5936 4698673 55 0 18395 0
1791255033222567 23688897750 48 484 102312 267755064 0 3145352 14094168 0 1453 0 5937 4698768 55 0 18395 0
1791255033727833 23689403017 48 484 102392 267885955 0 3145352 14102120 0 1453 0 5937 4698865 55 0 18396 0
1791255034229528 23689904712 48 484 102471 268033011 0 3145352 14109712 0 1453 0 5939 4698959 55 0 18398 0
1791255034734094 23690409277 48 484 102551 268144352 0 3145352 14117432 0 1453 0 5940 4699049 55 0 18400 0
1791255035235349 23690910533 48 484 102630 268370021 0 3145352 14125024 0 1453 0 5940 4699147 55 0 18400 0
1791255035736268 23691411452 49 484 102711 268462197 0 3145352 14132744 0 1453 0 5940 4699242 55 0 18401 0
1791255036242217 23691917401 49 484 102790 268574192 0 3145352 14140464 0 1453 0 5940 4699337 55 0 18401 0
1791255036742707 23692417890 49 484 102868 268651152 0 3145352 14148056 0 1453 0 5940 4699436 55 0 18402 0
1791255037243434 23692918618 49 484 102948 268742659 0 3145352 14155776 0 1454 0 5940 4699532 55 0 18403 0
1791255037247420 23692922604 49 484 102949 268744637 0 3145352 14156008 0 1455 0 5940 4699533 55 0 18403 0
