22352.05 0 0 0
22357.05 2 1824 220
22362.05 2 1832 228
22367.06 2 1836 232
22372.06 2 1836 232
22377.07 2 1836 232
22382.07 2 1832 228
22387.08 2 1832 228
22392.08 2 1848 244
22397.09 2 1848 244
22402.09 2 1848 244
22407.10 2 1852 248
22412.12 2 1852 248
22417.12 2 1852 248
22422.13 2 1856 252
22427.13 2 1856 252
22432.14 2 1860 256
22437.15 2 1860 256
22442.17 2 1860 256
22447.17 2 1864 260
22452.18 2 1860 256
22457.20 2 1868 264
22462.21 2 1868 264
22467.22 2 1868 264
22472.23 2 1872 268
22477.24 2 1872 268
22482.27 2 1876 272
22487.28 2 1876 272
22492.28 2 1876 272
22497.29 2 1880 276
22502.34 2 1880 276
22507.34 2 1884 280
22512.35 2 1884 280
22517.37 2 1884 280
22522.44 2 1888 284
22527.44 2 1888 284
22532.45 2 1888 284
22537.45 2 1892 288
22542.45 2 1892 288
22547.46 2 1896 292
22552.47 2 1896 292
22557.47 2 1896 292
22562.48 2 1900 296
22567.48 2 1900 296
22572.49 2 1904 300
22577.49 2 1904 300
22582.50 2 1904 300
22587.50 2 1908 304
22592.50 2 1908 304
22597.51 2 1908 304
22602.51 1 1092 148
22607.52 1 1092 148
22612.52 1 1092 148
22617.52 1 1088 144
22622.53 1 1096 152
22627.53 1 1096 152
22632.54 1 1088 144
22637.54 1 1096 152
