# hz=100 page_bytes=4096 possible_cpus=2
# program_id=100 jit_bytes=8483 xlated_bytes=4776
# pos:	0
# flags:	02000002
# mnt_id:	10
# ino:	26
# prog_type:	1
# prog_jited:	1
# prog_tag:	1a92932acb008231
# memlock:	8192
# prog_id:	100
# run_time_ns:	0
# run_cnt:	0
# recursion_misses:	0
# verified_insns:	199283
# map=counters type=6 key=4 value=32 max_entries=1
# pos:	0
# flags:	02000002
# mnt_id:	10
# ino:	26
# map_type:	6
# key_size:	4
# value_size:	32
# max_entries:	1
# map_flags:	0x0
# map_extra:	0x0
# memlock:	268
# map_id:	124
# frozen:	0
# map=accounting type=2 key=4 value=24 max_entries=1
# pos:	0
# flags:	02000002
# mnt_id:	10
# ino:	26
# map_type:	2
# key_size:	4
# value_size:	24
# max_entries:	1
# map_flags:	0x0
# map_extra:	0x0
# memlock:	224
# map_id:	125
# frozen:	0
# map=flows type=9 key=36 value=32 max_entries=1024
# pos:	0
# flags:	02000002
# mnt_id:	10
# ino:	26
# map_type:	9
# key_size:	36
# value_size:	32
# max_entries:	1024
# map_flags:	0x0
# map_extra:	0x0
# memlock:	107456
# map_id:	122
# frozen:	0
# map=departures type=9 key=40 value=8 max_entries=8192
# pos:	0
# flags:	02000002
# mnt_id:	10
# ino:	26
# map_type:	9
# key_size:	40
# value_size:	8
# max_entries:	8192
# map_flags:	0x0
# map_extra:	0x0
# memlock:	656320
# map_id:	121
# frozen:	0
# map=samples type=27 key=0 value=0 max_entries=262144
# pos:	0
# flags:	02000002
# mnt_id:	10
# ino:	26
# map_type:	27
# key_size:	0
# value_size:	0
# max_entries:	262144
# map_flags:	0x0
# map_extra:	0x0
# memlock:	275148
# map_id:	123
# frozen:	0
realtime_us monotonic_us daemon_ticks rss_pages runs runtime_ns ring_full ack_bytes upload_bytes unaccounted host_user host_nice host_system host_idle host_iowait host_irq host_softirq host_steal
1791336426385151 61953967059 27 469 0 0 0 0 2816 0 2809 0 11649 12325383 58 0 30238 0
1791336426887707 61954469616 27 469 78 101267 0 0 10408 0 2809 0 11649 12325479 58 0 30238 0
1791336427388978 61954970887 27 469 160 193452 0 0 18360 0 2809 0 11649 12325573 58 0 30241 0
1791336427897333 61955479241 27 469 238 302790 0 0 25952 0 2809 0 11650 12325670 58 0 30242 0
1791336428398707 61955980615 27 469 318 409002 0 0 33672 0 2809 0 11651 12325766 58 0 30244 0
1791336428899048 61956480956 27 469 397 510438 0 0 41392 0 2809 0 11651 12325865 58 0 30244 0
1791336429402148 61956984056 27 469 476 610837 0 0 48984 0 2809 0 11651 12325963 58 0 30244 0
1791336429904853 61957486762 28 469 556 718542 0 0 56704 0 2809 0 11651 12326057 58 0 30246 0
1791336430405371 61957987280 28 469 636 832272 0 0 64424 0 2809 0 11652 12326150 58 0 30249 0
1791336430906690 61958488598 28 469 718 950416 0 0 72332 0 2809 0 11653 12326243 59 0 30251 0
1791336431407324 61958989233 28 469 797 1043870 0 0 80052 0 2809 0 11653 12326337 59 0 30253 0
1791336431907859 61959489768 28 469 878 1154487 0 0 87772 0 2809 0 11653 12326436 59 0 30253 0
1791336432408430 61959990338 28 469 957 1247327 0 0 95364 0 2809 0 11654 12326535 59 0 30254 0
1791336432908984 61960490893 28 469 1035 1370501 0 0 103084 0 2809 0 11654 12326627 59 0 30257 0
1791336433409247 61960991156 28 469 1115 1662979 0 0 110676 0 2809 0 11656 12326721 59 0 30259 0
1791336433914158 61961496066 28 469 1194 1776083 0 0 118396 0 2809 0 11656 12326817 59 0 30261 0
1791336434416690 61961998598 29 469 1277 1897314 0 96 126321 0 2809 0 11657 12326914 59 0 30263 0
1791336434917330 61962499238 29 469 1494 2566151 0 576 243158 0 2809 0 11657 12327009 59 0 30267 0
1791336435423237 61963005145 29 469 1721 3293715 0 576 395886 0 2809 0 11659 12327103 59 0 30267 0
1791336435925045 61963506953 29 469 1963 4156198 0 576 564182 0 2809 0 11659 12327196 59 0 30273 0
1791336436425875 61964007784 29 469 2198 4704660 0 576 735566 0 2809 0 11659 12327293 59 0 30273 0
1791336436927198 61964509107 29 469 2434 5287068 0 576 889838 0 2809 0 11659 12327388 59 0 30276 0
1791336437433393 61965015301 29 469 2681 6052858 0 576 1050646 0 2809 0 11659 12327488 59 0 30278 0
1791336437936502 61965518410 29 469 2913 7003979 0 576 1205046 0 2809 0 11659 12327584 59 0 30279 0
1791336438442054 61966023962 30 469 3126 7860231 0 576 1343878 0 2809 0 11659 12327682 59 0 30280 0
1791336438947023 61966528932 30 469 3348 8496089 0 576 1498278 0 2809 0 11659 12327781 59 0 30281 0
1791336439447848 61967029756 30 469 3584 9256464 0 576 1668118 0 2809 0 11659 12327879 59 0 30283 0
1791336439949680 61967531588 30 469 3818 10125102 0 576 1845678 0 2809 0 11659 12327979 59 0 30284 0
1791336440451985 61968033893 30 469 4040 11403279 0 576 1995318 0 2809 0 11660 12328070 59 0 30288 0
1791336440954173 61968536081 30 469 4235 11935815 0 576 2105174 0 2809 0 11660 12328167 59 0 30288 0
1791336441456496 61969038404 30 469 4423 12370518 0 576 2217758 0 2809 0 11660 12328265 59 0 30288 0
1791336441961576 61969543484 30 469 4621 13351940 0 576 2342822 0 2809 0 11661 12328363 59 0 30289 0
1791336442464233 61970046141 30 469 4825 14028406 0 576 2480238 0 2809 0 11661 12328458 59 0 30293 0
1791336442967461 61970549370 30 469 5043 16990147 0 576 2629878 0 2810 0 11661 12328547 59 0 30298 0
1791336443469733 61971051641 30 469 5277 18534003 0 576 2796862 0 2810 0 11661 12328644 59 0 30302 0
1791336443970758 61971552667 30 469 5510 20469362 0 576 2968118 0 2812 0 11661 12328734 59 0 30306 0
1791336444477211 61972059119 30 469 5739 22109226 0 576 3124062 0 2812 0 11661 12328831 59 0 30308 0
1791336444979353 61972561261 31 469 5944 23257968 0 576 3247582 0 2813 0 11663 12328928 59 0 30310 0
1791336445487108 61973069017 31 469 6156 24432676 0 576 3383454 0 2813 0 11667 12329020 59 0 30312 0
1791336445988238 61973570147 31 469 6374 26336380 0 576 3533094 0 2813 0 11667 12329110 59 0 30319 0
1791336446492604 61974074512 31 469 6612 28644708 0 576 3698662 0 2813 0 11667 12329207 59 0 30324 0
1791336446995704 61974577613 32 469 6849 30096396 0 576 3876094 0 2813 0 11668 12329299 59 0 30330 0
1791336447496352 61975078260 33 469 7075 31158846 0 576 4033582 0 2813 0 11669 12329394 59 0 30332 0
1791336447997802 61975579711 33 469 7296 31923844 0 576 4166366 0 2813 0 11669 12329490 59 0 30333 0
1791336448498822 61976080730 33 469 7500 32661398 0 576 4302110 0 2813 0 11669 12329588 59 0 30335 0
1791336448999433 61976581342 33 469 7721 33224276 0 576 4453422 0 2813 0 11669 12329682 59 0 30340 0
1791336449499718 61977081626 33 469 7954 34083047 0 576 4618630 0 2813 0 11669 12329777 59 0 30344 0
1791336450004862 61977586770 33 469 8081 34290484 0 864 4653554 0 2813 0 11669 12329871 59 0 30348 0
1791336450507782 61978089690 33 469 8162 34403592 0 864 4661274 0 2813 0 11669 12329968 59 0 30349 0
1791336451008581 61978590490 33 469 8242 34507472 0 864 4669226 0 2813 0 11669 12330062 59 0 30349 0
1791336451508898 61979090807 34 469 8322 34595834 0 864 4676818 0 2814 0 11669 12330154 59 0 30353 0
1791336452015270 61979597179 34 469 8402 34700799 0 864 4684538 0 2815 0 11669 12330249 59 0 30353 0
1791336452516473 61980098381 34 469 8482 34808144 0 864 4692258 0 2815 0 11669 12330344 59 0 30354 0
1791336453017507 61980599416 34 469 9008 36417134 0 23184 4723690 0 2815 0 11671 12330436 59 0 30359 0
1791336453517657 61981099566 34 469 9964 38578257 0 53544 4761770 0 2815 0 11671 12330525 59 0 30369 0
1791336454018117 61981600026 34 469 10823 40742528 0 78684 4794502 0 2815 0 11672 12330615 59 0 30378 0
1791336454518702 61982100610 34 469 11761 42943180 0 108204 4831742 0 2815 0 11674 12330706 59 0 30384 0
1791336455019522 61982601430 34 469 12912 46863488 0 157536 4888666 0 2815 0 11674 12330795 59 0 30393 0
1791336455526031 61983107939 34 469 14047 49198645 0 203244 4942094 0 2815 0 11676 12330888 59 0 30398 0
1791336456027313 61983609221 35 469 15108 52062641 0 243756 4990326 0 2816 0 11677 12330976 59 0 30406 0
1791336456527672 61984109580 35 469 16176 54006937 0 285144 5039538 0 2816 0 11679 12331065 59 0 30413 0
1791336457028272 61984610181 35 469 17239 56791561 0 325152 5087034 0 2816 0 11680 12331156 59 0 30421 0
1791336457530521 61985112428 35 469 18315 58629249 0 366228 5136062 0 2816 0 11680 12331246 59 0 30429 0
1791336458037591 61985619499 35 469 19376 64072306 0 406768 5184194 0 2816 0 11680 12331337 59 0 30438 0
1791336458538430 61986120338 35 469 20263 69196640 0 440960 5226106 0 2816 0 11680 12331432 59 0 30444 0
1791336459040947 61986622856 35 469 21269 71830397 0 477836 5270574 0 2816 0 11681 12331524 59 0 30452 0
1791336459547129 61987129038 36 469 22291 73480928 0 513356 5314046 0 2816 0 11682 12331612 59 0 30463 0
1791336460048957 61987630866 36 469 23336 76043768 0 550868 5358918 0 2817 0 11682 12331707 59 0 30468 0
1791336460555269 61988137178 36 469 24465 78646067 0 594020 5410022 0 2818 0 11683 12331789 59 0 30484 0
1791336461058207 61988640115 36 469 25550 81912920 0 634436 5458158 0 2818 0 11683 12331882 59 0 30490 0
1791336461560871 61989142779 36 469 26580 84195386 0 671696 5503138 0 2818 0 11684 12331973 59 0 30500 0
1791336462065765 61989647674 36 469 27604 86435412 0 708464 5547498 0 2818 0 11686 12332066 59 0 30505 0
1791336462574456 61990156365 37 469 28682 89152748 0 747452 5594206 0 2818 0 11686 12332159 59 0 30513 0
1791336463075000 61990656909 37 469 29735 91880932 0 787496 5642074 0 2818 0 11687 12332250 59 0 30520 0
1791336463575321 61991157230 37 469 30743 93686012 0 827444 5689742 0 2818 0 11688 12332339 59 0 30527 0
1791336464076474 61991658383 37 469 31781 96078716 0 863672 5733690 0 2818 0 11689 12332430 59 0 30535 0
1791336464578432 61992160340 37 469 32792 98489811 0 898916 5776526 0 2819 0 11690 12332519 59 0 30546 0
1791336465079725 61992661634 37 469 33828 101125228 0 935000 5820330 0 2819 0 11692 12332611 59 0 30551 0
1791336465587828 61993169736 37 469 34844 103291020 0 970592 5863642 0 2819 0 11694 12332700 59 0 30559 0
1791336466091884 61993673792 37 469 35893 107942594 0 1007324 5908326 0 2820 0 11695 12332784 60 0 30575 0
1791336466592121 61994174029 37 469 36916 110042458 0 1044308 5952902 0 2820 0 11695 12332874 60 0 30585 0
1791336467094774 61994676683 38 469 37919 112965820 0 1078520 5994834 0 2820 0 11695 12332966 60 0 30591 0
1791336467596388 61995178297 38 469 38868 115306924 0 1110236 6034142 0 2820 0 11697 12333053 60 0 30601 0
1791336468097526 61995679434 38 469 39917 118182996 0 1149924 6081550 0 2820 0 11698 12333146 60 0 30607 0
1791336468600685 61996182593 38 469 40851 123725356 0 1188536 6127754 0 2820 0 11699 12333229 60 0 30619 0
1791336469101972 61996683880 38 469 41782 127223247 0 1221728 6168666 0 2820 0 11700 12333316 60 0 30630 0
1791336469612868 61997194777 38 469 42789 130626671 0 1256576 6211466 0 2820 0 11702 12333409 60 0 30636 0
1791336470117870 61997699777 39 469 43784 136101993 0 1288724 6251206 0 2820 0 11706 12333491 60 0 30650 0
1791336470621460 61998203368 39 469 44762 141801189 0 1320416 6290618 0 2821 0 11706 12333576 60 0 30665 0
1791336471122636 61998704544 39 469 45732 147531596 0 1351964 6329758 0 2823 0 11712 12333656 60 0 30675 0
1791336471628119 61999210028 40 469 46745 151744076 0 1385600 6371346 0 2824 0 11713 12333739 60 0 30690 0
1791336472133452 61999715360 40 469 47778 155409118 0 1421792 6414898 0 2824 0 11716 12333827 60 0 30698 0
1791336472635995 62000217904 40 469 48764 158654908 0 1454712 6455770 0 2824 0 11718 12333916 60 0 30706 0
1791336473138454 62000720362 40 469 49518 161509986 0 1470264 6489806 0 2824 0 11720 12334005 60 0 30716 0
1791336473639172 62001221081 40 469 49598 161685648 0 1470264 6497526 0 2824 0 11721 12334102 60 0 30718 0
1791336474139455 62001721364 40 469 49677 161860605 0 1470264 6505246 0 2824 0 11722 12334197 60 0 30719 0
1791336474640421 62002222329 41 469 49756 162005784 0 1470264 6512838 0 2824 0 11723 12334290 60 0 30721 0
1791336475146948 62002728856 41 469 49835 162202665 0 1470264 6520558 0 2824 0 11725 12334380 60 0 30724 0
1791336475648163 62003230071 41 469 49915 162640285 0 1470264 6528382 0 2824 0 11725 12334474 60 0 30725 0
1791336476148593 62003730502 41 469 50060 163206567 0 1471512 6554872 0 2824 0 11728 12334565 60 0 30731 0
1791336476650378 62004232286 41 469 51083 167732382 0 1505004 6685740 0 2825 0 11729 12334653 60 0 30741 0
1791336477154846 62004736754 43 469 52097 172370950 0 1531728 6800472 0 2825 0 11730 12334737 60 0 30755 0
1791336477655262 62005237171 43 469 53042 176056006 0 1556088 6915800 0 2825 0 11732 12334824 60 0 30764 0
1791336478157100 62005739009 44 469 54022 181004085 0 1581004 7031812 0 2825 0 11732 12334907 60 0 30780 0
1791336478658048 62006239956 44 469 55003 185588352 0 1618960 7159192 0 2825 0 11734 12334999 60 0 30786 0
1791336479160085 62006741994 44 469 56110 190395229 0 1661156 7300204 0 2828 0 11737 12335084 60 0 30796 0
1791336479666777 62007248686 44 469 57254 193601336 0 1705124 7446076 0 2828 0 11738 12335176 60 0 30802 0
1791336480168306 62007750215 45 469 58321 197476176 0 1740944 7619184 0 2828 0 11740 12335267 60 0 30809 0
1791336480671166 62008253074 45 469 59059 199858340 0 1763356 7785420 0 2828 0 11742 12335355 60 0 30818 0
1791336481176801 62008758709 46 469 59729 204064658 0 1781508 7943948 0 2829 0 11744 12335437 60 0 30831 0
1791336481678758 62009260667 46 469 60678 207174107 0 1809456 8076888 0 2829 0 11746 12335525 60 0 30841 0
1791336482182121 62009764028 46 469 61774 211045184 0 1842252 8225356 0 2829 0 11747 12335609 60 0 30856 0
1791336482682627 62010264534 47 469 62927 215420269 0 1877964 8369148 0 2830 0 11749 12335693 60 0 30868 0
1791336483189738 62010771646 47 469 64046 220117829 0 1913004 8507764 0 2831 0 11750 12335776 60 0 30884 0
1791336483697581 62011279488 47 469 65248 224680819 0 1952536 8680184 0 2831 0 11750 12335865 60 0 30896 0
1791336484202173 62011784082 47 469 66235 228354836 0 1986040 8846472 0 2831 0 11750 12335956 60 0 30904 0
1791336484703324 62012285230 48 469 67025 231179832 0 2009272 9000816 0 2831 0 11753 12336042 60 0 30916 0
1791336485204077 62012785986 48 469 67939 237804062 0 2036452 9145212 0 2831 0 11755 12336126 60 0 30926 0
1791336485704452 62013286360 49 469 69074 241521374 0 2074104 9307928 0 2831 0 11761 12336212 60 0 30935 0
1791336486207838 62013789746 49 469 69984 245453390 0 2102496 9473608 0 2832 0 11764 12336297 60 0 30946 0
1791336486708188 62014290097 49 469 70843 247739899 0 2129436 9628572 0 2833 0 11765 12336386 60 0 30954 0
1791336487212273 62014794182 50 469 71898 254486305 0 2159388 9774556 0 2833 0 11769 12336459 60 0 30979 0
1791336487714233 62015296142 51 469 73029 258572850 0 2195772 9934332 0 2833 0 11771 12336540 60 0 30996 0
1791336488221266 62015803174 51 469 74034 263348702 0 2225436 10099740 0 2835 0 11773 12336616 60 0 31011 0
1791336488722291 62016304199 51 469 75051 268757106 0 2255484 10273252 0 2835 0 11774 12336700 60 0 31025 0
1791336489223030 62016804939 51 469 75910 271777574 0 2281020 10422308 0 2835 0 11776 12336785 60 0 31038 0
1791336489726373 62017308282 51 469 76964 276840608 0 2312892 10528164 0 2836 0 11777 12336868 60 0 31052 0
1791336490226869 62017808777 53 469 78090 282515248 0 2351268 10637564 0 2836 0 11779 12336958 60 0 31059 0
1791336490729925 62018311834 53 469 79086 285336542 0 2392792 10751656 0 2836 0 11779 12337050 60 0 31069 0
1791336491237947 62018819855 53 469 79943 289209932 0 2417308 10885900 0 2836 0 11781 12337133 60 0 31083 0
1791336491738623 62019320532 54 469 80917 293055028 0 2448700 11030004 0 2836 0 11786 12337216 60 0 31094 0
1791336492240812 62019822720 54 469 82019 297825090 0 2484148 11187300 0 2836 0 11787 12337303 60 0 31105 0
1791336492744857 62020326766 55 469 83116 301207967 0 2518708 11365452 0 2836 0 11789 12337385 60 0 31118 0
1791336493247546 62020829454 55 469 83915 304806536 0 2542192 11520048 0 2836 0 11790 12337475 60 0 31128 0
1791336493751433 62021333341 55 469 84605 307302612 0 2559544 11685624 0 2837 0 11791 12337563 60 0 31137 0
1791336494256551 62021838459 55 469 85239 309957339 0 2576896 11838952 0 2837 0 11792 12337650 60 0 31148 0
1791336494759920 62022341828 56 469 86196 313171355 0 2605408 11974000 0 2837 0 11795 12337743 60 0 31153 0
1791336495260655 62022842563 56 469 87321 318964623 0 2639488 12117576 0 2838 0 11796 12337826 60 0 31169 0
1791336495763432 62023345340 56 469 88447 325305703 0 2675680 12254128 0 2838 0 11798 12337916 60 0 31177 0
1791336496271707 62023853616 57 469 89605 330766894 0 2711680 12407472 0 2838 0 11801 12338000 60 0 31190 0
1791336496777989 62024359897 60 469 90495 334549382 0 2743160 12539288 0 2838 0 11803 12338070 60 0 31200 0
1791336497279961 62024861869 60 469 91346 338095190 0 2771860 12700772 0 2839 0 11805 12338160 60 0 31209 0
1791336497784242 62025366150 60 469 91986 340523940 0 2790052 12863972 0 2839 0 11806 12338252 60 0 31215 0
1791336498288025 62025869933 60 469 92567 344003652 0 2805112 13016448 0 2839 0 11806 12338343 60 0 31222 0
1791336498788886 62026370795 60 469 93467 346711468 0 2832628 13148956 0 2839 0 11807 12338433 60 0 31229 0
1791336499290443 62026872351 62 469 94600 351528638 0 2871088 13294056 0 2840 0 11809 12338520 60 0 31239 0
1791336499790598 62027372506 62 469 95638 355087343 0 2903572 13452916 0 2840 0 11813 12338603 60 0 31250 0
1791336500292407 62027874314 62 469 96752 358933953 0 2937028 13620804 0 2840 0 11814 12338690 60 0 31260 0
1791336500792885 62028374794 62 469 97740 361065987 0 2967928 13784488 0 2840 0 11815 12338784 60 0 31266 0
1791336501297688 62028879596 62 469 98596 362902181 0 2993140 13924688 0 2840 0 11816 12338875 60 0 31273 0
1791336501798670 62029380579 63 469 98901 363304465 0 2995060 13943809 0 2840 0 11816 12338971 60 0 31274 0
1791336502299063 62029880971 63 469 98980 363416343 0 2995060 13951401 0 2840 0 11816 12339068 60 0 31274 0
1791336502805836 62030387745 63 469 99060 363538367 0 2995060 13959121 0 2840 0 11817 12339160 60 0 31277 0
1791336503307355 62030889263 63 469 99138 363707858 0 2995060 13966713 0 2841 0 11817 12339256 60 0 31277 0
1791336503808076 62031389985 63 469 99219 363900044 0 2995060 13974665 0 2842 0 11817 12339343 60 0 31281 0
1791336504310562 62031892470 63 469 99299 364088801 0 2995060 13982257 0 2842 0 11817 12339442 60 0 31281 0
1791336504811834 62032393742 63 469 99378 364657117 0 2995060 13989977 0 2842 0 11817 12339538 60 0 31285 0
1791336505315009 62032896917 64 469 99458 364848340 0 2995060 13997697 0 2842 0 11817 12339634 60 0 31287 0
1791336505817877 62033399786 64 469 99537 365024219 0 2995060 14005289 0 2842 0 11817 12339728 60 0 31289 0
1791336506322324 62033904231 64 469 99616 365213878 0 2995060 14013009 0 2842 0 11817 12339820 60 0 31291 0
1791336506823275 62034405184 64 469 99695 365371682 0 2995060 14020601 0 2842 0 11817 12339911 60 0 31294 0
1791336507326728 62034908635 64 469 99774 366291442 0 2995060 14028321 0 2842 0 11818 12340007 60 0 31296 0
1791336507828612 62035410521 64 469 99855 366755146 0 2995060 14036273 0 2842 0 11819 12340106 60 0 31296 0
1791336508329248 62035911156 65 469 99935 367198777 0 2995060 14043865 0 2842 0 11820 12340201 60 0 31297 0
1791336508829446 62036411354 65 469 100013 367851630 0 2995060 14051457 0 2842 0 11821 12340285 60 0 31305 0
1791336509330878 62036912787 65 469 100092 368037294 0 2995060 14059177 0 2842 0 11823 12340377 60 0 31308 0
1791336509352591 62036934500 65 469 100095 368043307 0 2995060 14059409 0 2843 0 11824 12340380 60 0 31308 0
