# hz=100 page_bytes=4096 possible_cpus=2
# program_id=8 jit_bytes=8483 xlated_bytes=4776
# pos:	0
# flags:	02000002
# mnt_id:	10
# ino:	26
# prog_type:	1
# prog_jited:	1
# prog_tag:	1a92932acb008231
# memlock:	8192
# prog_id:	8
# run_time_ns:	0
# run_cnt:	0
# recursion_misses:	0
# verified_insns:	199283
# map=counters type=6 key=4 value=32 max_entries=1
# pos:	0
# flags:	02000002
# mnt_id:	10
# ino:	26
# map_type:	6
# key_size:	4
# value_size:	32
# max_entries:	1
# map_flags:	0x0
# map_extra:	0x0
# memlock:	268
# map_id:	9
# frozen:	0
# map=accounting type=2 key=4 value=24 max_entries=1
# pos:	0
# flags:	02000002
# mnt_id:	10
# ino:	26
# map_type:	2
# key_size:	4
# value_size:	24
# max_entries:	1
# map_flags:	0x0
# map_extra:	0x0
# memlock:	224
# map_id:	10
# frozen:	0
# map=flows type=9 key=36 value=32 max_entries=1024
# pos:	0
# flags:	02000002
# mnt_id:	10
# ino:	26
# map_type:	9
# key_size:	36
# value_size:	32
# max_entries:	1024
# map_flags:	0x0
# map_extra:	0x0
# memlock:	107456
# map_id:	7
# frozen:	0
# map=departures type=9 key=40 value=8 max_entries=8192
# pos:	0
# flags:	02000002
# mnt_id:	10
# ino:	26
# map_type:	9
# key_size:	40
# value_size:	8
# max_entries:	8192
# map_flags:	0x0
# map_extra:	0x0
# memlock:	656320
# map_id:	6
# frozen:	0
# map=samples type=27 key=0 value=0 max_entries=262144
# pos:	0
# flags:	02000002
# mnt_id:	10
# ino:	26
# map_type:	27
# key_size:	0
# value_size:	0
# max_entries:	262144
# map_flags:	0x0
# map_extra:	0x0
# memlock:	275148
# map_id:	8
# frozen:	0
realtime_us monotonic_us daemon_ticks rss_pages runs runtime_ns ring_full ack_bytes upload_bytes unaccounted host_user host_nice host_system host_idle host_iowait host_irq host_softirq host_steal
1791276874569873 2402151782 24 471 0 0 0 0 2816 0 162 0 1233 471806 36 0 1366 0
1791276875071356 2402653265 24 471 78 84617 0 0 10536 0 162 0 1233 471899 36 0 1368 0
1791276875572466 2403154374 24 471 158 155052 0 0 18360 0 162 0 1234 471993 36 0 1369 0
1791276876072769 2403654678 24 471 237 237767 0 0 26080 0 162 0 1235 472085 36 0 1369 0
1791276876574756 2404156664 24 471 318 326384 0 0 33800 0 162 0 1235 472179 36 0 1369 0
1791276877075038 2404656946 24 471 396 407991 0 0 41392 0 162 0 1235 472271 36 0 1369 0
1791276877577166 2405159074 25 471 476 497435 0 0 49112 0 162 0 1235 472369 36 0 1369 0
1791276878079821 2405661729 25 471 556 572103 0 0 56832 0 162 0 1235 472465 36 0 1370 0
1791276878581914 2406163823 25 471 635 638299 0 0 64424 0 162 0 1235 472559 36 0 1370 0
1791276879082700 2406664609 25 471 716 708298 0 0 72228 0 162 0 1235 472653 36 0 1372 0
1791276879585675 2407167583 25 471 796 783028 0 0 79820 0 162 0 1235 472749 36 0 1372 0
1791276880087358 2407669267 25 471 876 872634 0 0 87540 0 162 0 1235 472843 36 0 1372 0
1791276880588593 2408170501 25 471 955 948794 0 0 95260 0 162 0 1236 472936 36 0 1374 0
1791276881097023 2408678931 25 471 1035 1024668 0 0 102852 0 162 0 1236 473025 36 0 1378 0
1791276881597973 2409179882 25 471 1114 1240706 0 0 110804 0 162 0 1237 473114 36 0 1379 0
1791276882100564 2409682473 25 471 1194 1325846 0 0 118396 0 163 0 1237 473203 36 0 1383 0
1791276882604288 2410186196 25 471 1278 1472363 0 96 126449 0 163 0 1237 473298 36 0 1384 0
1791276883109071 2410690980 25 471 1487 1878429 0 576 243158 0 163 0 1237 473388 36 0 1388 0
1791276883611770 2411193678 25 471 1713 2978201 0 576 397558 0 163 0 1238 473484 36 0 1391 0
1791276884116319 2411698228 25 471 1950 3765967 0 576 567398 0 163 0 1239 473583 36 0 1391 0
1791276884617661 2412199570 25 471 2184 4300970 0 576 739014 0 163 0 1240 473678 36 0 1392 0
1791276885121491 2412703400 25 471 2419 5030951 0 576 902550 0 163 0 1240 473772 36 0 1395 0
1791276885624251 2413206160 25 471 2627 5631183 0 576 1026070 0 164 0 1241 473864 36 0 1400 0
1791276886127946 2413709854 25 471 2818 5896881 0 576 1151006 0 164 0 1242 473962 36 0 1400 0
1791276886628959 2414210867 25 471 3025 6418619 0 576 1288422 0 164 0 1242 474056 36 0 1405 0
1791276887130045 2414711954 27 471 3244 6942849 0 576 1441278 0 164 0 1242 474152 36 0 1408 0
1791276887636580 2415218489 27 471 3482 7906902 0 576 1610990 0 164 0 1242 474246 36 0 1414 0
1791276888138189 2415720098 27 471 3718 8400392 0 576 1793414 0 164 0 1243 474339 36 0 1415 0
1791276888638702 2416220611 27 471 3947 9173765 0 576 1947814 0 164 0 1244 474434 36 0 1416 0
1791276889142205 2416723951 27 471 4140 10060449 0 576 2060398 0 164 0 1244 474525 36 0 1420 0
1791276889646635 2417228544 27 471 4332 10547306 0 576 2173110 0 164 0 1246 474621 36 0 1421 0
1791276890148828 2417730736 27 471 4528 11274444 0 576 2298174 0 164 0 1247 474719 36 0 1423 0
1791276890656477 2418238386 27 471 4739 12130312 0 576 2433918 0 164 0 1247 474810 36 0 1428 0
1791276891158213 2418740121 27 471 4961 12620347 0 576 2585230 0 164 0 1247 474908 36 0 1430 0
1791276891660828 2419242737 27 471 5194 13504821 0 576 2752086 0 164 0 1248 475005 36 0 1431 0
1791276892167805 2419749714 28 471 5433 14053642 0 576 2929774 0 165 0 1248 475099 36 0 1432 0
1791276892672015 2420253924 28 471 5661 14546973 0 576 3087262 0 165 0 1248 475196 36 0 1436 0
1791276893174102 2420756010 28 471 5866 15006907 0 576 3215286 0 165 0 1249 475292 36 0 1437 0
1791276893676870 2421258778 28 471 6066 15699714 0 576 3346526 0 165 0 1250 475388 36 0 1438 0
1791276894181705 2421763614 28 471 6280 16173599 0 576 3493438 0 167 0 1250 475484 36 0 1440 0
1791276894683565 2422265473 28 471 6508 16825011 0 576 3652470 0 167 0 1251 475581 36 0 1440 0
1791276895184324 2422766232 28 471 6746 17990438 0 576 3829902 0 167 0 1251 475675 36 0 1444 0
1791276895686242 2423268151 28 471 6977 18728580 0 576 4001286 0 167 0 1251 475772 36 0 1446 0
1791276896187607 2423769515 28 471 7191 19352267 0 576 4133942 0 167 0 1253 475867 36 0 1448 0
1791276896689823 2424271731 28 471 7377 20114931 0 576 4245110 0 167 0 1254 475963 36 0 1451 0
1791276897190551 2424772460 29 471 7571 21163126 0 576 4366958 0 167 0 1255 476054 36 0 1456 0
1791276897690986 2425272894 29 471 7773 21883696 0 576 4501286 0 167 0 1255 476143 36 0 1462 0
1791276898196410 2425778318 29 471 7896 22521437 0 960 4530276 0 167 0 1255 476241 36 0 1462 0
1791276898697326 2426279235 29 471 7976 22766393 0 960 4538100 0 167 0 1256 476340 36 0 1462 0
1791276899198837 2426780745 29 471 8054 22853033 0 960 4545820 0 167 0 1256 476436 36 0 1462 0
1791276899705645 2427287554 29 471 8134 22928728 0 960 4553412 0 167 0 1256 476533 36 0 1463 0
1791276900206754 2427788663 29 471 8214 22999356 0 960 4561132 0 167 0 1256 476628 36 0 1465 0
1791276900709088 2428290997 29 471 8293 23081202 0 960 4568852 0 167 0 1256 476722 36 0 1465 0
1791276901210684 2428792593 29 471 8852 24144701 0 24132 4601136 0 167 0 1258 476814 36 0 1471 0
1791276901716826 2429298734 30 471 9877 26269739 0 66948 4651672 0 168 0 1259 476909 36 0 1473 0
1791276902217944 2429799853 30 471 10980 28291241 0 111780 4704456 0 168 0 1261 477001 36 0 1478 0
1791276902718977 2430300886 30 471 12100 30512949 0 158148 4758416 0 168 0 1261 477094 36 0 1486 0
1791276903223132 2430805041 30 471 13225 32783994 0 204132 4812120 0 168 0 1262 477188 36 0 1490 0
1791276903731035 2431312944 30 471 14389 35877054 0 251172 4866752 0 168 0 1262 477281 36 0 1497 0
1791276904234698 2431816606 30 471 15548 38134565 0 299816 4923116 0 168 0 1264 477374 36 0 1502 0
1791276904735119 2432317027 30 471 16639 40069546 0 347156 4978408 0 168 0 1267 477468 36 0 1504 0
1791276905237417 2432819326 30 471 17591 42051610 0 382448 5021292 0 168 0 1268 477565 36 0 1505 0
1791276905743076 2433324985 30 471 18624 43662664 0 420680 5067244 0 168 0 1269 477657 36 0 1511 0
1791276906246701 2433828610 31 471 19708 45834885 0 460784 5115068 0 168 0 1270 477748 36 0 1519 0
1791276906748445 2434330354 31 471 20779 48455383 0 500612 5162488 0 168 0 1272 477842 36 0 1524 0
1791276907250682 2434832591 31 471 21842 50920016 0 539492 5209088 0 168 0 1272 477935 36 0 1532 0
1791276907755505 2435337414 31 471 22864 54142505 0 576932 5254248 0 168 0 1273 478020 36 0 1544 0
1791276908258069 2435839977 31 471 24016 56993762 0 625452 5310592 0 168 0 1274 478114 36 0 1549 0
1791276908762377 2436344286 31 471 25060 59178030 0 663660 5356520 0 169 0 1275 478207 36 0 1554 0
1791276909266246 2436848154 31 471 25923 60872718 0 695196 5395776 0 169 0 1276 478302 36 0 1557 0
1791276909768295 2437350204 31 471 26748 62474175 0 722172 5430472 0 169 0 1276 478395 36 0 1564 0
1791276910269020 2437850929 31 471 27706 64521635 0 754572 5470592 0 169 0 1279 478487 36 0 1571 0
1791276910769571 2438351479 31 471 28723 66375806 0 788508 5512120 0 169 0 1279 478581 36 0 1577 0
1791276911272454 2438854363 32 471 29736 68980395 0 822816 5554148 0 169 0 1280 478670 36 0 1584 0
1791276911777838 2439359747 32 471 30744 71934361 0 857640 5596564 0 169 0 1280 478758 36 0 1595 0
1791276912278960 2439860868 32 471 31752 74834480 0 891912 5638556 0 169 0 1283 478848 36 0 1601 0
1791276912789315 2440371223 32 471 32754 77241787 0 925992 5680588 0 170 0 1285 478939 36 0 1607 0
1791276913290617 2440872525 32 471 33832 79824589 0 967336 5729652 0 170 0 1286 479034 36 0 1612 0
1791276913795141 2441377050 32 471 34766 82375148 0 1005528 5775436 0 172 0 1287 479123 36 0 1619 0
1791276914295903 2441877812 32 471 35707 84951745 0 1039236 5816864 0 172 0 1287 479215 36 0 1624 0
1791276914796257 2442378166 33 471 36743 87415734 0 1075572 5861152 0 172 0 1289 479309 36 0 1627 0
1791276915296748 2442878657 33 471 37730 89507375 0 1110012 5903184 0 172 0 1290 479399 36 0 1635 0
1791276915797452 2443379360 33 471 38735 91491481 0 1145244 5946136 0 172 0 1291 479491 36 0 1642 0
1791276916298018 2443879927 33 471 39748 94101878 0 1181340 5989824 0 172 0 1291 479581 36 0 1650 0
1791276916800507 2444382416 33 471 40838 97278024 0 1222584 6038788 0 172 0 1291 479673 36 0 1657 0
1791276917306299 2444888207 33 471 41915 99675145 0 1268584 6092508 0 172 0 1291 479769 36 0 1662 0
1791276917807302 2445389211 33 471 42810 102748021 0 1300816 6132332 0 172 0 1293 479862 36 0 1666 0
1791276918310393 2445892301 33 471 43633 104666602 0 1328296 6167532 0 172 0 1294 479956 36 0 1672 0
1791276918810962 2446392870 33 471 44567 106727854 0 1358980 6205808 0 172 0 1295 480046 36 0 1679 0
1791276919311456 2446893365 33 471 45578 109063514 0 1393960 6248508 0 172 0 1298 480138 36 0 1685 0
1791276919812571 2447394480 34 471 46590 111404892 0 1428616 6291116 0 172 0 1298 480228 36 0 1695 0
1791276920313911 2447895820 34 471 47626 114328024 0 1464424 6334516 0 173 0 1300 480316 36 0 1702 0
1791276920814371 2448396280 34 471 48600 116913432 0 1499188 6377000 0 173 0 1302 480404 36 0 1710 0
1791276921315196 2448897104 34 471 49405 118733623 0 1517524 6415583 0 174 0 1303 480493 36 0 1717 0
1791276921816844 2449398752 34 471 49485 118811367 0 1517524 6423303 0 174 0 1303 480588 36 0 1719 0
1791276922320867 2449902775 34 471 49564 118879654 0 1517524 6430895 0 175 0 1303 480683 36 0 1721 0
1791276922824661 2450406570 34 471 49644 119138138 0 1517524 6438615 0 175 0 1305 480775 36 0 1724 0
1791276923327751 2450909659 34 471 49722 119218964 0 1517524 6446207 0 175 0 1305 480868 36 0 1726 0
1791276923830061 2451411969 34 471 49801 119305921 0 1517524 6453927 0 175 0 1305 480964 36 0 1726 0
1791276924331196 2451913105 34 471 49968 119677005 0 1518772 6488369 0 175 0 1305 481059 36 0 1730 0
1791276924833231 2452415139 35 471 51015 122116457 0 1551828 6637097 0 175 0 1305 481151 36 0 1736 0
1791276925337259 2452919168 35 471 52080 124951047 0 1581204 6799257 0 175 0 1305 481246 36 0 1741 0
1791276925838203 2453420112 35 471 53179 127685149 0 1614228 6977521 0 175 0 1306 481336 36 0 1750 0
1791276926339967 2453921876 35 471 54068 128947630 0 1641396 7142105 0 175 0 1307 481428 36 0 1757 0
1791276926840173 2454422081 35 471 54932 131126401 0 1666548 7290417 0 175 0 1308 481520 36 0 1761 0
1791276927344348 2454926257 35 471 55950 133853233 0 1697172 7400017 0 175 0 1309 481612 36 0 1766 0
1791276927844838 2455426746 35 471 57009 135866364 0 1731784 7499477 0 175 0 1310 481702 36 0 1775 0
1791276928345299 2455927207 36 471 58158 137942722 0 1779404 7622625 0 175 0 1311 481796 36 0 1779 0
1791276928847001 2456428910 36 471 59164 140176699 0 1813224 7758349 0 177 0 1312 481884 36 0 1786 0
1791276929347553 2456929461 36 471 60237 142685178 0 1847472 7908269 0 178 0 1312 481970 36 0 1798 0
1791276929848132 2457430041 36 471 61416 144990439 0 1886220 8073625 0 178 0 1313 482067 36 0 1800 0
1791276930349344 2457931253 36 471 62558 147306090 0 1923936 8247213 0 178 0 1314 482162 36 0 1806 0
1791276930852691 2458434600 36 471 63429 149658129 0 1950480 8406413 0 179 0 1314 482253 36 0 1813 0
1791276931353713 2458935621 36 471 64292 151262118 0 1975320 8550141 0 179 0 1315 482346 36 0 1819 0
1791276931858341 2459440250 36 471 65396 154226143 0 2008152 8683437 0 179 0 1317 482437 36 0 1827 0
1791276932361937 2459943846 36 471 66469 156873165 0 2041368 8829365 0 179 0 1317 482532 36 0 1832 0
1791276932866988 2460448897 36 471 67617 159223420 0 2077272 8993549 0 180 0 1317 482628 36 0 1835 0
1791276933370045 2460951953 36 471 68743 161240752 0 2120508 9161849 0 180 0 1318 482717 36 0 1847 0
1791276933870549 2461452457 36 471 69665 162856399 0 2149368 9324909 0 180 0 1318 482812 36 0 1851 0
1791276934377144 2461959052 37 471 70408 164322304 0 2171484 9487529 0 180 0 1319 482907 36 0 1855 0
1791276934877379 2462459288 37 471 71057 165634309 0 2189880 9635853 0 180 0 1319 483001 36 0 1859 0
1791276935378190 2462960099 37 471 72098 167986531 0 2222136 9761933 0 181 0 1321 483093 36 0 1864 0
1791276935880077 2463461986 37 471 73204 171555658 0 2257368 9900613 0 183 0 1322 483183 36 0 1872 0
1791276936380996 2463962905 38 471 74331 174222443 0 2292792 10051837 0 183 0 1324 483275 36 0 1878 0
1791276936885070 2464466978 38 471 75531 177258788 0 2331324 10221713 0 184 0 1324 483373 36 0 1879 0
1791276937386479 2464968388 38 471 76573 179403214 0 2368012 10386553 0 184 0 1324 483465 36 0 1887 0
1791276937887662 2465469571 38 471 77389 181125613 0 2392492 10549865 0 185 0 1324 483556 36 0 1895 0
1791276938391621 2465973530 38 471 78148 182590742 0 2414368 10710701 0 185 0 1324 483655 36 0 1896 0
1791276938892328 2466474236 38 471 79090 184761898 0 2442880 10844205 0 185 0 1326 483745 36 0 1902 0
1791276939397660 2466979568 38 471 80208 187217036 0 2477980 10974905 0 186 0 1326 483836 36 0 1909 0
1791276939899967 2467481876 38 471 81340 189476983 0 2513884 11125297 0 187 0 1327 483931 36 0 1913 0
1791276940402737 2467984646 39 471 82437 191506819 0 2548732 11289713 0 187 0 1328 484021 36 0 1921 0
1791276940907070 2468488978 39 471 83497 194230307 0 2586552 11463405 0 187 0 1329 484117 36 0 1924 0
1791276941407757 2468989665 39 471 84301 196240746 0 2609892 11622617 0 187 0 1329 484208 36 0 1931 0
1791276941907978 2469489886 39 471 85095 197980416 0 2634072 11774821 0 187 0 1329 484302 36 0 1937 0
1791276942408275 2469990183 39 471 86154 200187847 0 2670392 11903781 0 187 0 1329 484394 36 0 1946 0
1791276942908759 2470490668 39 471 87223 202639539 0 2704940 12046409 0 187 0 1329 484489 36 0 1951 0
1791276943413117 2470995026 40 471 88340 205515205 0 2739404 12202721 0 189 0 1330 484576 36 0 1959 0
1791276943920970 2471502879 40 471 89490 209857218 0 2775692 12379745 0 189 0 1332 484665 36 0 1970 0
1791276944423367 2472005276 40 471 90442 211898914 0 2805752 12547093 0 189 0 1333 484756 36 0 1976 0
1791276944926360 2472508268 40 471 91368 214702148 0 2833964 12689561 0 189 0 1334 484852 36 0 1979 0
1791276945426884 2473008793 40 471 92430 217262659 0 2866988 12815225 0 189 0 1339 484942 36 0 1982 0
1791276945928931 2473510839 41 471 93556 219970415 0 2903540 12948921 0 189 0 1340 485032 36 0 1991 0
1791276946429685 2474011593 41 471 94698 223249054 0 2938580 13101305 0 189 0 1341 485122 36 0 1999 0
1791276946937156 2474519064 41 471 95926 226073208 0 2979708 13273673 0 189 0 1341 485214 36 0 2006 0
1791276947438886 2475020795 41 471 97014 229470651 0 3018120 13437381 0 189 0 1341 485307 36 0 2015 0
1791276947943430 2475525339 41 471 97883 231861329 0 3044664 13599669 0 189 0 1342 485396 36 0 2024 0
1791276948444053 2476025962 41 471 98665 233666653 0 3067356 13759777 0 189 0 1342 485489 36 0 2030 0
1791276948946147 2476528056 41 471 99561 235552937 0 3093456 13896917 0 189 0 1342 485582 36 0 2037 0
1791276949447095 2477029004 41 471 100646 238035794 0 3127176 14005078 0 189 0 1344 485674 36 0 2041 0
1791276949947616 2477529525 42 471 100905 238320771 0 3128328 14020531 0 189 0 1344 485768 36 0 2042 0
1791276950454612 2478036521 42 471 100984 238488935 0 3128328 14028251 0 189 0 1345 485864 36 0 2044 0
1791276950955747 2478537655 42 471 101065 238674154 0 3128328 14036203 0 189 0 1346 485957 36 0 2047 0
1791276951456775 2479038683 42 471 101144 238740172 0 3128328 14043795 0 189 0 1346 486052 36 0 2047 0
1791276951960768 2479542677 42 471 101225 238835419 0 3128328 14051643 0 189 0 1346 486150 36 0 2048 0
1791276952463915 2480045824 42 471 101305 238920706 0 3128328 14059363 0 189 0 1347 486244 36 0 2051 0
1791276952965748 2480547656 42 471 101384 238998070 0 3128328 14066955 0 189 0 1347 486340 36 0 2052 0
1791276953469944 2481051852 42 471 101464 239082150 0 3128328 14074675 0 189 0 1349 486435 36 0 2052 0
1791276953975831 2481557740 42 471 101544 239172691 0 3128328 14082627 0 189 0 1349 486531 36 0 2053 0
1791276954477781 2482059689 43 471 101623 239433237 0 3128328 14090219 0 189 0 1350 486625 36 0 2054 0
1791276954978229 2482560138 43 471 101704 239523341 0 3128328 14097939 0 190 0 1351 486719 36 0 2057 0
1791276955480610 2483062518 43 471 101784 239601877 0 3128328 14105659 0 190 0 1351 486814 36 0 2057 0
1791276955985608 2483567516 43 471 101863 239677262 0 3128328 14113251 0 190 0 1351 486909 36 0 2058 0
1791276956487104 2484069013 43 471 101941 239761541 0 3128328 14120971 0 190 0 1352 487003 36 0 2060 0
1791276956989334 2484571242 43 471 102022 239848420 0 3128328 14128691 0 190 0 1353 487098 36 0 2062 0
1791276957491966 2485073875 43 471 102101 239930515 0 3128328 14136283 0 190 0 1353 487192 36 0 2062 0
1791276957506041 2485087950 43 471 102104 239932757 0 3128328 14136643 0 190 0 1353 487194 36 0 2062 0
