21750.97 0 0 0
21755.97 2 1784 212
21760.98 2 1792 220
21765.98 2 1796 224
21770.99 2 1796 224
21775.99 2 1796 224
21781.00 2 1800 228
21786.00 2 1792 220
21791.01 2 1808 236
21796.02 2 1808 236
21801.02 2 1808 236
21806.03 2 1812 240
21811.04 2 1812 240
21816.05 2 1812 240
21821.05 2 1816 244
21826.06 2 1816 244
21831.07 2 1820 248
21836.08 2 1820 248
21841.09 2 1820 248
21846.10 2 1824 252
21851.10 2 1824 252
21856.12 2 1828 256
21861.14 2 1828 256
21866.15 2 1828 256
21871.18 2 1832 260
21876.18 2 1832 260
21881.19 2 1836 264
21886.19 2 1836 264
21891.23 2 1836 264
21896.24 2 1840 268
21901.27 2 1840 268
21906.27 2 1844 272
21911.27 2 1844 272
21916.28 2 1844 272
21921.30 2 1848 276
21926.35 2 1848 276
21931.40 2 1848 276
21936.43 2 1852 280
21941.44 2 1852 280
21946.45 2 1856 284
21951.45 2 1856 284
21956.46 2 1856 284
21961.46 2 1860 288
21966.47 2 1860 288
21971.47 2 1864 292
21976.48 2 1852 280
21981.48 2 1864 292
21986.49 2 1868 296
21991.49 2 1868 296
21996.50 2 1868 296
22001.50 2 1872 300
22006.51 1 1044 144
22011.51 1 1044 144
22016.52 1 1044 144
22021.52 1 1040 140
22026.52 1 1048 148
22031.53 1 1048 148
22036.53 1 1048 148
