# hz=100 page_bytes=4096 possible_cpus=2
# program_id=76 jit_bytes=8483 xlated_bytes=4776
# pos:	0
# flags:	02000002
# mnt_id:	10
# ino:	26
# prog_type:	1
# prog_jited:	1
# prog_tag:	1a92932acb008231
# memlock:	8192
# prog_id:	76
# run_time_ns:	0
# run_cnt:	0
# recursion_misses:	0
# verified_insns:	199283
# map=counters type=6 key=4 value=32 max_entries=1
# pos:	0
# flags:	02000002
# mnt_id:	10
# ino:	26
# map_type:	6
# key_size:	4
# value_size:	32
# max_entries:	1
# map_flags:	0x0
# map_extra:	0x0
# memlock:	268
# map_id:	94
# frozen:	0
# map=accounting type=2 key=4 value=24 max_entries=1
# pos:	0
# flags:	02000002
# mnt_id:	10
# ino:	26
# map_type:	2
# key_size:	4
# value_size:	24
# max_entries:	1
# map_flags:	0x0
# map_extra:	0x0
# memlock:	224
# map_id:	95
# frozen:	0
# map=flows type=9 key=36 value=32 max_entries=1024
# pos:	0
# flags:	02000002
# mnt_id:	10
# ino:	26
# map_type:	9
# key_size:	36
# value_size:	32
# max_entries:	1024
# map_flags:	0x0
# map_extra:	0x0
# memlock:	107456
# map_id:	92
# frozen:	0
# map=departures type=9 key=40 value=8 max_entries=8192
# pos:	0
# flags:	02000002
# mnt_id:	10
# ino:	26
# map_type:	9
# key_size:	40
# value_size:	8
# max_entries:	8192
# map_flags:	0x0
# map_extra:	0x0
# memlock:	656320
# map_id:	91
# frozen:	0
# map=samples type=27 key=0 value=0 max_entries=262144
# pos:	0
# flags:	02000002
# mnt_id:	10
# ino:	26
# map_type:	27
# key_size:	0
# value_size:	0
# max_entries:	262144
# map_flags:	0x0
# map_extra:	0x0
# memlock:	275148
# map_id:	93
# frozen:	0
realtime_us monotonic_us daemon_ticks rss_pages runs runtime_ns ring_full ack_bytes upload_bytes unaccounted host_user host_nice host_system host_idle host_iowait host_irq host_softirq host_steal
1791334542463657 60070045566 27 475 0 0 0 0 2920 0 2529 0 10287 11959144 55 0 24232 0
1791334542967554 60070549463 27 475 78 96644 0 0 10512 0 2529 0 10287 11959241 55 0 24233 0
1791334543469142 60071051051 27 475 158 204012 0 0 18232 0 2530 0 10288 11959336 55 0 24234 0
1791334543969536 60071551445 27 475 238 467810 0 0 25952 0 2530 0 10288 11959432 55 0 24235 0
1791334544471012 60072052920 27 475 318 570520 0 0 33544 0 2530 0 10288 11959528 55 0 24236 0
1791334544975449 60072557357 27 475 397 674738 0 0 41264 0 2530 0 10288 11959623 55 0 24237 0
1791334545477711 60073059619 27 475 476 977915 0 0 48856 0 2530 0 10288 11959718 55 0 24240 0
1791334545978111 60073560020 27 475 556 1073874 0 0 56576 0 2530 0 10289 11959810 56 0 24242 0
1791334546479147 60074061055 27 475 635 1191385 0 0 64296 0 2530 0 10289 11959910 56 0 24243 0
1791334546981418 60074563326 27 475 717 1297451 0 0 72100 0 2530 0 10289 11960008 56 0 24243 0
1791334547487181 60075069090 27 475 796 1406411 0 0 79692 0 2530 0 10289 11960103 56 0 24244 0
1791334547987704 60075569613 27 475 876 1501857 0 0 87644 0 2530 0 10289 11960194 56 0 24247 0
1791334548488409 60076070317 27 475 956 1606465 0 0 95236 0 2530 0 10291 11960286 56 0 24251 0
1791334548992406 60076574314 29 475 1034 1713266 0 0 102956 0 2530 0 10291 11960383 56 0 24251 0
1791334549496981 60077078889 29 475 1115 1817438 0 0 110676 0 2530 0 10292 11960480 56 0 24252 0
1791334549998860 60077580768 29 475 1194 1931737 0 0 118268 0 2530 0 10292 11960576 56 0 24257 0
1791334550500471 60078082380 29 475 1277 2089478 0 96 126321 0 2530 0 10293 11960668 56 0 24259 0
1791334551002595 60078584504 29 475 1499 3499598 0 576 243030 0 2530 0 10293 11960761 56 0 24265 0
1791334551502906 60079084814 29 475 1719 4607253 0 576 395886 0 2530 0 10293 11960850 56 0 24275 0
1791334552004763 60079586671 29 475 1958 5230400 0 576 564182 0 2530 0 10293 11960945 56 0 24277 0
1791334552506756 60080088665 29 475 2190 5868120 0 576 732350 0 2530 0 10293 11961040 56 0 24280 0
1791334553011418 60080593326 30 475 2425 6452525 0 576 897790 0 2530 0 10293 11961133 56 0 24283 0
1791334553513282 60081095191 30 475 2645 7557660 0 576 1038166 0 2530 0 10293 11961226 56 0 24285 0
1791334554017611 60081599519 30 475 2840 8589115 0 576 1163230 0 2530 0 10293 11961321 56 0 24288 0
1791334554518478 60082100385 30 475 3048 10464460 0 576 1302190 0 2531 0 10293 11961416 56 0 24293 0
1791334555024908 60082606817 30 475 3270 11874223 0 576 1458006 0 2531 0 10293 11961511 56 0 24297 0
1791334555529283 60083111192 30 475 3506 13355944 0 576 1627846 0 2532 0 10294 11961604 56 0 24301 0
1791334556034767 60083616675 31 475 3740 14851152 0 576 1808598 0 2533 0 10294 11961696 56 0 24307 0
1791334556536160 60084118068 31 475 3963 16416385 0 576 1958366 0 2533 0 10294 11961787 56 0 24313 0
1791334557036883 60084618792 31 475 4153 18438716 0 576 2069406 0 2535 0 10294 11961878 56 0 24317 0
1791334557542133 60085124041 31 475 4339 19676368 0 576 2188294 0 2536 0 10297 11961968 56 0 24321 0
1791334558047854 60085629762 31 475 4539 21389695 0 576 2319534 0 2536 0 10297 11962061 56 0 24325 0
1791334558549379 60086131288 32 475 4751 22600780 0 576 2463230 0 2536 0 10297 11962157 56 0 24328 0
1791334559052978 60086634886 32 475 4979 23417694 0 576 2623934 0 2536 0 10298 11962248 56 0 24331 0
1791334559554847 60087136756 32 475 5217 24550750 0 576 2799822 0 2536 0 10299 11962343 56 0 24334 0
1791334560057431 60087639340 32 475 5456 25152941 0 576 2986646 0 2536 0 10299 11962437 56 0 24336 0
1791334560558131 60088140040 32 475 5669 25815829 0 576 3113254 0 2536 0 10301 11962520 56 0 24343 0
1791334561058801 60088640710 32 475 5857 26280441 0 576 3213486 0 2536 0 10302 11962612 56 0 24345 0
1791334561559787 60089141694 33 475 6036 26832295 0 576 3321438 0 2536 0 10303 11962705 56 0 24349 0
1791334562060283 60089642192 33 475 6224 27452564 0 576 3440326 0 2536 0 10303 11962797 56 0 24355 0
1791334562566449 60090148358 33 475 6430 28002625 0 576 3573110 0 2536 0 10303 11962889 56 0 24360 0
1791334563067928 60090649836 33 475 6647 28706971 0 576 3718118 0 2536 0 10303 11962980 56 0 24366 0
1791334563568724 60091150633 33 475 6875 29624282 0 576 3878926 0 2536 0 10303 11963077 56 0 24369 0
1791334564069649 60091651558 33 475 7113 31011257 0 576 4054582 0 2536 0 10303 11963169 56 0 24374 0
1791334564573620 60092155528 33 475 7346 32016725 0 576 4220022 0 2536 0 10303 11963262 56 0 24379 0
1791334565075130 60092657039 33 475 7565 32569523 0 576 4360526 0 2536 0 10303 11963355 56 0 24382 0
1791334565576417 60093158326 33 475 7761 33568186 0 576 4485590 0 2537 0 10303 11963446 56 0 24389 0
1791334566078568 60093660477 33 475 7887 33936316 0 960 4516107 0 2537 0 10304 11963542 56 0 24390 0
1791334566584732 60094166640 34 475 7967 34050375 0 960 4523931 0 2537 0 10304 11963639 56 0 24391 0
1791334567085561 60094667470 34 475 8046 34447193 0 960 4531651 0 2537 0 10304 11963733 56 0 24395 0
1791334567588021 60095169929 34 475 8127 34589767 0 960 4539371 0 2537 0 10305 11963827 56 0 24398 0
1791334568088514 60095670422 34 475 8206 34715563 0 960 4546963 0 2537 0 10306 11963921 56 0 24400 0
1791334568589214 60096171123 34 475 8285 34848374 0 960 4554683 0 2537 0 10306 11964018 56 0 24401 0
1791334569091279 60096673187 34 475 8850 36023849 0 25572 4588407 0 2537 0 10308 11964109 56 0 24407 0
1791334569591898 60097173807 34 475 9946 38986978 0 66756 4637311 0 2537 0 10308 11964196 56 0 24420 0
1791334570096092 60097678000 34 475 10913 40908433 0 99516 4677663 0 2537 0 10308 11964289 56 0 24425 0
1791334570598671 60098180580 34 475 11979 43602537 0 141484 4727351 0 2537 0 10310 11964374 56 0 24439 0
1791334571099623 60098681532 35 475 13172 46630353 0 200704 4794163 0 2537 0 10310 11964466 56 0 24444 0
1791334571602583 60099184491 35 475 14263 50028649 0 243816 4844995 0 2538 0 10310 11964554 56 0 24454 0
1791334572105569 60099687477 35 475 15275 52177153 0 279948 4888719 0 2538 0 10310 11964648 56 0 24461 0
1791334572607919 60100189827 35 475 16336 54551417 0 318972 4935695 0 2538 0 10310 11964736 56 0 24472 0
1791334573108343 60100690252 35 475 17412 57196215 0 358680 4982995 0 2538 0 10312 11964826 56 0 24479 0
1791334573614437 60101196346 36 475 18423 60659397 0 394500 5026535 0 2538 0 10312 11964911 56 0 24492 0
1791334574120869 60101702778 36 475 19481 63647044 0 433476 5073231 0 2538 0 10312 11965002 56 0 24503 0
1791334574627005 60102208914 36 475 20488 65433162 0 468828 5116175 0 2539 0 10312 11965089 56 0 24513 0
1791334575128302 60102710211 36 475 21559 67671342 0 513224 5168523 0 2539 0 10312 11965183 56 0 24519 0
1791334575628910 60103210819 36 475 22506 70940339 0 546368 5209259 0 2539 0 10313 11965271 56 0 24531 0
1791334576131760 60103713668 36 475 23516 73735409 0 582368 5252979 0 2539 0 10315 11965358 56 0 24540 0
1791334576632077 60104213986 36 475 24565 76746811 0 620252 5298583 0 2539 0 10317 11965449 56 0 24548 0
1791334577132792 60104714701 37 475 25612 78971418 0 657992 5343915 0 2539 0 10317 11965537 56 0 24558 0
1791334577633217 60105215126 37 475 26628 81068653 0 694472 5387987 0 2539 0 10317 11965622 56 0 24572 0
1791334578134174 60105716082 37 475 27657 83454357 0 731240 5432475 0 2539 0 10317 11965714 56 0 24580 0
1791334578636215 60106218123 37 475 28779 86635477 0 777756 5486711 0 2539 0 10318 11965807 56 0 24585 0
1791334579138336 60106720243 37 475 29731 88453759 0 812640 5529187 0 2539 0 10318 11965900 56 0 24590 0
1791334579639056 60107220964 38 475 30712 90969202 0 847584 5571851 0 2539 0 10318 11965994 56 0 24595 0
1791334580150945 60107732853 38 475 31752 93281702 0 883356 5615575 0 2539 0 10318 11966084 56 0 24606 0
1791334580655578 60108237487 38 475 32746 95879957 0 918492 5658431 0 2539 0 10319 11966172 56 0 24617 0
1791334581158124 60108740032 38 475 33699 98848706 0 949332 5696991 0 2540 0 10320 11966260 56 0 24626 0
1791334581659509 60109241417 38 475 34707 102165711 0 983028 5738407 0 2540 0 10320 11966354 56 0 24634 0
1791334582161639 60109743548 38 475 35706 104599734 0 1017372 5780343 0 2540 0 10320 11966444 56 0 24640 0
1791334582667042 60110248951 39 475 36783 107625930 0 1055868 5826559 0 2540 0 10322 11966526 56 0 24655 0
1791334583168974 60110750883 39 475 37809 109711100 0 1093116 5871631 0 2540 0 10322 11966613 56 0 24667 0
1791334583676230 60111258138 39 475 38874 114482288 0 1131640 5917875 0 2541 0 10323 11966698 56 0 24679 0
1791334584179799 60111761707 39 475 39921 119407406 0 1171108 5965063 0 2541 0 10325 11966786 56 0 24687 0
1791334584680606 60112262515 39 475 40813 123908211 0 1207852 6009399 0 2541 0 10325 11966874 56 0 24698 0
1791334585182699 60112764608 40 475 41680 127123095 0 1238656 6047923 0 2542 0 10326 11966964 56 0 24706 0
1791334585683344 60113265252 40 475 42554 131109901 0 1267396 6084255 0 2542 0 10326 11967045 56 0 24724 0
1791334586187693 60113769601 40 475 43572 135959613 0 1302928 6127739 0 2542 0 10329 11967133 56 0 24733 0
1791334586690245 60114272153 40 475 44504 143276421 0 1334008 6166411 0 2544 0 10330 11967220 56 0 24740 0
1791334587190878 60114772787 41 475 45496 148402162 0 1366960 6207083 0 2544 0 10331 11967309 56 0 24749 0
1791334587696952 60115278860 41 475 46501 153293957 0 1401328 6249043 0 2544 0 10334 11967386 56 0 24768 0
1791334588197293 60115779201 41 475 47558 158940732 0 1437808 6293243 0 2544 0 10338 11967471 56 0 24777 0
1791334588697871 60116279780 41 475 48584 161967273 0 1474204 6337231 0 2545 0 10338 11967562 56 0 24785 0
1791334589199084 60116780992 41 475 49416 163929817 0 1496604 6378262 0 2545 0 10339 11967653 56 0 24792 0
1791334589706292 60117288201 41 475 49494 164040221 0 1496604 6385854 0 2545 0 10339 11967750 56 0 24795 0
1791334590208845 60117790754 41 475 49576 164140303 0 1496604 6393806 0 2545 0 10339 11967847 56 0 24796 0
1791334590710301 60118292210 42 475 49655 164242039 0 1496604 6401526 0 2545 0 10339 11967940 56 0 24797 0
1791334591211570 60118793478 42 475 49735 164336329 0 1496604 6409246 0 2545 0 10340 11968038 56 0 24797 0
1791334591715076 60119296985 42 475 49814 164444425 0 1496604 6416838 0 2545 0 10341 11968132 56 0 24800 0
1791334592216574 60119798483 42 475 49967 164787337 0 1497852 6446648 0 2545 0 10342 11968228 56 0 24800 0
1791334592717931 60120299840 42 475 50895 167517316 0 1529340 6593936 0 2545 0 10342 11968321 56 0 24807 0
1791334593220809 60120802717 42 475 52015 170322754 0 1569084 6755528 0 2545 0 10342 11968416 56 0 24812 0
1791334593722372 60121304280 42 475 53255 172684744 0 1613532 6929672 0 2545 0 10343 11968507 56 0 24820 0
1791334594223588 60121805497 42 475 54254 174674267 0 1648092 7093800 0 2545 0 10344 11968599 56 0 24826 0
1791334594726165 60122308074 42 475 55253 177543792 0 1681032 7244084 0 2545 0 10344 11968689 56 0 24833 0
1791334595228776 60122810685 42 475 56405 181640799 0 1721256 7395348 0 2545 0 10344 11968776 56 0 24844 0
1791334595731451 60123313360 43 475 57539 184411714 0 1760784 7538324 0 2545 0 10344 11968869 56 0 24852 0
1791334596236100 60123818009 43 475 58703 186394420 0 1799724 7677856 0 2545 0 10345 11968963 56 0 24854 0
1791334596738830 60124320739 43 475 59931 190132464 0 1842324 7845392 0 2545 0 10345 11969054 56 0 24865 0
1791334597239174 60124821083 43 475 61047 193025687 0 1881024 8024596 0 2545 0 10345 11969145 56 0 24873 0
1791334597741952 60125323860 43 475 61843 194652182 0 1905552 8177148 0 2545 0 10345 11969232 56 0 24883 0
1791334598242585 60125824493 43 475 62833 196865532 0 1934736 8295884 0 2545 0 10346 11969325 56 0 24887 0
1791334598746848 60126328757 44 475 63910 199172004 0 1968828 8408592 0 2546 0 10346 11969420 56 0 24892 0
1791334599252834 60126834743 44 475 65053 200947286 0 2010480 8539796 0 2546 0 10347 11969516 56 0 24894 0
1791334599753573 60127335482 44 475 66031 203971929 0 2042340 8682952 0 2546 0 10348 11969605 56 0 24902 0
1791334600257128 60127839037 44 475 67175 206538656 0 2078772 8843008 0 2546 0 10350 11969692 56 0 24912 0
1791334600758761 60128340669 44 475 68358 209055419 0 2116320 9014884 0 2546 0 10350 11969789 56 0 24916 0
1791334601261337 60128843245 44 475 69253 210914416 0 2143440 9182508 0 2547 0 10350 11969882 56 0 24920 0
1791334601762969 60129344878 45 475 70094 213179910 0 2168400 9332404 0 2547 0 10350 11969977 56 0 24924 0
1791334602265613 60129847522 45 475 71186 215590557 0 2202384 9463660 0 2547 0 10350 11970074 56 0 24926 0
1791334602767232 60130349141 45 475 72268 218658432 0 2237328 9588028 0 2548 0 10350 11970166 56 0 24931 0
1791334603271759 60130853668 45 475 73398 220593377 0 2273424 9732436 0 2549 0 10352 11970259 56 0 24934 0
1791334603772113 60131354021 45 475 74599 222732302 0 2319076 9898520 0 2549 0 10352 11970353 56 0 24939 0
1791334604273337 60131855246 45 475 75501 224722362 0 2349052 10068872 0 2550 0 10352 11970447 56 0 24944 0
1791334604775840 60132357748 46 475 76144 226126763 0 2367808 10231220 0 2550 0 10352 11970541 56 0 24949 0
1791334605277407 60132859315 46 475 76777 227344749 0 2384800 10382412 0 2550 0 10353 11970636 56 0 24950 0
1791334605780429 60133362337 46 475 77748 229480953 0 2413048 10514108 0 2552 0 10356 11970727 56 0 24953 0
1791334606286950 60133868858 46 475 78856 232203349 0 2448184 10657196 0 2552 0 10356 11970818 56 0 24961 0
1791334606789098 60134371006 46 475 79964 234286646 0 2482000 10816076 0 2554 0 10357 11970913 56 0 24963 0
1791334607290821 60134872729 46 475 81111 237797055 0 2519248 10992388 0 2554 0 10358 11971001 56 0 24974 0
1791334607792963 60135374872 47 475 82082 241091024 0 2549620 11163264 0 2554 0 10361 11971090 56 0 24979 0
1791334608296246 60135878154 47 475 82953 244817618 0 2574964 11301192 0 2555 0 10363 11971176 56 0 24987 0
1791334608807473 60136389381 47 475 83992 253873354 0 2603284 11406352 0 2555 0 10365 11971249 56 0 25012 0
1791334609312174 60136894083 48 475 85054 262226193 0 2637272 11524180 0 2556 0 10367 11971330 56 0 25027 0
1791334609821526 60137403434 49 475 85958 268655305 0 2670788 11647120 0 2557 0 10368 11971416 56 0 25036 0
1791334610322666 60137904574 49 475 86816 272463130 0 2696540 11791760 0 2558 0 10369 11971504 56 0 25045 0
1791334610823696 60138405605 50 475 87762 278191451 0 2723996 11945696 0 2558 0 10372 11971581 56 0 25060 0
1791334611324693 60138906602 51 475 88844 282327099 0 2756252 12107520 0 2558 0 10376 11971667 56 0 25071 0
1791334611826379 60139408287 52 475 89810 287181437 0 2786024 12280756 0 2558 0 10376 11971752 56 0 25085 0
1791334612327360 60139909269 52 475 90457 290348845 0 2804912 12440020 0 2558 0 10377 11971844 56 0 25092 0
1791334612830057 60140411966 52 475 91154 293356801 0 2824316 12580088 0 2558 0 10377 11971934 56 0 25103 0
1791334613330587 60140912495 52 475 92204 298993851 0 2855900 12710128 0 2558 0 10378 11972020 56 0 25116 0
1791334613833794 60141415702 55 475 93237 305089330 0 2886044 12851312 0 2558 0 10379 11972099 56 0 25134 0
1791334614335145 60141917053 55 475 94370 310254601 0 2921216 13011780 0 2561 0 10381 11972184 56 0 25144 0
1791334614836059 60142417967 55 475 95507 315099520 0 2955980 13188592 0 2561 0 10384 11972264 56 0 25160 0
1791334615336999 60142918907 55 475 96580 319628753 0 2989772 13345776 0 2561 0 10385 11972353 56 0 25170 0
1791334615840061 60143421970 56 475 97608 326003796 0 3019724 13497704 0 2562 0 10386 11972442 56 0 25181 0
1791334616346302 60143928211 56 475 98699 330300658 0 3053612 13633368 0 2562 0 10388 11972529 56 0 25191 0
1791334616847447 60144429356 56 475 99760 335239454 0 3087100 13774936 0 2563 0 10391 11972612 56 0 25202 0
1791334617349105 60144931014 57 475 100837 338853718 0 3125296 13894374 0 2564 0 10392 11972704 56 0 25209 0
1791334617850100 60145432008 57 475 100915 339078816 0 3125296 13901966 0 2564 0 10393 11972796 56 0 25210 0
1791334618353713 60145935622 57 475 100997 339250407 0 3125296 13909814 0 2564 0 10394 11972890 56 0 25214 0
1791334618856949 60146438858 57 475 101076 339341193 0 3125296 13917406 0 2564 0 10394 11972984 56 0 25214 0
1791334619357248 60146939157 57 475 101156 339436538 0 3125296 13925126 0 2564 0 10394 11973078 56 0 25214 0
1791334619862423 60147444332 57 475 101235 339549239 0 3125296 13932846 0 2564 0 10394 11973173 56 0 25216 0
1791334620365977 60147947886 57 475 101314 339641510 0 3125296 13940438 0 2564 0 10396 11973270 56 0 25217 0
1791334620872110 60148454019 57 475 101396 339897276 0 3125296 13948390 0 2564 0 10396 11973365 56 0 25218 0
1791334621373173 60148955082 57 475 101475 339979381 0 3125296 13956110 0 2564 0 10396 11973462 56 0 25218 0
1791334621875547 60149457455 57 475 101555 340073931 0 3125296 13963702 0 2565 0 10396 11973556 56 0 25218 0
1791334622377679 60149959588 58 475 101635 340163566 0 3125296 13971422 0 2565 0 10396 11973650 56 0 25219 0
1791334622879085 60150460993 58 475 101714 340264003 0 3125296 13979142 0 2565 0 10396 11973747 56 0 25220 0
1791334623379323 60150961231 58 475 101793 340358206 0 3125296 13986734 0 2565 0 10396 11973840 56 0 25221 0
1791334623880450 60151462359 58 475 101872 340463751 0 3125296 13994454 0 2565 0 10396 11973937 56 0 25221 0
1791334624382172 60151964081 58 475 101951 340560289 0 3125296 14002046 0 2565 0 10396 11974032 56 0 25221 0
1791334624884908 60152466817 58 475 102030 340817858 0 3125296 14009766 0 2565 0 10396 11974127 56 0 25223 0
1791334625296483 60152878391 58 475 102096 340899235 0 3125296 14016174 0 2565 0 10396 11974205 56 0 25223 0
