# hz=100 page_bytes=4096 possible_cpus=2
# program_id=80 jit_bytes=8483 xlated_bytes=4776
# pos:	0
# flags:	02000002
# mnt_id:	10
# ino:	26
# prog_type:	1
# prog_jited:	1
# prog_tag:	1a92932acb008231
# memlock:	8192
# prog_id:	80
# run_time_ns:	0
# run_cnt:	0
# recursion_misses:	0
# verified_insns:	199283
# map=counters type=6 key=4 value=32 max_entries=1
# pos:	0
# flags:	02000002
# mnt_id:	10
# ino:	26
# map_type:	6
# key_size:	4
# value_size:	32
# max_entries:	1
# map_flags:	0x0
# map_extra:	0x0
# memlock:	268
# map_id:	99
# frozen:	0
# map=accounting type=2 key=4 value=24 max_entries=1
# pos:	0
# flags:	02000002
# mnt_id:	10
# ino:	26
# map_type:	2
# key_size:	4
# value_size:	24
# max_entries:	1
# map_flags:	0x0
# map_extra:	0x0
# memlock:	224
# map_id:	100
# frozen:	0
# map=flows type=9 key=36 value=32 max_entries=1024
# pos:	0
# flags:	02000002
# mnt_id:	10
# ino:	26
# map_type:	9
# key_size:	36
# value_size:	32
# max_entries:	1024
# map_flags:	0x0
# map_extra:	0x0
# memlock:	107456
# map_id:	97
# frozen:	0
# map=departures type=9 key=40 value=8 max_entries=8192
# pos:	0
# flags:	02000002
# mnt_id:	10
# ino:	26
# map_type:	9
# key_size:	40
# value_size:	8
# max_entries:	8192
# map_flags:	0x0
# map_extra:	0x0
# memlock:	656320
# map_id:	96
# frozen:	0
# map=samples type=27 key=0 value=0 max_entries=262144
# pos:	0
# flags:	02000002
# mnt_id:	10
# ino:	26
# map_type:	27
# key_size:	0
# value_size:	0
# max_entries:	262144
# map_flags:	0x0
# map_extra:	0x0
# memlock:	275148
# map_id:	98
# frozen:	0
realtime_us monotonic_us daemon_ticks rss_pages runs runtime_ns ring_full ack_bytes upload_bytes unaccounted host_user host_nice host_system host_idle host_iowait host_irq host_softirq host_steal
1791334630893586 60158475494 25 463 0 0 0 0 2688 0 2570 0 10436 11975268 56 0 25226 0
1791334631394318 60158976226 25 463 78 87317 0 0 10280 0 2570 0 10437 11975363 56 0 25227 0
1791334631895192 60159477100 25 463 157 200934 0 0 18000 0 2570 0 10437 11975460 56 0 25227 0
1791334632396786 60159978695 26 463 237 291180 0 0 25720 0 2570 0 10437 11975557 56 0 25228 0
1791334632897246 60160479155 26 463 318 388157 0 0 33544 0 2570 0 10437 11975654 56 0 25229 0
1791334633397595 60160979503 26 463 398 483478 0 0 41264 0 2570 0 10437 11975751 56 0 25230 0
1791334633898854 60161480763 26 463 476 594698 0 0 48984 0 2571 0 10437 11975845 56 0 25230 0
1791334634399665 60161981574 26 463 557 690708 0 0 56576 0 2571 0 10437 11975942 56 0 25231 0
1791334634900269 60162482178 26 463 635 806800 0 0 64296 0 2571 0 10437 11976038 57 0 25231 0
1791334635402484 60162984393 26 463 717 901642 0 0 72100 0 2571 0 10438 11976135 57 0 25231 0
1791334635906233 60163488142 26 463 797 1007541 0 0 79692 0 2571 0 10440 11976229 57 0 25233 0
1791334636406551 60163988460 26 463 876 1096456 0 0 87412 0 2571 0 10440 11976326 57 0 25233 0
1791334636908077 60164489985 26 463 956 1199254 0 0 95132 0 2571 0 10440 11976425 57 0 25234 0
1791334637410685 60164992593 27 463 1035 1300246 0 0 102724 0 2571 0 10441 11976521 57 0 25235 0
1791334637913139 60165495047 27 463 1114 1555016 0 0 110444 0 2571 0 10442 11976616 57 0 25237 0
1791334638413919 60165995828 27 463 1193 1635601 0 0 118036 0 2571 0 10442 11976712 57 0 25240 0
1791334638920550 60166502458 27 463 1275 1799156 0 0 125860 0 2571 0 10442 11976808 57 0 25242 0
1791334639421531 60167003440 27 463 1481 2274865 0 576 238294 0 2571 0 10442 11976901 57 0 25245 0
1791334639922520 60167504428 27 463 1702 3772301 0 576 391254 0 2571 0 10442 11976997 57 0 25247 0
1791334640423593 60168005502 27 463 1940 4760798 0 576 559550 0 2571 0 10444 11977090 57 0 25250 0
1791334640926128 60168508036 27 463 2173 5602901 0 576 730806 0 2571 0 10444 11977187 57 0 25251 0
1791334641427472 60169009381 27 463 2405 6128421 0 576 891382 0 2571 0 10444 11977284 57 0 25252 0
1791334641927851 60169509760 28 463 2626 6860126 0 576 1031886 0 2571 0 10444 11977377 57 0 25257 0
1791334642428071 60170009980 28 463 2828 7492453 0 576 1156822 0 2571 0 10444 11977471 57 0 25260 0
1791334642928683 60170510591 28 463 3041 8321711 0 576 1297326 0 2571 0 10445 11977565 57 0 25261 0
1791334643429352 60171011260 28 463 3261 9458008 0 576 1450054 0 2571 0 10445 11977660 57 0 25262 0
1791334643930134 60171512042 28 463 3497 11262684 0 576 1619894 0 2571 0 10445 11977754 57 0 25267 0
1791334644432694 60172014602 28 463 3727 12695331 0 576 1791150 0 2571 0 10445 11977849 57 0 25270 0
1791334644935293 60172517201 29 463 3958 14725042 0 576 1950182 0 2572 0 10445 11977942 57 0 25274 0
1791334645436475 60173018384 29 463 4161 15937810 0 576 2075246 0 2572 0 10445 11978035 57 0 25279 0
1791334645937230 60173519138 29 463 4365 17609047 0 576 2209806 0 2572 0 10446 11978127 57 0 25282 0
1791334646440432 60174022341 29 463 4586 18982921 0 576 2360758 0 2572 0 10446 11978224 57 0 25285 0
1791334646944044 60174525952 29 463 4817 21241357 0 576 2524654 0 2573 0 10446 11978316 57 0 25288 0
1791334647444811 60175026720 29 463 5057 22251260 0 576 2695910 0 2573 0 10447 11978409 57 0 25293 0
1791334647946007 60175527915 29 463 5286 24843966 0 576 2858030 0 2573 0 10447 11978499 57 0 25302 0
1791334648447597 60176029505 29 463 5514 25782293 0 576 3010758 0 2573 0 10448 11978593 57 0 25305 0
1791334648950390 60176532298 29 463 5729 26603907 0 576 3148174 0 2573 0 10448 11978689 57 0 25306 0
1791334649451994 60177033903 30 463 5940 27124494 0 576 3293182 0 2573 0 10448 11978785 57 0 25307 0
1791334649953000 60177534909 30 463 6169 27820676 0 576 3452214 0 2573 0 10449 11978881 57 0 25310 0
1791334650456020 60178037928 30 463 6409 29345741 0 576 3629774 0 2573 0 10449 11978979 57 0 25312 0
1791334650956912 60178538820 31 463 6640 30324837 0 576 3796398 0 2573 0 10449 11979070 57 0 25316 0
1791334651457550 60179039459 31 463 6855 31129534 0 576 3929414 0 2573 0 10449 11979165 57 0 25318 0
1791334651958696 60179540604 31 463 7040 31741041 0 576 4046758 0 2573 0 10449 11979260 57 0 25320 0
1791334652460922 60180042830 31 463 7238 32562593 0 576 4176326 0 2573 0 10449 11979357 57 0 25322 0
1791334652962975 60180544884 31 463 7447 33288235 0 576 4318374 0 2573 0 10449 11979451 57 0 25323 0
1791334653464295 60181046204 31 463 7671 33848226 0 576 4475734 0 2573 0 10449 11979548 57 0 25325 0
1791334653964551 60181546459 31 463 7910 34699744 0 576 4650206 0 2573 0 10449 11979646 57 0 25325 0
1791334654467163 60182049071 31 463 8072 35576164 0 864 4711778 0 2573 0 10449 11979742 57 0 25328 0
1791334654967946 60182549855 31 463 8151 35700237 0 864 4719498 0 2573 0 10449 11979837 57 0 25329 0
1791334655469301 60183051210 32 463 8230 35791176 0 864 4727090 0 2574 0 10450 11979933 57 0 25330 0
1791334655969640 60183551549 32 463 8310 35938075 0 864 4734810 0 2574 0 10450 11980031 57 0 25330 0
1791334656470205 60184052114 32 463 8389 36026090 0 864 4742530 0 2574 0 10450 11980126 57 0 25332 0
1791334656974697 60184556606 32 463 8469 36148899 0 864 4750250 0 2574 0 10450 11980218 57 0 25333 0
1791334657476363 60185058272 32 463 8799 36895176 0 12648 4771146 0 2575 0 10451 11980311 57 0 25336 0
1791334657976859 60185558768 32 463 9938 39518667 0 59784 4826234 0 2575 0 10452 11980405 57 0 25341 0
1791334658482412 60186064320 32 463 11004 41380861 0 101076 4875246 0 2575 0 10452 11980500 57 0 25345 0
1791334658982651 60186564559 32 463 12233 43979400 0 156984 4938874 0 2575 0 10452 11980587 57 0 25358 0
1791334659483424 60187065332 33 463 13219 45897053 0 198456 4987938 0 2575 0 10453 11980674 57 0 25370 0
1791334659987852 60187569760 33 463 14223 49209727 0 235452 5032654 0 2575 0 10453 11980761 57 0 25381 0
1791334660499449 60188081357 33 463 15152 58957630 0 267792 5072586 0 2575 0 10455 11980841 57 0 25398 0
1791334660999913 60188581821 33 463 16023 61642717 0 295728 5108474 0 2575 0 10455 11980924 57 0 25414 0
1791334661502254 60189084162 33 463 17018 63920940 0 329628 5149966 0 2575 0 10456 11981014 57 0 25421 0
1791334662002670 60189584579 33 463 18038 66944058 0 365988 5194046 0 2575 0 10457 11981099 57 0 25434 0
1791334662504393 60190086301 33 463 19054 68936871 0 401760 5237538 0 2575 0 10458 11981191 57 0 25441 0
1791334663006804 60190588712 34 463 20052 71081698 0 435744 5279114 0 2575 0 10459 11981284 57 0 25447 0
1791334663510115 60191092024 34 463 21074 73493308 0 471456 5322546 0 2575 0 10461 11981377 57 0 25453 0
1791334664015166 60191597075 34 463 22137 76575955 0 508860 5367670 0 2575 0 10463 11981464 57 0 25463 0
1791334664517277 60192099186 34 463 23161 78642161 0 545628 5412030 0 2576 0 10464 11981556 57 0 25469 0
1791334665017645 60192599554 34 463 24288 82563127 0 593668 5468022 0 2576 0 10464 11981649 57 0 25475 0
1791334665519967 60193101876 34 463 25277 85030406 0 629620 5511694 0 2576 0 10467 11981742 57 0 25481 0
1791334666020839 60193602748 34 463 26302 87516682 0 665644 5555310 0 2576 0 10469 11981835 57 0 25486 0
1791334666521448 60194103357 34 463 27361 89683623 0 704164 5601550 0 2576 0 10469 11981929 57 0 25492 0
1791334667022426 60194604334 35 463 28418 92945045 0 742696 5647674 0 2576 0 10472 11982012 57 0 25503 0
1791334667525132 60195107040 35 463 29461 97098462 0 779200 5691898 0 2576 0 10473 11982105 57 0 25509 0
1791334668027394 60195609303 35 463 30469 100127082 0 815296 5735586 0 2576 0 10475 11982198 57 0 25514 0
1791334668528074 60196109983 35 463 31632 102483896 0 865808 5793818 0 2576 0 10475 11982293 57 0 25519 0
1791334669031857 60196613765 35 463 32533 104847407 0 898640 5834242 0 2576 0 10477 11982384 57 0 25526 0
1791334669532396 60197114304 35 463 33331 108375541 0 925676 5868998 0 2576 0 10477 11982469 57 0 25540 0
1791334670033935 60197615843 36 463 34200 111681344 0 951764 5902678 0 2576 0 10479 11982551 57 0 25554 0
1791334670536900 60198118808 36 463 35167 114790568 0 983972 5942478 0 2576 0 10482 11982642 57 0 25559 0
1791334671037536 60198619445 36 463 36222 118060606 0 1019972 5986430 0 2577 0 10483 11982729 57 0 25570 0
1791334671538816 60199120724 37 463 37233 122154906 0 1055396 6029214 0 2579 0 10485 11982811 57 0 25585 0
1791334672040681 60199622590 37 463 38274 126080464 0 1092068 6073838 0 2579 0 10487 11982904 57 0 25591 0
1791334672545263 60200127172 37 463 39294 128887065 0 1128416 6117906 0 2579 0 10487 11982997 57 0 25598 0
1791334673046576 60200628483 37 463 40350 131830670 0 1174192 6171274 0 2579 0 10487 11983089 57 0 25605 0
1791334673547294 60201129202 38 463 41215 135348527 0 1204852 6209526 0 2579 0 10490 11983176 57 0 25613 0
1791334674047648 60201629556 38 463 42160 139112847 0 1239256 6251650 0 2579 0 10490 11983266 57 0 25622 0
1791334674550464 60202132372 39 463 43136 143661124 0 1272352 6292338 0 2580 0 10492 11983356 57 0 25630 0
1791334675053784 60202635692 39 463 44153 149258363 0 1306960 6334666 0 2580 0 10494 11983441 57 0 25642 0
1791334675556614 60203138523 39 463 45160 153327640 0 1341904 6377202 0 2581 0 10494 11983527 57 0 25655 0
1791334676060730 60203642637 40 463 46187 158182081 0 1376656 6419906 0 2583 0 10496 11983614 57 0 25665 0
1791334676561012 60204142921 40 463 47237 162665618 0 1413808 6464778 0 2583 0 10499 11983697 57 0 25678 0
1791334677067698 60204649606 40 463 48215 169040486 0 1446724 6505286 0 2583 0 10500 11983784 57 0 25690 0
1791334677570438 60205152347 40 463 49188 172643707 0 1482304 6555963 0 2585 0 10502 11983872 57 0 25700 0
1791334678071477 60205653385 40 463 49266 172850990 0 1482304 6563555 0 2586 0 10502 11983963 57 0 25703 0
1791334678571872 60206153781 41 463 49345 172961677 0 1482304 6571275 0 2586 0 10503 11984060 57 0 25704 0
1791334679072335 60206654244 41 463 49424 173064841 0 1482304 6578867 0 2586 0 10503 11984157 57 0 25706 0
1791334679576803 60207158712 41 463 49505 173173082 0 1482304 6586715 0 2586 0 10503 11984250 57 0 25708 0
1791334680077938 60207659846 41 463 49585 173287125 0 1482304 6594667 0 2586 0 10503 11984341 57 0 25713 0
1791334680578187 60208160095 41 463 49705 173495872 0 1483360 6604899 0 2586 0 10503 11984435 57 0 25714 0
1791334681081511 60208663419 41 463 50693 175397216 0 1520572 6752465 0 2586 0 10503 11984531 57 0 25720 0
1791334681586159 60209168067 41 463 51793 177752655 0 1559068 6911265 0 2586 0 10505 11984620 57 0 25727 0
1791334682087057 60209668966 41 463 53015 181904537 0 1601692 7089761 0 2586 0 10505 11984711 57 0 25736 0
1791334682592911 60210174820 41 463 53954 184173298 0 1634332 7250425 0 2586 0 10505 11984802 57 0 25745 0
1791334683096692 60210678601 42 463 54849 188138223 0 1663996 7408241 0 2586 0 10507 11984893 57 0 25751 0
1791334683602875 60211184783 42 463 55960 191172199 0 1701532 7532473 0 2586 0 10507 11984989 57 0 25755 0
1791334684105944 60211687853 42 463 57053 193734613 0 1738492 7655769 0 2586 0 10509 11985079 57 0 25763 0
1791334684608131 60212190039 42 463 58245 196431111 0 1787284 7795657 0 2586 0 10510 11985169 57 0 25770 0
1791334685114281 60212696189 42 463 59282 199379376 0 1823200 7935021 0 2586 0 10510 11985265 57 0 25774 0
1791334685616119 60213198028 43 463 60368 202287749 0 1857352 8098741 0 2587 0 10512 11985353 57 0 25782 0
1791334686116734 60213698643 43 463 61434 205111555 0 1890472 8276869 0 2587 0 10513 11985447 57 0 25787 0
1791334686617925 60214199834 43 463 62199 207172270 0 1914844 8435569 0 2587 0 10514 11985537 57 0 25793 0
1791334687120767 60214702675 43 463 63068 209163789 0 1940452 8566401 0 2588 0 10514 11985627 57 0 25803 0
1791334687626558 60215208467 43 463 64180 212730791 0 1974616 8696165 0 2588 0 10515 11985716 57 0 25813 0
1791334688128164 60215710073 43 463 65285 215499143 0 2009848 8828669 0 2588 0 10515 11985808 57 0 25820 0
1791334688628512 60216210420 44 463 66407 218597060 0 2046904 8962869 0 2588 0 10517 11985900 57 0 25828 0
1791334689128959 60216710867 44 463 67571 221783047 0 2083864 9121805 0 2588 0 10518 11985995 57 0 25832 0
1791334689630660 60217212568 44 463 68759 224756157 0 2124800 9304661 0 2588 0 10519 11986084 57 0 25840 0
1791334690135470 60217717379 44 463 69542 226652934 0 2149940 9468761 0 2588 0 10520 11986179 57 0 25844 0
1791334690639365 60218221274 44 463 70443 228654363 0 2178068 9592617 0 2590 0 10520 11986271 57 0 25848 0
1791334691148037 60218729945 45 463 71553 230740979 0 2216168 9701845 0 2590 0 10521 11986368 57 0 25851 0
1791334691650682 60219232590 45 463 72629 233837264 0 2250080 9822221 0 2590 0 10522 11986459 57 0 25858 0
1791334692151202 60219733111 45 463 73717 237494408 0 2283872 9951613 0 2591 0 10523 11986552 57 0 25862 0
1791334692657384 60220239292 45 463 74827 240580770 0 2318528 10088173 0 2591 0 10523 11986647 57 0 25867 0
1791334693159691 60220741600 45 463 75991 242765268 0 2355536 10244301 0 2592 0 10525 11986740 57 0 25872 0
1791334693660119 60221242027 45 463 77141 245127690 0 2391572 10416081 0 2593 0 10528 11986831 57 0 25877 0
1791334694161141 60221743049 45 463 78129 247755548 0 2427740 10580401 0 2593 0 10528 11986922 57 0 25884 0
1791334694667375 60222249284 46 463 78979 250685955 0 2454932 10737289 0 2593 0 10528 11987013 57 0 25891 0
1791334695168965 60222750874 46 463 80008 253457941 0 2487476 10876241 0 2593 0 10528 11987104 57 0 25900 0
1791334695669812 60223251721 46 463 81161 255382595 0 2529444 11013937 0 2593 0 10529 11987196 57 0 25906 0
1791334696173265 60223755174 46 463 82304 257455031 0 2566884 11173353 0 2593 0 10530 11987287 57 0 25913 0
1791334696675279 60224257188 46 463 83525 260235424 0 2608116 11344153 0 2593 0 10532 11987383 57 0 25916 0
1791334697175639 60224757547 46 463 84627 262849926 0 2643636 11512457 0 2593 0 10532 11987473 57 0 25925 0
1791334697676537 60225258445 46 463 85509 265709631 0 2673336 11668637 0 2593 0 10533 11987565 57 0 25931 0
1791334698177112 60225759020 47 463 86493 268588517 0 2703072 11792429 0 2593 0 10534 11987658 57 0 25936 0
1791334698680753 60226262662 47 463 87625 271440546 0 2740140 11922137 0 2593 0 10534 11987753 57 0 25942 0
1791334699181296 60226763204 47 463 88721 274742734 0 2772804 12064297 0 2593 0 10537 11987838 57 0 25952 0
1791334699683268 60227265177 47 463 89760 279673505 0 2802084 12203561 0 2593 0 10539 11987913 57 0 25971 0
1791334700185706 60227767615 48 463 90884 283135053 0 2837892 12370609 0 2593 0 10540 11987997 57 0 25986 0
1791334700686080 60228267989 48 463 92001 285858700 0 2872728 12548909 0 2593 0 10541 11988086 57 0 25995 0
1791334701191875 60228773783 48 463 92914 288365653 0 2900832 12702077 0 2593 0 10542 11988182 57 0 26000 0
1791334701692750 60229274659 48 463 94011 291604594 0 2933856 12822981 0 2594 0 10543 11988271 57 0 26008 0
1791334702197612 60229779520 48 463 95066 294224025 0 2967764 12924825 0 2594 0 10545 11988363 57 0 26014 0
1791334702699399 60230281308 48 463 96211 296475581 0 3015804 13053153 0 2594 0 10546 11988451 57 0 26024 0
1791334703200785 60230782694 48 463 97167 299958298 0 3047664 13187021 0 2594 0 10546 11988545 57 0 26029 0
1791334703702878 60231284786 49 463 98153 302719421 0 3079524 13312833 0 2594 0 10546 11988630 57 0 26038 0
1791334704208372 60231790280 49 463 99285 307755554 0 3115332 13473809 0 2594 0 10547 11988713 57 0 26053 0
1791334704709022 60232290931 50 463 100411 314560105 0 3150168 13646061 0 2594 0 10548 11988794 57 0 26072 0
1791334705212149 60232794057 51 463 101257 318749941 0 3174300 13813785 0 2594 0 10550 11988879 57 0 26082 0
1791334705728220 60233310129 51 463 102142 322614030 0 3197052 13957400 0 2594 0 10553 11988968 57 0 26091 0
1791334706230030 60233811938 51 463 102425 323746530 0 3200052 13971721 0 2596 0 10556 11989055 57 0 26095 0
1791334706737010 60234318919 51 463 102505 323940883 0 3200052 13979441 0 2597 0 10556 11989153 57 0 26096 0
1791334707238116 60234820024 51 463 102585 324153552 0 3200052 13987265 0 2597 0 10556 11989250 57 0 26097 0
1791334707738954 60235320862 51 463 102664 324342378 0 3200052 13994985 0 2597 0 10558 11989342 57 0 26102 0
1791334708239425 60235821333 52 463 102744 324546818 0 3200052 14002705 0 2597 0 10559 11989438 57 0 26103 0
1791334708746507 60236328416 52 463 102824 324733204 0 3200052 14010297 0 2597 0 10559 11989534 57 0 26104 0
1791334709247826 60236829734 52 463 102904 324837994 0 3200052 14018017 0 2597 0 10559 11989627 57 0 26109 0
1791334709755345 60237337254 52 463 102984 324931007 0 3200052 14025969 0 2597 0 10559 11989727 57 0 26109 0
1791334710257460 60237839368 53 463 103062 325040827 0 3200052 14033329 0 2597 0 10559 11989823 57 0 26112 0
1791334710758086 60238339995 53 463 103143 325135749 0 3200052 14041281 0 2597 0 10560 11989915 57 0 26115 0
1791334711265283 60238847191 53 463 103222 325224421 0 3200052 14049001 0 2598 0 10560 11990009 57 0 26118 0
1791334711767793 60239349701 53 463 103303 325323753 0 3200052 14056721 0 2598 0 10560 11990106 57 0 26118 0
1791334712269818 60239851727 53 463 103382 325672624 0 3200052 14064313 0 2598 0 10560 11990204 57 0 26120 0
1791334712773166 60240355074 53 463 103462 325753010 0 3200052 14072033 0 2598 0 10561 11990300 57 0 26121 0
1791334713273690 60240855598 53 463 103541 326000500 0 3200052 14079753 0 2598 0 10561 11990395 57 0 26121 0
1791334713775914 60241357822 53 463 103621 326248560 0 3200052 14087473 0 2598 0 10561 11990495 57 0 26121 0
1791334713843935 60241425844 53 463 103633 326261549 0 3200052 14088657 0 2598 0 10561 11990507 57 0 26122 0
