# hz=100 page_bytes=4096 possible_cpus=2
# program_id=60 jit_bytes=8483 xlated_bytes=4776
# pos:	0
# flags:	02000002
# mnt_id:	10
# ino:	26
# prog_type:	1
# prog_jited:	1
# prog_tag:	1a92932acb008231
# memlock:	8192
# prog_id:	60
# run_time_ns:	0
# run_cnt:	0
# recursion_misses:	0
# verified_insns:	199283
# map=counters type=6 key=4 value=32 max_entries=1
# pos:	0
# flags:	02000002
# mnt_id:	10
# ino:	26
# map_type:	6
# key_size:	4
# value_size:	32
# max_entries:	1
# map_flags:	0x0
# map_extra:	0x0
# memlock:	268
# map_id:	91
# frozen:	0
# map=accounting type=2 key=4 value=24 max_entries=1
# pos:	0
# flags:	02000002
# mnt_id:	10
# ino:	26
# map_type:	2
# key_size:	4
# value_size:	24
# max_entries:	1
# map_flags:	0x0
# map_extra:	0x0
# memlock:	224
# map_id:	92
# frozen:	0
# map=flows type=9 key=36 value=32 max_entries=1024
# pos:	0
# flags:	02000002
# mnt_id:	10
# ino:	26
# map_type:	9
# key_size:	36
# value_size:	32
# max_entries:	1024
# map_flags:	0x0
# map_extra:	0x0
# memlock:	107456
# map_id:	89
# frozen:	0
# map=departures type=9 key=40 value=8 max_entries=8192
# pos:	0
# flags:	02000002
# mnt_id:	10
# ino:	26
# map_type:	9
# key_size:	40
# value_size:	8
# max_entries:	8192
# map_flags:	0x0
# map_extra:	0x0
# memlock:	656320
# map_id:	88
# frozen:	0
# map=samples type=27 key=0 value=0 max_entries=262144
# pos:	0
# flags:	02000002
# mnt_id:	10
# ino:	26
# map_type:	27
# key_size:	0
# value_size:	0
# max_entries:	262144
# map_flags:	0x0
# map_extra:	0x0
# memlock:	275148
# map_id:	90
# frozen:	0
realtime_us monotonic_us daemon_ticks rss_pages runs runtime_ns ring_full ack_bytes upload_bytes unaccounted host_user host_nice host_system host_idle host_iowait host_irq host_softirq host_steal
1791252408566034 21064241218 32 462 0 0 0 0 2560 0 1151 0 4939 4181815 52 0 14064 0
1791252409066271 21064741455 32 462 78 278103 0 0 10152 0 1151 0 4940 4181910 52 0 14066 0
1791252409566436 21065241619 32 462 157 372569 0 0 17872 0 1151 0 4940 4182008 52 0 14066 0
1791252410067316 21065742499 32 462 236 468688 0 0 25464 0 1153 0 4941 4182101 52 0 14068 0
1791252410567913 21066243097 32 462 317 576686 0 0 33416 0 1153 0 4941 4182196 52 0 14070 0
1791252411072605 21066747788 32 462 398 784138 0 0 41136 0 1153 0 4941 4182294 52 0 14071 0
1791252411573981 21067249164 32 462 477 894999 0 0 48728 0 1153 0 4941 4182389 52 0 14073 0
1791252412076902 21067752086 32 462 556 999090 0 0 56448 0 1153 0 4943 4182483 52 0 14075 0
1791252412577537 21068252720 33 462 635 1093562 0 0 64040 0 1153 0 4943 4182579 52 0 14075 0
1791252413082129 21068757312 33 462 715 1362846 0 0 71844 0 1153 0 4944 4182673 52 0 14075 0
1791252413584171 21069259354 33 462 795 1530134 0 0 79436 0 1153 0 4944 4182763 52 0 14082 0
1791252414084744 21069759927 33 462 875 1818303 0 0 87156 0 1155 0 4944 4182856 52 0 14083 0
1791252414587350 21070262533 33 462 954 1979232 0 0 94876 0 1156 0 4944 4182950 52 0 14087 0
1791252415090992 21070766174 33 462 1034 2186466 0 0 102700 0 1156 0 4946 4183044 52 0 14088 0
1791252415595255 21071270438 33 462 1114 2356170 0 0 110420 0 1156 0 4947 4183136 52 0 14090 0
1791252416095880 21071771063 33 462 1193 2535987 0 0 118012 0 1156 0 4947 4183230 52 0 14093 0
1791252416609902 21072285085 34 462 1272 2746116 0 0 125964 0 1157 0 4949 4183322 52 0 14095 0
1791252417113708 21072788892 34 462 1491 4102885 0 576 233638 0 1157 0 4950 4183418 52 0 14098 0
1791252417614975 21073290158 35 462 1710 5069885 0 576 386366 0 1157 0 4951 4183511 52 0 14102 0
1791252418116060 21073791244 35 462 1950 5967507 0 576 557982 0 1157 0 4953 4183605 52 0 14104 0
1791252418619886 21074295069 35 462 2180 6695607 0 576 721518 0 1157 0 4953 4183703 52 0 14105 0
1791252419122732 21074797916 35 462 2413 8442070 0 576 885182 0 1157 0 4954 4183800 52 0 14106 0
1791252419623612 21075298795 35 462 2637 9111242 0 576 1039582 0 1157 0 4954 4183897 52 0 14108 0
1791252420124566 21075799750 35 462 2844 9915430 0 576 1169150 0 1157 0 4955 4183989 52 0 14111 0
1791252420627720 21076302903 35 462 3053 10621955 0 576 1311198 0 1157 0 4955 4184088 52 0 14113 0
1791252421129440 21076804624 35 462 3276 11500980 0 576 1467014 0 1157 0 4956 4184182 52 0 14115 0
1791252421632130 21077307313 36 462 3515 12048524 0 576 1640174 0 1157 0 4956 4184278 52 0 14115 0
1791252422133819 21077809003 36 462 3747 13321996 0 576 1816062 0 1157 0 4957 4184373 52 0 14117 0
1791252422634966 21078310150 36 462 3970 14051632 0 576 1962742 0 1157 0 4957 4184470 52 0 14117 0
1791252423135339 21078810522 36 462 4159 14786217 0 576 2067374 0 1157 0 4959 4184566 52 0 14121 0
1791252423635786 21079310970 36 462 4349 15427357 0 576 2181862 0 1157 0 4960 4184661 52 0 14122 0
1791252424140598 21079815781 36 462 4550 16784451 0 576 2310014 0 1157 0 4961 4184755 52 0 14126 0
1791252424642218 21080317401 36 462 4761 17800016 0 576 2447430 0 1157 0 4963 4184849 52 0 14129 0
1791252425142567 21080817750 36 462 4983 18987181 0 576 2600158 0 1158 0 4963 4184945 52 0 14132 0
1791252425643759 21081318942 37 462 5218 19555174 0 576 2768454 0 1158 0 4964 4185038 52 0 14136 0
1791252426144648 21081819832 37 462 5450 20506887 0 576 2941254 0 1158 0 4964 4185129 52 0 14141 0
1791252426647403 21082322587 37 462 5680 21188877 0 576 3097198 0 1159 0 4965 4185223 52 0 14144 0
1791252427153303 21082828487 37 462 5885 22076468 0 576 3225350 0 1159 0 4965 4185321 52 0 14144 0
1791252427653772 21083328956 37 462 6090 22853206 0 576 3361222 0 1159 0 4965 4185414 52 0 14148 0
1791252428159334 21083834518 37 462 6313 23830988 0 576 3511222 0 1159 0 4965 4185514 52 0 14149 0
1791252428660314 21084335498 37 462 6547 24551354 0 576 3676302 0 1159 0 4967 4185608 52 0 14152 0
1791252429163167 21084838350 37 462 6783 25149913 0 576 3849230 0 1159 0 4967 4185702 52 0 14155 0
1791252429666443 21085341627 37 462 7015 26019321 0 576 4011350 0 1159 0 4967 4185798 52 0 14159 0
1791252430168338 21085843521 38 462 7240 27511860 0 576 4160990 0 1159 0 4967 4185889 52 0 14163 0
1791252430668741 21086343925 38 462 7442 28043393 0 576 4287598 0 1159 0 4969 4185980 52 0 14166 0
1791252431169822 21086845005 38 462 7644 28870107 0 576 4423342 0 1159 0 4969 4186077 52 0 14167 0
1791252431670950 21087346133 38 462 7863 29912444 0 576 4574886 0 1159 0 4969 4186171 52 0 14170 0
1791252432172842 21087848025 38 462 8004 30261059 0 864 4623836 0 1159 0 4970 4186265 52 0 14174 0
1791252432676249 21088351433 38 462 8083 30354342 0 864 4631428 0 1159 0 4971 4186359 52 0 14178 0
1791252433180193 21088855377 38 462 8165 30453467 0 864 4639148 0 1159 0 4971 4186457 52 0 14178 0
1791252433682374 21089357558 38 462 8244 30544750 0 864 4646868 0 1159 0 4971 4186554 52 0 14179 0
1791252434186276 21089861460 38 462 8324 30668511 0 864 4654588 0 1159 0 4971 4186651 52 0 14179 0
1791252434687196 21090362380 38 462 8403 30766401 0 864 4662180 0 1159 0 4971 4186747 52 0 14182 0
1791252435187734 21090862917 39 462 8807 31599917 0 16404 4686832 0 1159 0 4973 4186838 52 0 14185 0
1791252435690815 21091365999 39 462 9677 33737587 0 50580 4728728 0 1159 0 4973 4186931 52 0 14191 0
1791252436192765 21091867948 39 462 10796 35815911 0 96756 4782856 0 1159 0 4974 4187023 52 0 14197 0
1791252436693369 21092368553 39 462 11897 39126728 0 141396 4834856 0 1160 0 4974 4187112 52 0 14208 0
1791252437195949 21092871132 39 462 12990 41361146 0 186324 4887736 0 1160 0 4976 4187201 52 0 14216 0
1791252437697032 21093372216 39 462 14098 43656401 0 231156 4940160 0 1160 0 4976 4187290 52 0 14228 0
1791252438197640 21093872824 39 462 15210 46108061 0 277884 4994608 0 1160 0 4977 4187383 52 0 14233 0
1791252438700653 21094375837 39 462 16322 48877345 0 328012 5052328 0 1160 0 4977 4187473 52 0 14241 0
1791252439203451 21094878635 40 462 17366 51251385 0 368332 5100368 0 1160 0 4978 4187567 52 0 14247 0
1791252439704042 21095379225 40 462 18480 53478461 0 411088 5150844 0 1160 0 4979 4187660 52 0 14253 0
1791252440205773 21095880956 40 462 19563 56376109 0 451924 5199272 0 1160 0 4981 4187748 52 0 14263 0
1791252440708369 21096383553 40 462 20631 59270578 0 491980 5247048 0 1160 0 4982 4187838 52 0 14272 0
1791252441211111 21096886294 40 462 21676 62460861 0 530668 5293456 0 1160 0 4983 4187928 52 0 14281 0
1791252441712289 21097387473 40 462 22742 65094300 0 570304 5340684 0 1160 0 4983 4188018 52 0 14291 0
1791252442213204 21097888387 41 462 23810 67923954 0 610228 5388560 0 1160 0 4983 4188112 52 0 14297 0
1791252442713917 21098389101 41 462 24974 70687916 0 660376 5446300 0 1160 0 4983 4188200 52 0 14308 0
1791252443220424 21098895608 41 462 25959 74007853 0 696288 5489932 0 1160 0 4985 4188287 52 0 14319 0
1791252443721456 21099396639 41 462 26968 76889642 0 731796 5533160 0 1161 0 4985 4188379 52 0 14326 0
1791252444223575 21099898759 41 462 27999 79820708 0 767712 5576668 0 1161 0 4986 4188470 52 0 14333 0
1791252444724408 21100399591 41 462 29065 81794654 0 805764 5622440 0 1161 0 4988 4188562 52 0 14339 0
1791252445225950 21100901133 41 462 30097 84381022 0 842136 5666532 0 1161 0 4990 4188657 52 0 14344 0
1791252445733347 21101408530 41 462 31089 87146359 0 876216 5708204 0 1161 0 4991 4188749 52 0 14351 0
1791252446233630 21101908814 42 462 32126 90315847 0 912324 5752264 0 1161 0 4991 4188843 52 0 14356 0
1791252446739242 21102414425 42 462 33113 93111995 0 946492 5794024 0 1161 0 4991 4188935 52 0 14363 0
1791252447241126 21102916310 42 462 34204 96645112 0 993556 5848808 0 1161 0 4992 4189030 52 0 14368 0
1791252447741892 21103417075 42 462 35149 98648867 0 1027708 5890680 0 1161 0 4992 4189121 52 0 14376 0
1791252448244297 21103919481 42 462 36154 101470581 0 1061896 5932460 0 1161 0 4992 4189214 52 0 14380 0
1791252448745113 21104420296 42 462 37152 103614202 0 1095820 5974104 0 1161 0 4992 4189304 52 0 14390 0
1791252449246469 21104921652 42 462 38148 105340830 0 1129096 6014972 0 1161 0 4994 4189396 52 0 14396 0
1791252449747623 21105422807 42 462 39141 108007500 0 1163080 6056908 0 1161 0 4995 4189486 52 0 14405 0
1791252450253117 21105928300 42 462 40156 111099673 0 1198312 6099628 0 1161 0 4998 4189574 52 0 14413 0
1791252450754493 21106429677 42 462 41200 113692856 0 1235992 6145260 0 1161 0 4998 4189667 52 0 14420 0
1791252451259412 21106934595 43 462 42264 116566423 0 1276960 6193948 0 1161 0 4998 4189761 52 0 14426 0
1791252451760773 21107435956 43 462 43267 118544193 0 1311808 6236516 0 1161 0 4999 4189857 52 0 14429 0
1791252452262037 21107937220 43 462 44273 122076881 0 1347232 6279532 0 1161 0 4999 4189950 52 0 14435 0
1791252452764779 21108439963 43 462 45285 124977918 0 1382848 6322868 0 1162 0 4999 4190043 52 0 14441 0
1791252453265496 21108940680 43 462 46342 127638120 0 1421632 6369372 0 1162 0 4999 4190136 52 0 14450 0
1791252453766355 21109441539 43 462 47350 129833108 0 1456768 6412100 0 1163 0 4999 4190227 52 0 14457 0
1791252454270705 21109945888 43 462 48415 132547855 0 1500644 6463696 0 1163 0 5000 4190320 52 0 14463 0
1791252454773537 21110448720 43 462 49331 134548781 0 1534392 6505268 0 1163 0 5001 4190412 52 0 14468 0
1791252455274613 21110949797 44 462 50098 136713914 0 1558428 6543056 0 1164 0 5003 4190500 52 0 14475 0
1791252455774858 21111450042 44 462 50179 136814610 0 1558428 6550776 0 1164 0 5003 4190595 52 0 14476 0
1791252456275562 21111950745 44 462 50258 136907014 0 1558428 6558368 0 1164 0 5003 4190693 52 0 14477 0
1791252456775874 21112451058 44 462 50338 137129251 0 1558428 6566088 0 1164 0 5004 4190788 52 0 14478 0
1791252457276168 21112951352 44 462 50416 137225467 0 1558428 6573680 0 1164 0 5004 4190883 52 0 14479 0
1791252457780965 21113456148 44 462 50496 137322782 0 1558428 6581400 0 1164 0 5004 4190979 52 0 14479 0
1791252458282117 21113957300 44 462 50636 137555146 0 1559484 6604709 0 1164 0 5004 4191077 52 0 14480 0
1791252458782543 21114457726 44 462 51544 139259879 0 1591260 6741482 0 1164 0 5005 4191169 52 0 14485 0
1791252459283216 21114958400 44 462 52640 141543780 0 1628604 6896042 0 1164 0 5005 4191266 52 0 14487 0
1791252459785223 21115460407 45 462 53894 143785739 0 1672860 7068450 0 1164 0 5005 4191362 52 0 14493 0
1791252460286111 21115961295 45 462 54932 146213793 0 1708764 7230962 0 1165 0 5005 4191453 52 0 14499 0
1791252460787970 21116463154 45 462 55874 148861862 0 1740444 7393754 0 1165 0 5005 4191539 52 0 14510 0
1791252461294207 21116969391 45 462 56920 150732866 0 1774620 7515938 0 1165 0 5005 4191620 52 0 14528 0
1791252461800302 21117475485 46 462 58006 152927945 0 1811004 7628082 0 1165 0 5006 4191718 52 0 14531 0
1791252462301587 21117976770 46 462 59231 155749535 0 1855956 7751778 0 1165 0 5007 4191812 52 0 14536 0
1791252462802504 21118477688 46 462 60316 158070766 0 1896008 7890518 0 1165 0 5007 4191903 52 0 14544 0
1791252463304700 21118979884 46 462 61446 160022660 0 1933160 8041926 0 1165 0 5008 4191992 52 0 14553 0
1791252463805898 21119481082 46 462 62611 161995084 0 1970600 8198254 0 1165 0 5009 4192086 52 0 14560 0
1791252464306334 21119981518 46 462 63737 165128376 0 2007560 8370958 0 1165 0 5011 4192172 52 0 14571 0
1791252464806579 21120481763 46 462 64778 167892026 0 2043932 8543202 0 1165 0 5011 4192262 52 0 14581 0
1791252465311823 21120987007 46 462 65692 169729520 0 2073068 8684922 0 1166 0 5011 4192357 52 0 14585 0
1791252465815515 21121490698 47 462 66828 172500784 0 2109452 8804682 0 1166 0 5012 4192447 52 0 14593 0
1791252466317213 21121992397 47 462 67892 175143432 0 2144684 8917346 0 1167 0 5013 4192541 52 0 14598 0
1791252466821757 21122496941 47 462 69116 177832667 0 2189920 9056638 0 1167 0 5014 4192630 52 0 14607 0
1791252467324043 21122999226 47 462 70204 181042182 0 2226032 9211638 0 1167 0 5015 4192722 52 0 14613 0
1791252467824880 21123500064 47 462 71320 183068224 0 2261248 9381054 0 1167 0 5015 4192813 52 0 14621 0
1791252468329170 21124004354 47 462 72447 185489417 0 2296936 9546438 0 1167 0 5017 4192900 52 0 14633 0
1791252468832172 21124507356 47 462 73337 188055235 0 2323756 9709130 0 1167 0 5017 4192992 52 0 14641 0
1791252469333684 21125008868 48 462 74022 190290891 0 2342248 9868230 0 1167 0 5017 4193088 52 0 14644 0
1791252469838662 21125513846 48 462 74944 192815402 0 2368072 10003446 0 1168 0 5018 4193173 52 0 14655 0
1791252470339635 21126014819 48 462 76026 195317266 0 2401000 10138382 0 1168 0 5019 4193266 52 0 14660 0
1791252470842116 21126517300 48 462 77105 198275024 0 2433640 10291454 0 1169 0 5019 4193359 52 0 14666 0
1791252471343137 21127018321 48 462 78237 200138053 0 2469544 10458470 0 1169 0 5019 4193448 52 0 14676 0
1791252471844318 21127519502 48 462 79386 202875517 0 2505836 10622914 0 1170 0 5021 4193540 52 0 14681 0
1791252472347236 21128022420 48 462 80327 205272693 0 2541420 10794370 0 1170 0 5021 4193637 52 0 14686 0
1791252472848069 21128523252 48 462 81200 208147576 0 2569224 10931670 0 1170 0 5021 4193727 52 0 14694 0
1791252473353000 21129028184 48 462 82296 212499735 0 2605264 11055846 0 1171 0 5024 4193811 52 0 14706 0
1791252473855081 21129530265 49 462 83403 216629580 0 2640052 11188010 0 1171 0 5024 4193895 52 0 14722 0
1791252474355342 21130030526 49 462 84523 221368415 0 2676028 11344418 0 1171 0 5024 4193984 52 0 14735 0
1791252474860473 21130535657 49 462 85684 224942120 0 2712676 11509090 0 1171 0 5026 4194067 52 0 14749 0
1791252475363891 21131039075 50 462 86772 228559266 0 2746252 11653834 0 1171 0 5028 4194157 52 0 14757 0
1791252475870350 21131545534 50 462 87913 234738080 0 2780092 11832810 0 1172 0 5030 4194238 52 0 14775 0
1791252476371222 21132046406 50 462 88809 237223936 0 2806396 12001034 0 1173 0 5030 4194326 52 0 14785 0
1791252476871913 21132547097 51 462 89765 240875283 0 2833192 12129734 0 1173 0 5030 4194413 52 0 14799 0
1791252477372623 21133047807 51 462 90774 244602273 0 2862568 12240814 0 1173 0 5031 4194500 52 0 14811 0
1791252477892534 21133567717 51 462 91844 248450687 0 2894188 12368394 0 1173 0 5032 4194585 52 0 14829 0
1791252478393831 21134069015 51 462 93050 250880976 0 2939728 12505030 0 1173 0 5034 4194673 52 0 14838 0
1791252478896656 21134571840 52 462 94134 253925952 0 2973480 12650054 0 1173 0 5034 4194765 52 0 14846 0
1791252479401395 21135076578 52 462 95267 256857228 0 3009672 12815942 0 1174 0 5036 4194854 52 0 14854 0
1791252479903929 21135579113 52 462 96379 259067755 0 3042792 12986478 0 1174 0 5036 4194943 52 0 14865 0
1791252480404257 21136079441 52 462 97482 261686607 0 3076872 13130054 0 1174 0 5040 4195032 52 0 14872 0
1791252480904922 21136580105 53 462 98581 267928029 0 3110952 13292286 0 1174 0 5041 4195120 52 0 14883 0
1791252481406348 21137081532 53 462 99681 271742349 0 3144336 13462958 0 1174 0 5043 4195205 52 0 14897 0
1791252481913716 21137588900 53 462 100762 274097421 0 3177312 13613278 0 1174 0 5043 4195295 52 0 14906 0
1791252482414250 21138089434 53 462 101883 276168472 0 3211272 13770990 0 1174 0 5043 4195388 52 0 14911 0
1791252482915069 21138590253 53 462 103009 278337896 0 3244416 13928838 0 1174 0 5043 4195480 52 0 14920 0
1791252483418332 21139093516 54 462 104092 281121046 0 3275520 14058186 0 1174 0 5045 4195569 52 0 14929 0
1791252483920918 21139596101 54 462 104514 282508958 0 3277152 14080839 0 1174 0 5047 4195662 52 0 14931 0
1791252484421206 21140096390 54 462 104593 282617102 0 3277152 14088559 0 1174 0 5047 4195755 52 0 14933 0
1791252484924146 21140599330 54 462 104672 282713822 0 3277152 14096151 0 1175 0 5047 4195848 52 0 14936 0
1791252485425713 21141100897 54 462 104752 282987760 0 3277152 14103871 0 1175 0 5048 4195942 52 0 14937 0
1791252485933255 21141608438 54 462 104831 283124849 0 3277152 14111591 0 1175 0 5048 4196035 52 0 14939 0
1791252486434835 21142110019 54 462 104912 283273344 0 3277152 14119415 0 1175 0 5049 4196129 52 0 14940 0
1791252486938817 21142614001 55 462 104992 283341081 0 3277152 14127135 0 1175 0 5049 4196222 52 0 14943 0
1791252487441641 21143116825 55 462 105070 283561088 0 3277152 14134727 0 1175 0 5049 4196316 52 0 14946 0
1791252487942572 21143617756 55 462 105150 283639599 0 3277152 14142447 0 1175 0 5049 4196411 52 0 14946 0
1791252488447952 21144123135 55 462 105230 283864301 0 3277152 14150295 0 1175 0 5049 4196509 52 0 14947 0
1791252488948503 21144623687 55 462 105309 284075413 0 3277152 14157887 0 1175 0 5049 4196606 52 0 14948 0
1791252489453925 21145129108 55 462 105389 284145926 0 3277152 14165607 0 1175 0 5049 4196705 52 0 14948 0
1791252489955634 21145630817 55 462 105469 284260243 0 3277152 14173431 0 1176 0 5049 4196800 52 0 14948 0
1791252490462738 21146137921 55 462 105549 284330961 0 3277152 14181151 0 1176 0 5049 4196898 52 0 14950 0
1791252490963394 21146638577 55 462 105628 284560510 0 3277152 14188871 0 1176 0 5049 4196992 52 0 14951 0
1791252491463595 21147138779 55 462 105707 284642242 0 3277152 14196463 0 1177 0 5050 4197084 52 0 14955 0
1791252491492775 21147167959 55 462 105712 284646920 0 3277152 14197055 0 1177 0 5051 4197089 52 0 14955 0
