# hz=100 page_bytes=4096 possible_cpus=2
# program_id=108 jit_bytes=8483 xlated_bytes=4776
# pos:	0
# flags:	02000002
# mnt_id:	10
# ino:	26
# prog_type:	1
# prog_jited:	1
# prog_tag:	1a92932acb008231
# memlock:	8192
# prog_id:	108
# run_time_ns:	0
# run_cnt:	0
# recursion_misses:	0
# verified_insns:	199283
# map=counters type=6 key=4 value=32 max_entries=1
# pos:	0
# flags:	02000002
# mnt_id:	10
# ino:	26
# map_type:	6
# key_size:	4
# value_size:	32
# max_entries:	1
# map_flags:	0x0
# map_extra:	0x0
# memlock:	268
# map_id:	134
# frozen:	0
# map=accounting type=2 key=4 value=24 max_entries=1
# pos:	0
# flags:	02000002
# mnt_id:	10
# ino:	26
# map_type:	2
# key_size:	4
# value_size:	24
# max_entries:	1
# map_flags:	0x0
# map_extra:	0x0
# memlock:	224
# map_id:	135
# frozen:	0
# map=flows type=9 key=36 value=32 max_entries=1024
# pos:	0
# flags:	02000002
# mnt_id:	10
# ino:	26
# map_type:	9
# key_size:	36
# value_size:	32
# max_entries:	1024
# map_flags:	0x0
# map_extra:	0x0
# memlock:	107456
# map_id:	132
# frozen:	0
# map=departures type=9 key=40 value=8 max_entries=8192
# pos:	0
# flags:	02000002
# mnt_id:	10
# ino:	26
# map_type:	9
# key_size:	40
# value_size:	8
# max_entries:	8192
# map_flags:	0x0
# map_extra:	0x0
# memlock:	656320
# map_id:	131
# frozen:	0
# map=samples type=27 key=0 value=0 max_entries=262144
# pos:	0
# flags:	02000002
# mnt_id:	10
# ino:	26
# map_type:	27
# key_size:	0
# value_size:	0
# max_entries:	262144
# map_flags:	0x0
# map_extra:	0x0
# memlock:	275148
# map_id:	133
# frozen:	0
realtime_us monotonic_us daemon_ticks rss_pages runs runtime_ns ring_full ack_bytes upload_bytes unaccounted host_user host_nice host_system host_idle host_iowait host_irq host_softirq host_steal
1791336612285449 62139867358 25 463 0 0 0 0 2816 0 2903 0 12104 12359301 62 0 32222 0
1791336612785872 62140367780 25 463 78 108561 0 0 10536 0 2903 0 12104 12359397 62 0 32222 0
1791336613289065 62140870974 25 463 157 218448 0 0 18128 0 2903 0 12104 12359494 63 0 32224 0
1791336613793335 62141375244 25 463 238 319292 0 0 26080 0 2903 0 12105 12359590 63 0 32225 0
1791336614295391 62141877299 25 463 318 459498 0 0 33672 0 2904 0 12107 12359683 63 0 32227 0
1791336614796809 62142378718 25 463 397 577988 0 0 41392 0 2906 0 12107 12359779 63 0 32227 0
1791336615302098 62142884006 25 463 477 694777 0 0 49112 0 2906 0 12108 12359877 63 0 32227 0
1791336615802816 62143384725 25 463 556 806575 0 0 56704 0 2906 0 12108 12359972 63 0 32227 0
1791336616305907 62143887816 25 463 635 920655 0 0 64424 0 2906 0 12108 12360067 63 0 32229 0
1791336616809605 62144391514 25 463 717 1022052 0 0 72332 0 2906 0 12109 12360163 63 0 32229 0
1791336617316713 62144898622 25 463 797 1148558 0 0 80052 0 2907 0 12111 12360253 63 0 32233 0
1791336617817630 62145399539 26 463 877 1253841 0 0 87772 0 2907 0 12112 12360350 63 0 32234 0
1791336618317917 62145899825 26 463 956 1393378 0 0 95364 0 2907 0 12112 12360444 63 0 32235 0
1791336618819111 62146401020 26 463 1036 1492113 0 0 103084 0 2907 0 12112 12360545 63 0 32235 0
1791336619321621 62146903529 26 463 1115 1591462 0 0 110804 0 2908 0 12112 12360641 63 0 32235 0
1791336619825530 62147407439 26 463 1194 1682255 0 0 118396 0 2908 0 12112 12360739 63 0 32235 0
1791336620327946 62147909855 26 463 1277 1796749 0 96 126449 0 2909 0 12113 12360832 63 0 32237 0
1791336620829109 62148411017 26 463 1486 3540362 0 576 243158 0 2910 0 12114 12360927 63 0 32240 0
1791336621329897 62148911806 26 463 1709 4141267 0 576 397558 0 2910 0 12114 12361023 63 0 32243 0
1791336621831297 62149413205 26 463 1967 5310966 0 576 567270 0 2910 0 12114 12361116 63 0 32249 0
1791336622335722 62149917631 26 463 2198 6228465 0 576 738654 0 2910 0 12116 12361207 63 0 32253 0
1791336622837268 62150419176 26 463 2427 7428302 0 576 899462 0 2910 0 12116 12361301 63 0 32259 0
1791336623338970 62150920877 26 463 2644 8581992 0 576 1038294 0 2910 0 12119 12361394 63 0 32263 0
1791336623840041 62151421949 26 463 2840 9870824 0 576 1164902 0 2911 0 12119 12361488 63 0 32267 0
1791336624340596 62151922505 26 463 3047 11183055 0 576 1305278 0 2911 0 12121 12361582 63 0 32270 0
1791336624842550 62152424459 26 463 3271 12436534 0 576 1461222 0 2911 0 12121 12361678 63 0 32273 0
1791336625344628 62152926536 28 463 3505 14331309 0 576 1630934 0 2911 0 12122 12361774 63 0 32276 0
1791336625847635 62153429544 28 463 3741 16051965 0 576 1811582 0 2912 0 12124 12361867 63 0 32278 0
1791336626348589 62153930498 28 463 3960 18545011 0 576 1953502 0 2912 0 12124 12361962 63 0 32280 0
1791336626852346 62154434255 28 463 4160 19602577 0 576 2061582 0 2912 0 12124 12362054 63 0 32285 0
1791336627357342 62154939250 29 463 4352 20800708 0 576 2180702 0 2912 0 12126 12362149 63 0 32287 0
1791336627858003 62155439911 29 463 4552 21559346 0 576 2311814 0 2912 0 12127 12362244 63 0 32288 0
1791336628358978 62155940886 29 463 4763 22306958 0 576 2455406 0 2914 0 12128 12362337 63 0 32291 0
1791336628859224 62156441133 29 463 4990 23107304 0 576 2615982 0 2914 0 12128 12362433 63 0 32294 0
1791336629360320 62156942229 29 463 5227 23713728 0 576 2790326 0 2914 0 12128 12362523 63 0 32298 0
1791336629864102 62157446011 29 463 5460 24712409 0 576 2957078 0 2914 0 12128 12362621 63 0 32299 0
1791336630364768 62157946677 29 463 5677 25327052 0 576 3094366 0 2914 0 12128 12362715 63 0 32304 0
1791336630866398 62158448307 29 463 5878 26380979 0 576 3220974 0 2914 0 12128 12362809 63 0 32306 0
1791336631367119 62158949028 29 463 6084 27249188 0 576 3358262 0 2915 0 12129 12362903 63 0 32309 0
1791336631872305 62159454214 30 463 6310 27816335 0 576 3512790 0 2916 0 12130 12362999 63 0 32310 0
1791336632376516 62159958425 30 463 6549 28606140 0 576 3682862 0 2916 0 12132 12363091 63 0 32314 0
1791336632880643 62160462551 30 463 6784 29360093 0 576 3857334 0 2916 0 12132 12363190 63 0 32316 0
1791336633381959 62160963867 30 463 7008 30203051 0 576 4011606 0 2917 0 12134 12363280 63 0 32320 0
1791336633887434 62161469342 30 463 7218 30789693 0 576 4142846 0 2917 0 12136 12363370 63 0 32324 0
1791336634390724 62161972632 30 463 7427 31324755 0 576 4283350 0 2917 0 12136 12363469 63 0 32324 0
1791336634893950 62162475859 31 463 7649 32218808 0 576 4437854 0 2917 0 12137 12363563 63 0 32326 0
1791336635397219 62162979128 31 463 7886 36178004 0 576 4607694 0 2918 0 12137 12363659 63 0 32329 0
1791336635898072 62163479980 31 463 8022 36568312 0 864 4648924 0 2919 0 12140 12363749 63 0 32331 0
1791336636398391 62163980299 31 463 8102 36682143 0 864 4656516 0 2919 0 12140 12363846 63 0 32333 0
1791336636898936 62164480844 31 463 8181 36776871 0 864 4664236 0 2919 0 12141 12363943 63 0 32333 0
1791336637399425 62164981334 31 463 8260 37020876 0 864 4671828 0 2919 0 12143 12364037 63 0 32333 0
1791336637901233 62165483142 31 463 8339 37123069 0 864 4679548 0 2919 0 12143 12364132 63 0 32333 0
1791336638402903 62165984812 31 463 8418 37241260 0 864 4687140 0 2919 0 12143 12364230 63 0 32335 0
1791336638905186 62166487095 31 463 8919 39221238 0 20880 4716396 0 2920 0 12146 12364318 63 0 32339 0
1791336639406806 62166988715 31 463 9960 42014161 0 63888 4766996 0 2920 0 12148 12364409 63 0 32345 0
1791336639907096 62167489004 31 463 11064 44536462 0 107568 4818396 0 2920 0 12149 12364500 63 0 32353 0
1791336640410347 62167992255 32 463 12200 47211014 0 154224 4872876 0 2920 0 12152 12364586 63 0 32364 0
1791336640911264 62168493172 32 463 13264 49719111 0 197424 4923796 0 2920 0 12153 12364672 63 0 32376 0
1791336641412985 62168994894 32 463 14363 52219388 0 242448 4976412 0 2920 0 12154 12364757 63 0 32389 0
1791336641916297 62169498205 32 463 15603 55543959 0 297984 5039668 0 2920 0 12154 12364852 63 0 32394 0
1791336642418004 62169999913 32 463 16553 57451030 0 336580 5085856 0 2920 0 12154 12364942 63 0 32402 0
1791336642918926 62170500835 32 463 17540 58780101 0 372676 5129672 0 2921 0 12155 12365033 63 0 32409 0
1791336643419463 62171001371 32 463 18619 61712485 0 413764 5178480 0 2921 0 12157 12365124 63 0 32415 0
1791336643921626 62171503535 33 463 19676 65232215 0 454072 5226380 0 2921 0 12158 12365211 63 0 32424 0
1791336644427366 62172009275 33 463 20744 67874773 0 493312 5273340 0 2921 0 12158 12365301 63 0 32435 0
1791336644927931 62172509840 33 463 21888 70978210 0 538880 5326500 0 2921 0 12159 12365391 63 0 32444 0
1791336645430714 62173012622 33 463 22871 75000617 0 575828 5371168 0 2921 0 12161 12365481 63 0 32454 0
1791336645932357 62173514266 33 463 23749 76719015 0 606500 5409560 0 2921 0 12162 12365570 63 0 32463 0
1791336646434659 62174016568 33 463 24721 79851564 0 639884 5450768 0 2922 0 12165 12365661 63 0 32469 0
1791336646935417 62174517326 33 463 25786 82466115 0 677948 5496552 0 2923 0 12165 12365754 63 0 32474 0
1791336647437692 62175019600 33 463 26802 84615203 0 711764 5538088 0 2923 0 12168 12365838 63 0 32487 0
1791336647939868 62175521777 33 463 27753 86868581 0 743012 5576928 0 2924 0 12169 12365929 63 0 32496 0
1791336648441213 62176023122 33 463 28749 89158860 0 776708 5618344 0 2924 0 12170 12366019 63 0 32504 0
1791336648941631 62176523540 33 463 29705 91446136 0 808868 5658096 0 2925 0 12170 12366111 63 0 32508 0
1791336649442618 62177024527 33 463 30669 94899926 0 841532 5698480 0 2926 0 12171 12366194 63 0 32522 0
1791336649943075 62177524983 34 463 31803 98404519 0 889816 5754484 0 2926 0 12171 12366284 63 0 32531 0
1791336650446457 62178028366 34 463 32747 102307702 0 923908 5796168 0 2927 0 12176 12366368 63 0 32540 0
1791336650967478 62178549387 34 463 33747 107373179 0 958036 5837888 0 2928 0 12177 12366457 63 0 32550 0
1791336651468708 62179050617 35 463 34764 112281723 0 994036 5881968 0 2929 0 12178 12366548 63 0 32559 0
1791336651970387 62179552296 35 463 35791 115173356 0 1030036 5925560 0 2929 0 12181 12366635 63 0 32568 0
1791336652476242 62180058151 35 463 36832 119429739 0 1067572 5971048 0 2929 0 12182 12366728 63 0 32574 0
1791336652977115 62180559024 35 463 37859 122742947 0 1104148 6015344 0 2929 0 12183 12366819 63 0 32581 0
1791336653480792 62181062701 35 463 38878 128763703 0 1142544 6061332 0 2929 0 12187 12366901 63 0 32593 0
1791336653984425 62181566334 35 463 39722 132945907 0 1175712 6102220 0 2929 0 12188 12366989 63 0 32602 0
1791336654487506 62182069414 36 463 40551 137480572 0 1204212 6138440 0 2929 0 12189 12367078 63 0 32612 0
1791336654987934 62182569843 36 463 41484 142546031 0 1235700 6177520 0 2929 0 12190 12367167 63 0 32622 0
1791336655488429 62183070337 36 463 42454 148069804 0 1266456 6216100 0 2930 0 12191 12367251 63 0 32636 0
1791336655989479 62183571387 38 463 43467 152579640 0 1300020 6257152 0 2930 0 12192 12367340 63 0 32646 0
1791336656490653 62184072561 38 463 44451 158405206 0 1332948 6298032 0 2930 0 12197 12367423 63 0 32658 0
1791336656993592 62184575500 38 463 45457 161696609 0 1367412 6340088 0 2930 0 12200 12367511 63 0 32665 0
1791336657496717 62185078625 38 463 46491 165886087 0 1402860 6383256 0 2930 0 12202 12367599 63 0 32675 0
1791336657998126 62185580035 38 463 47547 168133106 0 1442928 6430916 0 2930 0 12204 12367692 63 0 32679 0
1791336658498508 62186080417 38 463 48564 171208431 0 1483492 6479200 0 2931 0 12204 12367787 63 0 32683 0
1791336658998873 62186580782 38 463 49330 172500011 0 1505560 6515598 0 2932 0 12204 12367880 63 0 32688 0
1791336659504028 62187085937 38 463 49409 172924449 0 1505560 6523190 0 2932 0 12206 12367975 63 0 32689 0
1791336660004401 62187586310 38 463 49488 173027017 0 1505560 6530910 0 2932 0 12208 12368065 63 0 32690 0
1791336660506443 62188088351 38 463 49568 173151702 0 1505560 6538630 0 2932 0 12209 12368161 63 0 32691 0
1791336661006574 62188588483 38 463 49647 173252688 0 1505560 6546222 0 2932 0 12211 12368256 63 0 32692 0
1791336661509625 62189091533 38 463 49726 173384478 0 1505560 6553942 0 2932 0 12211 12368353 63 0 32693 0
1791336662012797 62189594706 38 463 49864 173630162 0 1506712 6577219 0 2933 0 12212 12368446 63 0 32694 0
1791336662516868 62190098777 40 463 50770 175938736 0 1538080 6707768 0 2934 0 12212 12368537 63 0 32703 0
1791336663017695 62190599603 40 463 51814 178468280 0 1567112 6838704 0 2934 0 12212 12368633 63 0 32705 0
1791336663525472 62191107380 40 463 52965 182318287 0 1606296 6968984 0 2934 0 12214 12368722 63 0 32715 0
1791336664026906 62191608815 40 463 54016 186748149 0 1645812 7094836 0 2934 0 12215 12368808 63 0 32726 0
1791336664527381 62192109290 40 463 55190 189568627 0 1689880 7239136 0 2934 0 12217 12368895 63 0 32735 0
1791336665030581 62192612490 40 463 56365 191694941 0 1731368 7401056 0 2934 0 12218 12368989 63 0 32741 0
1791336665531304 62193113213 41 463 57518 194807829 0 1768528 7572416 0 2935 0 12218 12369080 63 0 32749 0
1791336666031735 62193613644 41 463 58450 196996667 0 1797568 7735784 0 2935 0 12222 12369171 63 0 32753 0
1791336666535291 62194117199 41 463 59378 199706021 0 1824040 7881248 0 2935 0 12223 12369255 63 0 32766 0
1791336667042805 62194624713 42 463 60420 202609653 0 1852744 8014944 0 2936 0 12225 12369336 63 0 32783 0
1791336667544283 62195126192 42 463 61516 204775221 0 1887112 8155720 0 2936 0 12226 12369432 63 0 32786 0
1791336668046467 62195628375 42 463 62720 206786100 0 1931212 8312532 0 2936 0 12227 12369525 63 0 32791 0
1791336668549363 62196131272 42 463 63814 209646121 0 1963948 8478052 0 2936 0 12229 12369616 63 0 32797 0
1791336669054481 62196636390 42 463 65013 213172937 0 2004364 8642092 0 2936 0 12229 12369708 63 0 32805 0
1791336669555199 62197137108 42 463 66051 215312976 0 2038300 8808812 0 2936 0 12230 12369799 63 0 32812 0
1791336670055846 62197637754 42 463 66963 217969745 0 2065804 8965884 0 2936 0 12233 12369888 63 0 32818 0
1791336670562068 62198143976 43 463 68021 222163587 0 2097484 9093292 0 2937 0 12236 12369973 63 0 32829 0
1791336671067649 62198649558 43 463 69095 224059319 0 2131276 9211876 0 2937 0 12237 12370062 63 0 32836 0
1791336671567881 62199149790 43 463 70264 226606730 0 2180016 9359432 0 2937 0 12238 12370157 63 0 32837 0
1791336672071318 62199653226 43 463 71140 228553302 0 2207772 9529364 0 2939 0 12238 12370249 63 0 32843 0
1791336672577922 62200159830 43 463 71895 231015960 0 2230512 9697472 0 2939 0 12238 12370343 63 0 32848 0
1791336673079242 62200661150 43 463 72509 233891542 0 2247264 9857688 0 2939 0 12238 12370438 63 0 32853 0
1791336673581434 62201163342 43 463 73062 235367318 0 2261352 10016912 0 2940 0 12238 12370534 63 0 32857 0
1791336674082026 62201663935 44 463 73895 237328026 0 2284872 10149928 0 2941 0 12238 12370628 63 0 32861 0
1791336674582828 62202164737 44 463 74955 239770465 0 2318892 10276588 0 2941 0 12240 12370721 63 0 32867 0
1791336675086638 62202668547 44 463 76113 244230286 0 2356332 10426612 0 2941 0 12241 12370809 63 0 32877 0
1791336675611628 62203193537 44 463 77298 248453347 0 2392236 10599932 0 2941 0 12246 12370901 63 0 32886 0
1791336676111803 62203693712 44 463 78371 250812638 0 2424492 10780748 0 2941 0 12248 12370991 63 0 32893 0
1791336676613759 62204195668 44 463 79259 253998823 0 2451852 10935900 0 2941 0 12248 12371086 63 0 32898 0
1791336677116913 62204698821 44 463 80296 256149694 0 2484876 11050988 0 2942 0 12249 12371174 63 0 32907 0
1791336677617620 62205199529 45 463 81380 260157704 0 2520228 11166628 0 2942 0 12251 12371265 63 0 32913 0
1791336678118182 62205700091 45 463 82455 262580594 0 2562744 11292392 0 2942 0 12252 12371356 63 0 32917 0
1791336678619805 62206201713 45 463 83545 265234266 0 2599152 11433792 0 2942 0 12253 12371452 63 0 32922 0
1791336679123658 62206705567 45 463 84703 268637062 0 2636604 11590004 0 2944 0 12253 12371543 63 0 32929 0
1791336679629457 62207211365 45 463 85883 271357626 0 2673996 11761724 0 2945 0 12253 12371639 63 0 32933 0
1791336680131551 62207713459 46 463 86952 274311472 0 2707884 11927084 0 2945 0 12254 12371729 63 0 32942 0
1791336680640149 62208222058 46 463 87931 279767323 0 2736516 12072932 0 2945 0 12257 12371809 63 0 32956 0
1791336681144966 62208726874 46 463 89070 283153023 0 2770464 12241080 0 2945 0 12258 12371899 63 0 32963 0
1791336681647670 62209229578 46 463 90140 285764034 0 2803488 12402256 0 2945 0 12258 12371992 63 0 32968 0
1791336682153399 62209735307 46 463 91154 288705991 0 2834928 12557216 0 2945 0 12259 12372081 63 0 32976 0
1791336682654416 62210236325 46 463 92261 291296382 0 2869296 12688728 0 2945 0 12259 12372179 63 0 32979 0
1791336683154851 62210736760 47 463 93303 293933641 0 2900976 12831808 0 2946 0 12261 12372264 63 0 32989 0
1791336683656665 62211238574 47 463 94426 298611971 0 2944600 12989560 0 2947 0 12261 12372353 63 0 32998 0
1791336684158616 62211740524 48 463 95310 301453710 0 2973928 13160936 0 2948 0 12261 12372447 63 0 33004 0
1791336684660074 62212241982 48 463 95824 303762103 0 2986444 13327724 0 2948 0 12261 12372539 63 0 33012 0
1791336685161971 62212743880 48 463 96322 306963195 0 2998528 13480312 0 2948 0 12261 12372622 63 0 33022 0
1791336685664844 62213246753 49 463 97083 310556342 0 3020992 13621536 0 2949 0 12262 12372707 63 0 33035 0
1791336686165478 62213747386 49 463 98115 314119951 0 3054208 13769008 0 2949 0 12266 12372794 63 0 33044 0
1791336686666717 62214248626 49 463 99241 318743642 0 3089596 13935508 0 2950 0 12266 12372876 63 0 33059 0
1791336687169639 62214751547 49 463 100398 322211096 0 3126556 14071845 0 2951 0 12266 12372965 63 0 33071 0
1791336687670367 62215252275 49 463 100644 322655705 0 3127036 14088914 0 2951 0 12269 12373055 63 0 33073 0
1791336688173291 62215755199 49 463 100727 322850047 0 3127036 14096994 0 2951 0 12270 12373150 63 0 33075 0
1791336688676684 62216258592 50 463 100806 322970948 0 3127036 14104714 0 2951 0 12271 12373246 63 0 33076 0
1791336689177327 62216759236 50 463 100885 323068202 0 3127036 14112306 0 2951 0 12271 12373341 63 0 33079 0
1791336689678174 62217260083 50 463 100965 323184216 0 3127036 14120026 0 2952 0 12271 12373438 63 0 33079 0
1791336690180150 62217762059 50 463 101044 323444855 0 3127036 14127746 0 2952 0 12272 12373538 63 0 33079 0
1791336690686645 62218268554 50 463 101124 323584557 0 3127036 14135338 0 2952 0 12273 12373632 63 0 33080 0
1791336691188550 62218770458 50 463 101203 323713419 0 3127036 14143058 0 2953 0 12274 12373727 63 0 33082 0
1791336691694288 62219276197 50 463 101285 323827209 0 3127036 14151010 0 2953 0 12274 12373825 63 0 33083 0
1791336692199337 62219781246 50 463 101364 323918332 0 3127036 14158730 0 2953 0 12275 12373921 63 0 33084 0
1791336692706752 62220288661 50 463 101444 324035448 0 3127036 14166322 0 2953 0 12275 12374020 63 0 33086 0
1791336693209275 62220791183 50 463 101525 324140085 0 3127036 14174274 0 2953 0 12275 12374121 63 0 33087 0
1791336693716538 62221298446 50 463 101605 324255815 0 3127036 14181994 0 2953 0 12277 12374217 63 0 33087 0
1791336694216787 62221798696 51 463 101684 324353302 0 3127036 14189586 0 2955 0 12278 12374308 63 0 33089 0
1791336694724668 62222306577 51 463 101764 324461109 0 3127036 14197306 0 2955 0 12279 12374407 63 0 33089 0
1791336695192581 62222774490 51 463 101839 324557694 0 3127036 14204666 0 2957 0 12280 12374491 63 0 33091 0
