21144.23 0 0 0
21149.23 2 1844 0
21154.23 2 1852 0
21159.24 2 1856 0
21164.25 2 1856 0
21169.26 2 1856 0
21174.26 2 1860 0
21179.27 2 1852 0
21184.28 2 1868 0
21189.29 2 1868 0
21194.30 2 1868 0
21199.31 2 1872 0
21204.33 2 1872 0
21209.33 2 1872 0
21214.34 2 1876 0
21219.35 2 1876 0
21224.36 2 1880 0
21229.38 2 1880 0
21234.41 2 1880 0
21239.42 2 1884 0
21244.42 2 1884 0
21249.44 2 1876 0
21254.45 2 1888 0
21259.48 2 1888 0
21264.50 2 1892 0
21269.51 2 1892 0
21274.52 2 1896 0
21279.53 2 1896 0
21284.54 2 1896 0
21289.57 2 1896 0
21294.62 2 1900 0
21299.64 2 1904 0
21304.66 2 1904 0
21309.68 2 1904 0
21314.69 2 1908 0
21319.70 2 1908 0
21324.71 2 1908 0
21329.71 2 1912 0
21334.80 2 1912 0
21339.81 2 1916 0
21344.82 2 1916 0
21349.82 2 1916 0
21354.83 2 1920 0
21359.84 2 1920 0
21364.85 2 1924 0
21369.85 2 1924 0
21374.87 2 1924 0
21379.87 2 1928 0
21384.88 2 1928 0
21389.89 2 1928 0
21394.89 1 1092 0
21399.90 1 1092 0
21404.90 1 1092 0
21409.91 1 1088 0
21414.92 1 1088 0
21419.92 1 1096 0
21424.92 1 1096 0
21429.93 1 1096 0
