# hz=100 page_bytes=4096 possible_cpus=2
# program_id=128 jit_bytes=8483 xlated_bytes=4776
# pos:	0
# flags:	02000002
# mnt_id:	10
# ino:	26
# prog_type:	1
# prog_jited:	1
# prog_tag:	1a92932acb008231
# memlock:	8192
# prog_id:	128
# run_time_ns:	0
# run_cnt:	0
# recursion_misses:	0
# verified_insns:	199283
# map=counters type=6 key=4 value=32 max_entries=1
# pos:	0
# flags:	02000002
# mnt_id:	10
# ino:	26
# map_type:	6
# key_size:	4
# value_size:	32
# max_entries:	1
# map_flags:	0x0
# map_extra:	0x0
# memlock:	268
# map_id:	159
# frozen:	0
# map=accounting type=2 key=4 value=24 max_entries=1
# pos:	0
# flags:	02000002
# mnt_id:	10
# ino:	26
# map_type:	2
# key_size:	4
# value_size:	24
# max_entries:	1
# map_flags:	0x0
# map_extra:	0x0
# memlock:	224
# map_id:	160
# frozen:	0
# map=flows type=9 key=36 value=32 max_entries=1024
# pos:	0
# flags:	02000002
# mnt_id:	10
# ino:	26
# map_type:	9
# key_size:	36
# value_size:	32
# max_entries:	1024
# map_flags:	0x0
# map_extra:	0x0
# memlock:	107456
# map_id:	157
# frozen:	0
# map=departures type=9 key=40 value=8 max_entries=8192
# pos:	0
# flags:	02000002
# mnt_id:	10
# ino:	26
# map_type:	9
# key_size:	40
# value_size:	8
# max_entries:	8192
# map_flags:	0x0
# map_extra:	0x0
# memlock:	656320
# map_id:	156
# frozen:	0
# map=samples type=27 key=0 value=0 max_entries=262144
# pos:	0
# flags:	02000002
# mnt_id:	10
# ino:	26
# map_type:	27
# key_size:	0
# value_size:	0
# max_entries:	262144
# map_flags:	0x0
# map_extra:	0x0
# memlock:	275148
# map_id:	158
# frozen:	0
realtime_us monotonic_us daemon_ticks rss_pages runs runtime_ns ring_full ack_bytes upload_bytes unaccounted host_user host_nice host_system host_idle host_iowait host_irq host_softirq host_steal
1791337109337047 62636918956 24 489 0 0 0 0 2816 0 3205 0 13473 12450818 66 0 36760 0
1791337109837989 62637419897 24 489 78 160107 0 0 10536 0 3205 0 13474 12450911 66 0 36762 0
1791337110339131 62637921040 24 489 157 278073 0 0 18128 0 3205 0 13475 12451008 66 0 36762 0
1791337110841259 62638423168 24 489 238 395300 0 0 26080 0 3205 0 13476 12451106 66 0 36763 0
1791337111346726 62638928635 25 489 317 626467 0 0 33672 0 3205 0 13477 12451201 66 0 36765 0
1791337111847069 62639428977 25 489 395 731836 0 0 41392 0 3206 0 13477 12451294 66 0 36766 0
1791337112347654 62639929563 25 489 475 846091 0 0 48984 0 3206 0 13477 12451391 66 0 36767 0
1791337112847950 62640429859 25 489 555 948658 0 0 56704 0 3206 0 13477 12451489 66 0 36767 0
1791337113348660 62640930568 25 489 634 1064945 0 0 64424 0 3206 0 13478 12451583 66 0 36769 0
1791337113849130 62641431039 25 489 715 1164763 0 0 72100 0 3207 0 13479 12451676 67 0 36769 0
1791337114350003 62641931912 25 489 794 1271894 0 0 79820 0 3207 0 13479 12451773 67 0 36769 0
1791337114850290 62642432198 25 489 874 1373649 0 0 87540 0 3207 0 13479 12451868 67 0 36769 0
1791337115351509 62642933418 25 489 953 1497204 0 0 95132 0 3207 0 13479 12451965 67 0 36770 0
1791337115857588 62643439496 25 489 1033 1618076 0 0 102852 0 3207 0 13480 12452059 67 0 36770 0
1791337116359015 62643940923 26 489 1113 1760349 0 0 110572 0 3209 0 13480 12452154 67 0 36771 0
1791337116860327 62644442236 26 489 1193 1898639 0 0 118396 0 3209 0 13480 12452250 67 0 36773 0
1791337117361567 62644943476 26 489 1273 2013806 0 0 126220 0 3209 0 13480 12452345 67 0 36774 0
1791337117862383 62645444291 26 489 1479 2945629 0 576 238294 0 3209 0 13480 12452437 67 0 36780 0
1791337118363513 62645945422 26 489 1718 3767838 0 576 391382 0 3209 0 13480 12452532 67 0 36784 0
1791337118864436 62646446345 26 489 1954 4280431 0 576 559550 0 3209 0 13480 12452630 67 0 36786 0
1791337119369362 62646951271 26 489 2185 5061339 0 576 730934 0 3209 0 13481 12452727 67 0 36786 0
1791337119875777 62647457686 26 489 2418 5786335 0 576 894598 0 3209 0 13481 12452822 67 0 36788 0
1791337120377086 62647958994 26 489 2634 6520309 0 576 1027382 0 3209 0 13481 12452918 67 0 36792 0
1791337120878329 62648460237 26 489 2833 7236053 0 576 1149230 0 3210 0 13481 12453010 67 0 36795 0
1791337121378914 62648960823 26 489 3044 8060010 0 576 1283558 0 3210 0 13481 12453101 67 0 36802 0
1791337121882451 62649464360 26 489 3262 9009373 0 576 1434742 0 3210 0 13482 12453196 67 0 36804 0
1791337122385749 62649967658 26 489 3497 10041848 0 576 1601726 0 3210 0 13482 12453287 67 0 36810 0
1791337122886740 62650468649 26 489 3731 10956947 0 576 1777510 0 3210 0 13482 12453383 67 0 36812 0
1791337123387749 62650969657 26 489 3957 11558124 0 576 1933558 0 3210 0 13483 12453476 67 0 36815 0
1791337123888148 62651470057 26 489 4171 12061218 0 576 2069430 0 3210 0 13483 12453572 67 0 36818 0
1791337124388583 62651970491 26 489 4375 12956225 0 576 2205302 0 3210 0 13483 12453668 67 0 36822 0
1791337124892449 62652474358 28 489 4592 13504070 0 576 2354942 0 3210 0 13484 12453763 67 0 36824 0
1791337125396270 62652978179 28 489 4823 14770161 0 576 2520150 0 3210 0 13484 12453857 67 0 36826 0
1791337125897680 62653479588 28 489 5062 16898961 0 576 2700798 0 3210 0 13485 12453952 67 0 36829 0
1791337126400741 62653982650 28 489 5292 18271112 0 576 2872054 0 3210 0 13486 12454044 67 0 36834 0
1791337126909817 62654491610 28 489 5498 19084021 0 576 2989630 0 3210 0 13487 12454138 67 0 36840 0
1791337127411775 62654993683 28 489 5683 20064938 0 576 3096038 0 3211 0 13488 12454230 67 0 36841 0
1791337127917918 62655499826 29 489 5873 20912411 0 576 3216470 0 3211 0 13490 12454322 67 0 36846 0
1791337128424892 62656006801 29 489 6077 22104927 0 576 3349254 0 3212 0 13490 12454416 67 0 36851 0
1791337128926708 62656508616 29 489 6292 23116858 0 576 3494494 0 3212 0 13490 12454512 67 0 36853 0
1791337129433200 62657015108 29 489 6529 23868600 0 576 3656614 0 3212 0 13490 12454613 67 0 36853 0
1791337129937097 62657519005 29 489 6768 25113756 0 576 3832630 0 3212 0 13490 12454709 67 0 36856 0
1791337130438073 62658019982 29 489 7001 26659790 0 576 3996294 0 3212 0 13491 12454802 67 0 36862 0
1791337130939220 62658521128 29 489 7219 28188142 0 576 4144518 0 3212 0 13493 12454898 67 0 36865 0
1791337131446446 62659028354 30 489 7428 29162519 0 576 4278950 0 3212 0 13494 12454993 67 0 36866 0
1791337131953324 62659535232 30 489 7641 31672821 0 576 4422542 0 3212 0 13495 12455089 67 0 36870 0
1791337132456925 62660038833 30 489 7864 32538516 0 576 4579902 0 3212 0 13495 12455187 67 0 36871 0
1791337132958498 62660540407 30 489 7993 33298645 0 864 4614956 0 3212 0 13495 12455283 67 0 36873 0
1791337133459230 62661041139 30 489 8071 33438317 0 864 4622548 0 3212 0 13495 12455379 67 0 36873 0
1791337133965863 62661547771 30 489 8152 33608762 0 864 4630500 0 3212 0 13495 12455475 67 0 36875 0
1791337134466361 62662048268 30 489 8232 34041907 0 864 4638220 0 3214 0 13496 12455569 67 0 36875 0
1791337134969499 62662551407 30 489 8311 34213586 0 864 4645812 0 3215 0 13496 12455665 67 0 36876 0
1791337135475804 62663057712 31 489 8391 34422220 0 864 4653532 0 3215 0 13497 12455759 67 0 36878 0
1791337135979892 62663561801 31 489 8860 36819252 0 19752 4681764 0 3216 0 13502 12455844 67 0 36884 0
1791337136486588 62664068495 31 489 9775 41920779 0 55080 4724812 0 3218 0 13504 12455930 67 0 36895 0
1791337136988868 62664570776 31 489 10797 45169612 0 94440 4771764 0 3219 0 13508 12456010 67 0 36909 0
1791337137489533 62665071442 32 489 11907 50589866 0 139176 4824092 0 3219 0 13509 12456096 67 0 36922 0
1791337137996219 62665578128 32 489 12996 55878338 0 181800 4874308 0 3219 0 13513 12456179 67 0 36935 0
1791337138505389 62666087298 32 489 14056 62774591 0 222312 4922772 0 3219 0 13519 12456261 67 0 36949 0
1791337139007255 62666589164 32 489 15071 66282511 0 261492 4969544 0 3219 0 13520 12456350 67 0 36958 0
1791337139509214 62667091122 32 489 16204 69596408 0 312856 5028628 0 3219 0 13520 12456441 67 0 36966 0
1791337140016915 62667598823 32 489 17194 72988802 0 352156 5075648 0 3219 0 13521 12456534 67 0 36973 0
1791337140518396 62668100304 33 489 18199 76094119 0 387940 5119024 0 3221 0 13521 12456625 67 0 36980 0
1791337141020037 62668601945 33 489 19204 79287883 0 424240 5163044 0 3221 0 13523 12456709 67 0 36993 0
1791337141520731 62669102639 33 489 20214 82613946 0 460744 5207500 0 3221 0 13523 12456804 67 0 36997 0
1791337142022044 62669603952 33 489 21289 86207527 0 499936 5254052 0 3221 0 13524 12456897 67 0 37003 0
1791337142522954 62670104862 33 489 22309 89344444 0 535840 5297908 0 3222 0 13526 12456986 67 0 37010 0
1791337143029115 62670611024 33 489 23361 91568260 0 572764 5342552 0 3222 0 13526 12457079 67 0 37018 0
1791337143530108 62671112017 33 489 24366 95456342 0 608380 5385528 0 3222 0 13527 12457164 67 0 37030 0
1791337144036788 62671618696 34 489 25367 105590889 0 644188 5429288 0 3222 0 13530 12457233 69 0 37052 0
1791337144539403 62672121311 34 489 26461 110595335 0 686628 5479320 0 3223 0 13530 12457323 69 0 37063 0
1791337145050586 62672632495 35 489 27349 115240237 0 717456 5517868 0 3223 0 13532 12457412 69 0 37074 0
1791337145554793 62673136701 35 489 28368 119029028 0 752604 5560968 0 3223 0 13534 12457503 69 0 37081 0
1791337146055941 62673637849 35 489 29410 122208561 0 789696 5605652 0 3223 0 13536 12457594 69 0 37088 0
1791337146558425 62674140333 35 489 30392 125532904 0 822612 5646288 0 3223 0 13539 12457676 69 0 37102 0
1791337147063297 62674645205 35 489 31407 129085496 0 857352 5688748 0 3223 0 13539 12457762 69 0 37118 0
1791337147566038 62675147947 36 489 32428 134146455 0 892392 5731612 0 3223 0 13542 12457847 69 0 37130 0
1791337148066593 62675648502 36 489 33425 138743966 0 926184 5773124 0 3223 0 13544 12457930 69 0 37145 0
1791337148569533 62676151441 37 489 34435 142533403 0 959880 5814412 0 3223 0 13546 12458017 69 0 37158 0
1791337149074327 62676656235 37 489 35415 146985513 0 993408 5855660 0 3223 0 13547 12458106 69 0 37167 0
1791337149575766 62677157675 37 489 36479 152108940 0 1037756 5907728 0 3223 0 13549 12458188 69 0 37183 0
1791337150078403 62677660311 37 489 37427 155064176 0 1072508 5950072 0 3223 0 13552 12458274 69 0 37193 0
1791337150580888 62678162796 37 489 38423 159997875 0 1107740 5993024 0 3223 0 13555 12458356 69 0 37208 0
1791337151090344 62678672253 38 489 39477 166142148 0 1143836 6036944 0 3224 0 13557 12458444 69 0 37218 0
1791337151592977 62679174885 38 489 40459 171760983 0 1177052 6077880 0 3224 0 13558 12458528 69 0 37234 0
1791337152097650 62679679558 38 489 41486 175981636 0 1212560 6120980 0 3225 0 13558 12458613 69 0 37248 0
1791337152598814 62680180722 38 489 42488 180422473 0 1247588 6163728 0 3225 0 13560 12458700 69 0 37259 0
1791337153099451 62680681360 39 489 43600 184284711 0 1293340 6217072 0 3225 0 13561 12458796 69 0 37264 0
1791337153600990 62681182899 39 489 44632 188601670 0 1329400 6261084 0 3226 0 13562 12458888 69 0 37270 0
1791337154104966 62681686874 40 489 45667 191515792 0 1366300 6305704 0 3227 0 13563 12458977 69 0 37279 0
1791337154607148 62682189056 40 489 46698 195428568 0 1402492 6349488 0 3228 0 13565 12459063 69 0 37289 0
1791337155108262 62682690171 40 489 47773 199005965 0 1440904 6395620 0 3228 0 13566 12459152 69 0 37298 0
1791337155613225 62683195134 40 489 48808 202891250 0 1477384 6439820 0 3228 0 13566 12459239 69 0 37312 0
1791337156116412 62683698321 40 489 49683 205428145 0 1497928 6479772 0 3228 0 13567 12459328 69 0 37320 0
1791337156620051 62684201959 40 489 49763 205682152 0 1497928 6487492 0 3228 0 13568 12459422 69 0 37323 0
1791337157121032 62684702941 41 489 49844 205823304 0 1497928 6495316 0 3229 0 13568 12459518 69 0 37323 0
1791337157621842 62685203750 41 489 49922 205978700 0 1497928 6503036 0 3229 0 13569 12459609 69 0 37325 0
1791337158125720 62685707628 41 489 50001 206127658 0 1497928 6510628 0 3229 0 13569 12459704 69 0 37325 0
1791337158627068 62686208976 41 489 50081 206335706 0 1497928 6518348 0 3229 0 13571 12459797 69 0 37327 0
1791337159132044 62686713952 41 489 50216 207574154 0 1499080 6538537 0 3229 0 13574 12459888 69 0 37333 0
1791337159633351 62687215259 42 489 51232 212757505 0 1531480 6672974 0 3229 0 13578 12459969 69 0 37346 0
1791337160135076 62687716984 42 489 52349 216684816 0 1566808 6802486 0 3229 0 13578 12460051 69 0 37364 0
1791337160650380 62688232288 43 489 53394 221362063 0 1596280 6929230 0 3229 0 13582 12460134 69 0 37381 0
1791337161152510 62688734419 43 489 54378 225068918 0 1623832 7052614 0 3229 0 13582 12460224 69 0 37390 0
1791337161657658 62689239566 44 489 55449 229994307 0 1659408 7202446 0 3229 0 13585 12460309 69 0 37402 0
1791337162158241 62689740149 44 489 56466 234731944 0 1700912 7373646 0 3230 0 13586 12460395 69 0 37413 0
1791337162659225 62690241133 44 489 57397 237860778 0 1734192 7534950 0 3230 0 13589 12460483 69 0 37424 0
1791337163159933 62690741842 44 489 58322 241372096 0 1769968 7695558 0 3231 0 13589 12460567 69 0 37436 0
1791337163663727 62691245635 45 489 59143 246435995 0 1796852 7852242 0 3231 0 13589 12460653 69 0 37448 0
1791337164165273 62691747182 45 489 60010 253537826 0 1823392 7989822 0 3231 0 13592 12460736 69 0 37459 0
1791337164667816 62692249724 46 489 60992 257400537 0 1855456 8130198 0 3232 0 13592 12460822 69 0 37471 0
1791337165170639 62692752547 46 489 62112 262899220 0 1891612 8285242 0 3233 0 13594 12460906 69 0 37485 0
1791337165675841 62693257750 47 489 63232 267219734 0 1924144 8458150 0 3233 0 13595 12460986 69 0 37502 0
1791337166184587 62693766495 47 489 64090 274841444 0 1947736 8620702 0 3233 0 13596 12461065 69 0 37517 0
1791337166688609 62694270517 47 489 64946 278324183 0 1972600 8793894 0 3233 0 13597 12461152 69 0 37529 0
1791337167189386 62694771295 48 489 65853 282124247 0 1999096 8923838 0 3233 0 13601 12461236 69 0 37541 0
1791337167693022 62695274931 48 489 66874 286829996 0 2029144 9041766 0 3233 0 13603 12461323 69 0 37553 0
1791337168195216 62695777125 48 489 67975 290530625 0 2064016 9169278 0 3233 0 13603 12461414 69 0 37562 0
1791337168695875 62696277783 48 489 69085 294268482 0 2106332 9308738 0 3233 0 13606 12461505 69 0 37568 0
1791337169197362 62696779271 49 489 70131 297574738 0 2139776 9461070 0 3233 0 13609 12461591 69 0 37578 0
1791337169698922 62697280830 49 489 71309 302674089 0 2176148 9630098 0 3233 0 13611 12461677 69 0 37592 0
1791337170207390 62697789298 49 489 72238 306936744 0 2202608 9797294 0 3234 0 13615 12461759 69 0 37605 0
1791337170709190 62698291098 49 489 72917 311083181 0 2221280 9959558 0 3234 0 13616 12461849 69 0 37614 0
1791337171209455 62698791364 50 489 73793 314199053 0 2245088 10089774 0 3235 0 13618 12461934 69 0 37625 0
1791337171712920 62699294829 50 489 74924 318402783 0 2279096 10224014 0 3235 0 13619 12462026 69 0 37633 0
1791337172213911 62699795820 50 489 76004 322890035 0 2310776 10368406 0 3235 0 13621 12462110 69 0 37647 0
1791337172718808 62700300717 50 489 77101 325746240 0 2344472 10534758 0 3235 0 13622 12462201 69 0 37653 0
1791337173219742 62700801651 51 489 78230 328720684 0 2379636 10715058 0 3236 0 13623 12462294 69 0 37659 0
1791337173724606 62701306515 51 489 79192 331046547 0 2412700 10865466 0 3237 0 13623 12462387 69 0 37664 0
1791337174226256 62701808164 51 489 80302 334452851 0 2448412 11001642 0 3237 0 13624 12462477 69 0 37673 0
1791337174731308 62702313216 51 489 81392 340424857 0 2481388 11133434 0 3237 0 13627 12462567 69 0 37681 0
1791337175231829 62702813738 51 489 82476 344091738 0 2520728 11283814 0 3237 0 13630 12462650 69 0 37695 0
1791337175738790 62703320698 52 489 83510 348544662 0 2553188 11452274 0 3237 0 13632 12462738 69 0 37705 0
1791337176240819 62703822727 52 489 84474 353720319 0 2583428 11621474 0 3237 0 13636 12462823 69 0 37718 0
1791337176747034 62704328942 52 489 85225 357949199 0 2604704 11786446 0 3237 0 13637 12462912 69 0 37728 0
1791337177248251 62704830159 53 489 85969 361484597 0 2625728 11932534 0 3238 0 13638 12463003 69 0 37735 0
1791337177754877 62705336785 53 489 87094 367415388 0 2661056 12065134 0 3238 0 13640 12463087 69 0 37748 0
1791337178256784 62705838692 54 489 88114 370658262 0 2692160 12179486 0 3239 0 13642 12463167 69 0 37763 0
1791337178764646 62706346555 55 489 89198 375392094 0 2726540 12324906 0 3239 0 13642 12463255 69 0 37773 0
1791337179265680 62706847588 55 489 90296 379806317 0 2761968 12485630 0 3239 0 13643 12463335 69 0 37793 0
1791337179767337 62707349245 55 489 91394 382070942 0 2797008 12648694 0 3239 0 13643 12463426 69 0 37799 0
1791337180268278 62707850187 55 489 92440 384420767 0 2830128 12819230 0 3239 0 13644 12463518 69 0 37806 0
1791337180769481 62708351389 55 489 93351 386630068 0 2858928 12978910 0 3239 0 13646 12463613 69 0 37810 0
1791337181269933 62708851842 56 489 94387 389115131 0 2891568 13110598 0 3239 0 13648 12463699 69 0 37821 0
1791337181776378 62709358287 56 489 95481 392428150 0 2926728 13236726 0 3239 0 13650 12463785 69 0 37832 0
1791337182276677 62709858585 57 489 96571 396633590 0 2963208 13379742 0 3239 0 13653 12463869 69 0 37844 0
1791337182777407 62710359315 57 489 97710 399381793 0 2999604 13537986 0 3239 0 13655 12463961 69 0 37848 0
1791337183277889 62710859798 57 489 98864 402865742 0 3036936 13709646 0 3239 0 13656 12464055 69 0 37853 0
1791337183778919 62711360827 57 489 99776 406623610 0 3066384 13874966 0 3239 0 13659 12464147 69 0 37859 0
1791337184287486 62711869394 58 489 100603 408754615 0 3090660 14015476 0 3239 0 13661 12464232 69 0 37872 0
1791337184789018 62712370926 58 489 100841 410431638 0 3092196 14030601 0 3240 0 13661 12464325 69 0 37878 0
1791337185295923 62712877832 58 489 100920 410632537 0 3092196 14038193 0 3240 0 13662 12464421 69 0 37880 0
1791337185800689 62713382597 58 489 101000 410803630 0 3092196 14046145 0 3240 0 13663 12464515 69 0 37882 0
1791337186302205 62713884114 58 489 101080 410981886 0 3092196 14053737 0 3241 0 13664 12464609 69 0 37885 0
1791337186803550 62714385458 58 489 101159 411164299 0 3092196 14061457 0 3241 0 13664 12464704 69 0 37886 0
1791337187304480 62714886389 59 489 101238 411332472 0 3092196 14069049 0 3241 0 13666 12464798 69 0 37886 0
1791337187807061 62715388970 59 489 101317 411529706 0 3092196 14076769 0 3242 0 13666 12464895 69 0 37888 0
1791337188308979 62715890888 59 489 101397 411744102 0 3092196 14084489 0 3242 0 13666 12464993 69 0 37890 0
1791337188812156 62716394065 59 489 101476 411891608 0 3092196 14092081 0 3243 0 13666 12465086 69 0 37891 0
1791337189313845 62716895753 59 489 101555 412002361 0 3092196 14099801 0 3243 0 13666 12465186 69 0 37891 0
1791337189817981 62717399890 59 489 101634 412416085 0 3092196 14107393 0 3243 0 13666 12465284 69 0 37891 0
1791337190323530 62717905439 59 489 101714 412597948 0 3092196 14115345 0 3243 0 13667 12465379 69 0 37894 0
1791337190823907 62718405816 60 489 101793 413026672 0 3092196 14122937 0 3243 0 13667 12465473 69 0 37897 0
1791337191325357 62718907265 60 489 101873 413300370 0 3092196 14130657 0 3243 0 13668 12465566 69 0 37901 0
1791337191826680 62719408589 60 489 101953 413489663 0 3092196 14138377 0 3243 0 13668 12465661 69 0 37904 0
1791337192328652 62719910560 60 489 102033 413665455 0 3092196 14146097 0 3244 0 13668 12465758 69 0 37905 0
1791337192331323 62719913232 60 489 102033 413665455 0 3092196 14146097 0 3244 0 13668 12465758 69 0 37905 0
