# hz=100 page_bytes=4096 possible_cpus=2
# program_id=80 jit_bytes=8483 xlated_bytes=4776
# pos:	0
# flags:	02000002
# mnt_id:	10
# ino:	26
# prog_type:	1
# prog_jited:	1
# prog_tag:	1a92932acb008231
# memlock:	8192
# prog_id:	80
# run_time_ns:	0
# run_cnt:	0
# recursion_misses:	0
# verified_insns:	199283
# map=counters type=6 key=4 value=32 max_entries=1
# pos:	0
# flags:	02000002
# mnt_id:	10
# ino:	26
# map_type:	6
# key_size:	4
# value_size:	32
# max_entries:	1
# map_flags:	0x0
# map_extra:	0x0
# memlock:	268
# map_id:	115
# frozen:	0
# map=accounting type=2 key=4 value=24 max_entries=1
# pos:	0
# flags:	02000002
# mnt_id:	10
# ino:	26
# map_type:	2
# key_size:	4
# value_size:	24
# max_entries:	1
# map_flags:	0x0
# map_extra:	0x0
# memlock:	224
# map_id:	116
# frozen:	0
# map=flows type=9 key=36 value=32 max_entries=1024
# pos:	0
# flags:	02000002
# mnt_id:	10
# ino:	26
# map_type:	9
# key_size:	36
# value_size:	32
# max_entries:	1024
# map_flags:	0x0
# map_extra:	0x0
# memlock:	107456
# map_id:	113
# frozen:	0
# map=departures type=9 key=40 value=8 max_entries=8192
# pos:	0
# flags:	02000002
# mnt_id:	10
# ino:	26
# map_type:	9
# key_size:	40
# value_size:	8
# max_entries:	8192
# map_flags:	0x0
# map_extra:	0x0
# memlock:	656320
# map_id:	112
# frozen:	0
# map=samples type=27 key=0 value=0 max_entries=262144
# pos:	0
# flags:	02000002
# mnt_id:	10
# ino:	26
# map_type:	27
# key_size:	0
# value_size:	0
# max_entries:	262144
# map_flags:	0x0
# map_extra:	0x0
# memlock:	275148
# map_id:	114
# frozen:	0
realtime_us monotonic_us daemon_ticks rss_pages runs runtime_ns ring_full ack_bytes upload_bytes unaccounted host_user host_nice host_system host_idle host_iowait host_irq host_softirq host_steal
1791255140498838 23796174022 24 489 0 0 0 0 2560 0 1504 0 6223 4718624 55 0 19287 0
1791255141000980 23796676164 24 489 80 104942 0 0 10512 0 1504 0 6223 4718714 55 0 19288 0
1791255141504653 23797179837 24 489 160 594301 0 0 18104 0 1504 0 6223 4718807 55 0 19290 0
1791255142008303 23797683486 24 489 239 698880 0 0 25824 0 1504 0 6223 4718900 55 0 19292 0
1791255142511811 23798186995 24 489 319 779712 0 0 33544 0 1504 0 6223 4718996 55 0 19293 0
1791255143012937 23798688120 24 489 398 864535 0 0 41136 0 1504 0 6223 4719089 55 0 19295 0
1791255143513754 23799188937 24 489 477 971274 0 0 48856 0 1504 0 6223 4719186 55 0 19296 0
1791255144015239 23799690423 24 489 557 1432696 0 0 56448 0 1504 0 6223 4719281 55 0 19298 0
1791255144517268 23800192451 26 489 637 1527902 0 0 64168 0 1504 0 6224 4719371 56 0 19300 0
1791255145023179 23800698363 26 489 720 1629062 0 0 72204 0 1504 0 6224 4719462 56 0 19304 0
1791255145526029 23801201212 26 489 800 1709561 0 0 79924 0 1504 0 6224 4719557 56 0 19306 0
1791255146027078 23801702262 26 489 879 1807705 0 0 87516 0 1504 0 6224 4719646 56 0 19308 0
1791255146531972 23802207156 26 489 958 1901003 0 0 95236 0 1504 0 6224 4719741 56 0 19310 0
1791255147034102 23802709286 26 489 1038 2013226 0 0 102956 0 1505 0 6224 4719834 56 0 19312 0
1791255147534360 23803209543 26 489 1116 2089741 0 0 110548 0 1505 0 6224 4719927 56 0 19312 0
1791255148038872 23803714056 26 489 1196 2180224 0 0 118268 0 1505 0 6224 4720023 56 0 19313 0
1791255148540923 23804216107 26 489 1280 2296096 0 96 126425 0 1505 0 6224 4720117 56 0 19314 0
1791255149044441 23804719625 26 489 1496 2865005 0 576 247894 0 1505 0 6224 4720213 56 0 19314 0
1791255149547623 23805222806 27 489 1719 3456989 0 576 403710 0 1505 0 6224 4720307 56 0 19319 0
1791255150048125 23805723308 27 489 1955 4409664 0 576 575094 0 1505 0 6224 4720405 56 0 19320 0
1791255150552076 23806227260 27 489 2188 5343520 0 576 744934 0 1505 0 6224 4720500 56 0 19323 0
1791255151054140 23806729323 27 489 2419 6768460 0 576 906926 0 1505 0 6224 4720594 56 0 19324 0
1791255151554401 23807229584 27 489 2627 7645597 0 576 1028902 0 1505 0 6224 4720687 56 0 19328 0
1791255152054869 23807730053 27 489 2824 8125389 0 576 1144702 0 1506 0 6224 4720781 56 0 19330 0
1791255152558104 23808233287 27 489 3023 8679250 0 576 1274270 0 1506 0 6224 4720876 56 0 19333 0
1791255153062938 23808738122 28 489 3234 9214918 0 576 1417862 0 1506 0 6224 4720973 56 0 19335 0
1791255153567047 23809242230 28 489 3463 10009444 0 576 1577126 0 1507 0 6226 4721068 56 0 19338 0
1791255154068140 23809743323 28 489 3701 10958993 0 576 1751470 0 1507 0 6226 4721163 56 0 19341 0
1791255154569815 23810244999 28 489 3933 12160843 0 576 1919766 0 1508 0 6226 4721257 56 0 19344 0
1791255155073583 23810748766 28 489 4158 12560612 0 576 2069534 0 1508 0 6226 4721349 56 0 19348 0
1791255155576459 23811251643 28 489 4362 13251155 0 576 2199230 0 1508 0 6226 4721445 56 0 19352 0
1791255156083992 23811759175 28 489 4575 13745099 0 576 2344238 0 1509 0 6226 4721541 56 0 19354 0
1791255156585594 23812260778 29 489 4800 14740446 0 576 2501726 0 1509 0 6226 4721640 56 0 19355 0
1791255157086043 23812761226 29 489 5039 15672211 0 576 2676198 0 1509 0 6226 4721732 56 0 19360 0
1791255157590203 23813265387 29 489 5281 16719958 0 576 2863126 0 1509 0 6226 4721827 56 0 19363 0
1791255158093246 23813768430 29 489 5500 17720290 0 576 2997582 0 1509 0 6226 4721923 56 0 19364 0
1791255158594498 23814269682 29 489 5700 18168576 0 576 3097814 0 1509 0 6226 4722019 56 0 19366 0
1791255159095636 23814770820 29 489 5882 18893732 0 576 3204350 0 1510 0 6227 4722115 56 0 19368 0
1791255159601397 23815276580 29 489 6070 19564743 0 576 3323110 0 1510 0 6227 4722207 56 0 19373 0
1791255160103941 23815779125 29 489 6268 20138609 0 576 3452806 0 1510 0 6227 4722304 56 0 19374 0
1791255160606156 23816281339 29 489 6477 20939200 0 576 3594726 0 1510 0 6227 4722401 56 0 19377 0
1791255161106344 23816781528 30 489 6701 21838312 0 576 3752446 0 1510 0 6228 4722497 56 0 19379 0
1791255161609051 23817284235 30 489 6938 22308457 0 576 3925246 0 1510 0 6228 4722586 56 0 19382 0
1791255162109585 23817784768 30 489 7171 23656788 0 576 4095086 0 1510 0 6228 4722682 56 0 19385 0
1791255162609855 23818285039 30 489 7388 24510870 0 576 4238550 0 1510 0 6229 4722779 56 0 19387 0
1791255163110741 23818785925 30 489 7586 24969329 0 576 4363614 0 1510 0 6229 4722876 56 0 19388 0
1791255163611377 23819286560 30 489 7789 25572296 0 576 4499358 0 1510 0 6229 4722974 56 0 19389 0
1791255164113410 23819788594 30 489 7909 25795704 0 864 4528236 0 1510 0 6229 4723070 56 0 19390 0
1791255164613885 23820289068 30 489 7991 25895260 0 864 4535956 0 1510 0 6229 4723164 56 0 19390 0
1791255165115872 23820791056 30 489 8070 25970610 0 864 4543548 0 1510 0 6229 4723260 56 0 19390 0
1791255165622668 23821297852 30 489 8149 26059772 0 864 4551268 0 1510 0 6230 4723357 56 0 19392 0
1791255166126203 23821801387 31 489 8231 26166201 0 864 4559220 0 1510 0 6230 4723452 56 0 19395 0
1791255166629914 23822305098 31 489 8310 26250469 0 864 4566812 0 1510 0 6230 4723549 56 0 19396 0
1791255167130458 23822805641 31 489 8922 27791684 0 25644 4600832 0 1510 0 6231 4723638 56 0 19403 0
1791255167631619 23823306803 31 489 9965 30646331 0 62700 4645608 0 1510 0 6231 4723730 56 0 19411 0
1791255168132954 23823808137 31 489 10917 32422817 0 94956 4685456 0 1510 0 6233 4723819 56 0 19418 0
1791255168637615 23824312799 31 489 11869 35728772 0 127020 4725240 0 1510 0 6233 4723910 56 0 19427 0
1791255169143688 23824818872 31 489 12827 39246927 0 157668 4763480 0 1510 0 6234 4723997 56 0 19439 0
1791255169649497 23825324681 31 489 13853 41415326 0 203548 4817312 0 1510 0 6234 4724089 56 0 19447 0
1791255170152242 23825827426 31 489 14739 43056516 0 242696 4864180 0 1510 0 6236 4724181 56 0 19452 0
1791255170654568 23826329752 31 489 15669 45857084 0 282428 4911504 0 1510 0 6237 4724274 56 0 19458 0
1791255171155779 23826830962 31 489 16691 48579560 0 326516 4963312 0 1510 0 6239 4724366 56 0 19462 0
1791255171662375 23827337558 32 489 17567 50720992 0 357448 5001836 0 1510 0 6239 4724455 56 0 19472 0
1791255172167401 23827842585 32 489 18434 52436870 0 385996 5038336 0 1510 0 6239 4724550 56 0 19476 0
1791255172668668 23828343851 32 489 19429 55695930 0 419320 5079380 0 1510 0 6240 4724643 56 0 19478 0
1791255173169915 23828845099 32 489 20440 58019192 0 454036 5121816 0 1510 0 6242 4724735 56 0 19484 0
1791255173672336 23829347519 32 489 21468 60531528 0 490216 5165588 0 1510 0 6243 4724829 56 0 19489 0
1791255174173406 23829848589 32 489 22473 62747931 0 525352 5208444 0 1511 0 6243 4724918 56 0 19498 0
1791255174674674 23830349857 32 489 23511 66045590 0 563960 5254644 0 1511 0 6245 4725006 56 0 19507 0
1791255175179572 23830854756 32 489 24501 68380486 0 602304 5300708 0 1511 0 6247 4725092 56 0 19517 0
1791255175684076 23831359260 32 489 25522 71221009 0 638152 5344276 0 1512 0 6247 4725182 56 0 19525 0
1791255176187693 23831862877 33 489 26495 74825902 0 672808 5386756 0 1512 0 6247 4725268 57 0 19539 0
1791255176692992 23832368175 33 489 27534 77092682 0 709548 5431344 0 1512 0 6248 4725362 57 0 19544 0
1791255177197982 23832873166 33 489 28564 79645340 0 744588 5474104 0 1512 0 6248 4725454 57 0 19554 0
1791255177701062 23833376245 33 489 29606 82029053 0 781056 5518292 0 1513 0 6248 4725544 57 0 19563 0
1791255178202691 23833877874 33 489 30602 83825180 0 815208 5560268 0 1514 0 6249 4725634 57 0 19571 0
1791255178707829 23834383013 33 489 31581 86971372 0 847848 5600628 0 1514 0 6249 4725725 57 0 19582 0
1791255179208385 23834883569 33 489 32657 89790598 0 890992 5651364 0 1514 0 6249 4725815 57 0 19591 0
1791255179709689 23835384873 33 489 33544 92454939 0 924424 5692516 0 1514 0 6251 4725906 57 0 19599 0
1791255180213860 23835889044 34 489 34470 94595432 0 954976 5730788 0 1514 0 6251 4725997 57 0 19606 0
1791255180714503 23836389687 34 489 35505 97162374 0 991276 5774808 0 1514 0 6252 4726089 57 0 19613 0
1791255181215899 23836891083 34 489 36539 99561512 0 1027624 5818748 0 1514 0 6252 4726183 57 0 19621 0
1791255181716173 23837391356 34 489 37563 102268212 0 1064296 5863140 0 1514 0 6253 4726274 57 0 19627 0
1791255182216510 23837891694 34 489 38594 104474810 0 1100584 5907148 0 1515 0 6255 4726366 57 0 19633 0
1791255182719694 23838394878 34 489 39678 107627245 0 1145016 5959172 0 1516 0 6256 4726450 57 0 19645 0
1791255183222695 23838897879 34 489 40586 110432589 0 1178320 6000196 0 1516 0 6257 4726544 57 0 19650 0
1791255183723172 23839398356 34 489 41448 113102693 0 1208344 6038044 0 1516 0 6259 4726632 57 0 19658 0
1791255184227217 23839902400 35 489 42372 116329556 0 1238260 6075680 0 1516 0 6259 4726716 57 0 19675 0
1791255184731903 23840407087 35 489 43395 119117355 0 1272640 6117652 0 1516 0 6261 4726806 57 0 19682 0
1791255185234416 23840909599 35 489 44393 121486410 0 1307392 6160124 0 1516 0 6262 4726896 57 0 19690 0
1791255185737910 23841413094 35 489 45418 123646501 0 1341952 6202404 0 1516 0 6264 4726991 57 0 19693 0
1791255186239831 23841915015 35 489 46453 125856245 0 1377568 6245612 0 1516 0 6264 4727082 57 0 19699 0
1791255186744970 23842420153 35 489 47470 128322816 0 1412512 6288508 0 1516 0 6265 4727174 57 0 19705 0
1791255187247417 23842922601 35 489 48375 130501897 0 1440600 6335564 0 1517 0 6265 4727267 57 0 19709 0
1791255187751867 23843427051 35 489 48455 130612015 0 1440600 6343284 0 1517 0 6267 4727365 57 0 19710 0
1791255188253127 23843928310 36 489 48534 130714008 0 1440600 6351004 0 1517 0 6267 4727462 57 0 19710 0
1791255188755032 23844430215 36 489 48613 130828263 0 1440600 6358596 0 1520 0 6267 4727557 57 0 19712 0
1791255189259187 23844934370 36 489 48693 130922398 0 1440600 6366316 0 1520 0 6267 4727652 57 0 19714 0
1791255189761770 23845436953 37 489 48773 131030076 0 1440600 6374268 0 1520 0 6268 4727746 57 0 19715 0
1791255190263610 23845938794 37 489 48914 131321446 0 1441752 6399089 0 1520 0 6269 4727844 57 0 19716 0
1791255190766531 23846441714 37 489 49856 133343021 0 1475748 6538210 0 1520 0 6269 4727936 57 0 19726 0
1791255191267335 23846942518 37 489 50980 135388703 0 1516452 6695898 0 1521 0 6269 4728029 57 0 19730 0
1791255191772614 23847447798 37 489 52159 137545868 0 1556772 6867690 0 1521 0 6270 4728119 57 0 19737 0
1791255192272922 23847948106 37 489 53187 139731926 0 1593300 7038418 0 1521 0 6270 4728208 57 0 19745 0
1791255192775487 23848450670 37 489 54026 142350607 0 1621356 7191538 0 1521 0 6270 4728301 57 0 19751 0
1791255193279294 23848954477 37 489 55095 144601637 0 1656876 7313394 0 1521 0 6271 4728391 57 0 19758 0
1791255193786367 23849461550 37 489 56166 148066827 0 1691628 7436154 0 1522 0 6271 4728482 57 0 19767 0
1791255194288789 23849963973 37 489 57285 150459864 0 1729068 7570738 0 1522 0 6272 4728572 57 0 19776 0
1791255194793781 23850468964 38 489 58501 155178011 0 1775524 7723962 0 1523 0 6272 4728656 57 0 19790 0
1791255195300354 23850975537 38 489 59647 157682534 0 1815292 7873714 0 1523 0 6275 4728744 57 0 19798 0
1791255195801775 23851476958 38 489 60806 160851964 0 1854940 8027258 0 1523 0 6275 4728838 57 0 19805 0
1791255196303102 23851978286 38 489 61964 163592369 0 1893628 8206450 0 1523 0 6275 4728929 57 0 19813 0
1791255196803382 23852478566 38 489 62851 165538360 0 1922788 8365306 0 1524 0 6276 4729023 57 0 19817 0
1791255197304244 23852979428 38 489 63777 167850747 0 1950736 8498118 0 1524 0 6278 4729112 57 0 19826 0
1791255197806993 23853482176 38 489 64852 170790251 0 1984252 8632226 0 1524 0 6280 4729206 57 0 19832 0
1791255198313289 23853988473 38 489 66000 173718564 0 2020144 8776198 0 1524 0 6281 4729303 57 0 19834 0
1791255198817776 23854492960 39 489 67121 176712235 0 2054596 8934042 0 1524 0 6282 4729394 57 0 19843 0
1791255199318165 23854993349 39 489 68234 180070522 0 2088676 9096146 0 1524 0 6284 4729480 57 0 19853 0
1791255199820593 23855495777 39 489 69356 182606285 0 2124388 9246346 0 1524 0 6285 4729571 57 0 19861 0
1791255200322818 23855998001 39 489 70545 184726754 0 2168812 9423322 0 1525 0 6287 4729662 57 0 19865 0
1791255200825748 23856500931 39 489 71383 186422789 0 2194936 9583646 0 1525 0 6287 4729752 57 0 19875 0
1791255201332089 23857007273 39 489 72170 188026649 0 2218576 9738758 0 1525 0 6287 4729846 57 0 19880 0
1791255201832499 23857507682 39 489 73238 190488543 0 2253764 9878938 0 1525 0 6287 4729937 57 0 19887 0
1791255202336064 23858011247 40 489 74378 193807845 0 2290952 10013270 0 1525 0 6288 4730035 57 0 19891 0
1791255202837961 23858513144 40 489 75456 197147677 0 2324192 10168486 0 1525 0 6289 4730123 57 0 19900 0
1791255203338911 23859014095 40 489 76604 199570631 0 2360192 10344862 0 1525 0 6291 4730214 57 0 19906 0
1791255203843359 23859518542 40 489 77540 201082349 0 2388560 10512190 0 1525 0 6291 4730308 57 0 19913 0
1791255204344167 23860019351 40 489 78487 202981011 0 2415344 10644198 0 1525 0 6291 4730402 57 0 19918 0
1791255204845931 23860521115 40 489 79562 205771277 0 2448752 10754678 0 1525 0 6292 4730492 57 0 19927 0
1791255205348410 23861023593 41 489 80644 208622944 0 2484728 10866078 0 1525 0 6293 4730581 57 0 19935 0
1791255205849926 23861525109 41 489 81757 211414433 0 2528972 11001522 0 1525 0 6294 4730670 57 0 19945 0
1791255206353612 23862028796 42 489 82825 213788923 0 2564012 11150818 0 1526 0 6295 4730758 57 0 19955 0
1791255206855972 23862531156 42 489 83910 215903641 0 2597228 11313730 0 1526 0 6296 4730853 57 0 19961 0
1791255207356627 23863031810 42 489 85034 218897239 0 2632364 11483066 0 1527 0 6297 4730935 57 0 19975 0
1791255207857641 23863532825 42 489 85907 220551612 0 2657744 11645862 0 1527 0 6297 4731030 57 0 19979 0
1791255208362226 23864037410 42 489 86659 221906818 0 2679512 11806590 0 1527 0 6299 4731122 57 0 19986 0
1791255208862934 23864538118 42 489 87610 223932827 0 2708024 11941510 0 1527 0 6301 4731207 57 0 19998 0
1791255209364283 23865039467 43 489 88707 226933119 0 2743280 12072494 0 1528 0 6304 4731292 57 0 20009 0
1791255209866214 23865541397 43 489 89846 231083603 0 2779292 12222634 0 1528 0 6307 4731382 57 0 20017 0
1791255210367795 23866042978 43 489 90974 234881380 0 2815772 12388810 0 1528 0 6310 4731472 57 0 20023 0
1791255210873966 23866549149 43 489 92144 237609678 0 2853020 12569754 0 1528 0 6311 4731564 57 0 20030 0
1791255211376517 23867051701 43 489 93054 239028212 0 2881724 12728154 0 1528 0 6313 4731661 57 0 20032 0
1791255211884080 23867559264 43 489 94130 242087360 0 2915612 12840786 0 1528 0 6313 4731751 57 0 20041 0
1791255212388709 23868063893 43 489 95194 246510448 0 2950220 12946290 0 1528 0 6314 4731845 57 0 20047 0
1791255212891909 23868567092 43 489 96235 248403629 0 2993584 13062582 0 1528 0 6315 4731939 57 0 20051 0
1791255213394729 23869069913 44 489 97224 251324853 0 3026284 13189466 0 1528 0 6315 4732031 57 0 20058 0
1791255213896000 23869571183 44 489 98253 253598108 0 3058492 13329626 0 1528 0 6316 4732121 57 0 20067 0
1791255214404802 23870079986 44 489 99365 255793154 0 3091984 13488182 0 1530 0 6316 4732207 57 0 20076 0
1791255214906122 23870581306 44 489 100484 259076942 0 3124912 13658758 0 1530 0 6319 4732299 57 0 20082 0
1791255215411143 23871086327 44 489 101418 261486556 0 3152584 13802431 0 1531 0 6321 4732389 57 0 20087 0
1791255215911980 23871587163 45 489 101642 261699725 0 3153448 13816548 0 1531 0 6321 4732484 57 0 20088 0
1791255216413786 23872088970 45 489 101721 261779751 0 3153448 13824140 0 1531 0 6321 4732579 57 0 20089 0
1791255216914165 23872589349 45 489 101801 261873480 0 3153448 13831860 0 1531 0 6322 4732674 57 0 20091 0
1791255217416751 23873091935 45 489 101880 261969175 0 3153448 13839580 0 1531 0 6322 4732771 57 0 20093 0
1791255217918678 23873593862 45 489 101959 262061272 0 3153448 13847172 0 1531 0 6322 4732865 57 0 20094 0
1791255218421421 23874096604 45 489 102039 262157909 0 3153448 13854892 0 1531 0 6322 4732959 57 0 20094 0
1791255218922531 23874597715 45 489 102119 262247138 0 3153448 13862844 0 1531 0 6322 4733052 57 0 20096 0
1791255219422921 23875098105 45 489 102197 262330852 0 3153448 13870204 0 1531 0 6323 4733144 57 0 20099 0
1791255219924353 23875599536 45 489 102277 262434952 0 3153448 13878156 0 1532 0 6324 4733239 57 0 20099 0
1791255220425486 23876100669 46 489 102358 262507433 0 3153448 13885876 0 1532 0 6326 4733335 57 0 20100 0
1791255220926953 23876602137 46 489 102437 262610270 0 3153448 13893468 0 1532 0 6326 4733432 57 0 20101 0
1791255221429298 23877104482 46 489 102516 262871251 0 3153448 13901188 0 1532 0 6326 4733529 57 0 20101 0
1791255221932650 23877607833 46 489 102596 262958486 0 3153448 13908908 0 1532 0 6326 4733625 57 0 20101 0
1791255222433119 23878108303 46 489 102675 263055056 0 3153448 13916500 0 1532 0 6326 4733721 57 0 20101 0
1791255222933797 23878608981 46 489 102754 263151806 0 3153448 13924220 0 1532 0 6326 4733816 57 0 20102 0
1791255223438992 23879114175 46 489 102833 263238385 0 3153448 13931812 0 1532 0 6326 4733914 57 0 20102 0
1791255223448466 23879123650 46 489 102836 263241700 0 3153448 13932172 0 1532 0 6327 4733915 57 0 20102 0
