# hz=100 page_bytes=4096 possible_cpus=2
# program_id=104 jit_bytes=8483 xlated_bytes=4776
# pos:	0
# flags:	02000002
# mnt_id:	10
# ino:	26
# prog_type:	1
# prog_jited:	1
# prog_tag:	1a92932acb008231
# memlock:	8192
# prog_id:	104
# run_time_ns:	0
# run_cnt:	0
# recursion_misses:	0
# verified_insns:	199283
# map=counters type=6 key=4 value=32 max_entries=1
# pos:	0
# flags:	02000002
# mnt_id:	10
# ino:	26
# map_type:	6
# key_size:	4
# value_size:	32
# max_entries:	1
# map_flags:	0x0
# map_extra:	0x0
# memlock:	268
# map_id:	129
# frozen:	0
# map=accounting type=2 key=4 value=24 max_entries=1
# pos:	0
# flags:	02000002
# mnt_id:	10
# ino:	26
# map_type:	2
# key_size:	4
# value_size:	24
# max_entries:	1
# map_flags:	0x0
# map_extra:	0x0
# memlock:	224
# map_id:	130
# frozen:	0
# map=flows type=9 key=36 value=32 max_entries=1024
# pos:	0
# flags:	02000002
# mnt_id:	10
# ino:	26
# map_type:	9
# key_size:	36
# value_size:	32
# max_entries:	1024
# map_flags:	0x0
# map_extra:	0x0
# memlock:	107456
# map_id:	127
# frozen:	0
# map=departures type=9 key=40 value=8 max_entries=8192
# pos:	0
# flags:	02000002
# mnt_id:	10
# ino:	26
# map_type:	9
# key_size:	40
# value_size:	8
# max_entries:	8192
# map_flags:	0x0
# map_extra:	0x0
# memlock:	656320
# map_id:	126
# frozen:	0
# map=samples type=27 key=0 value=0 max_entries=262144
# pos:	0
# flags:	02000002
# mnt_id:	10
# ino:	26
# map_type:	27
# key_size:	0
# value_size:	0
# max_entries:	262144
# map_flags:	0x0
# map_extra:	0x0
# memlock:	275148
# map_id:	128
# frozen:	0
realtime_us monotonic_us daemon_ticks rss_pages runs runtime_ns ring_full ack_bytes upload_bytes unaccounted host_user host_nice host_system host_idle host_iowait host_irq host_softirq host_steal
1791336514965495 62042547403 28 468 0 0 0 0 2688 0 2853 0 11879 12341424 60 0 31311 0
1791336515470161 62043052070 28 468 80 500013 0 0 10512 0 2853 0 11879 12341522 60 0 31311 0
1791336515974158 62043556066 28 468 160 619439 0 0 18232 0 2853 0 11881 12341620 60 0 31311 0
1791336516474409 62044056317 28 468 239 730662 0 0 25952 0 2853 0 11881 12341712 60 0 31312 0
1791336516974673 62044556582 28 468 319 830306 0 0 33544 0 2853 0 11881 12341806 60 0 31314 0
1791336517476904 62045058812 28 468 398 950289 0 0 41264 0 2854 0 11881 12341901 60 0 31315 0
1791336517979523 62045561431 28 468 477 1203831 0 0 48856 0 2854 0 11882 12341997 60 0 31317 0
1791336518479837 62046061745 29 468 556 1298666 0 0 56576 0 2854 0 11882 12342089 60 0 31320 0
1791336518980716 62046562625 29 468 636 1402482 0 0 64296 0 2854 0 11883 12342181 60 0 31323 0
1791336519482920 62047064828 29 468 717 1668709 0 0 71972 0 2854 0 11884 12342273 60 0 31325 0
1791336519988639 62047570548 29 468 797 1799492 0 0 79692 0 2854 0 11885 12342366 61 0 31328 0
1791336520489514 62048071422 29 468 877 1931573 0 0 87644 0 2854 0 11886 12342460 61 0 31328 0
1791336520993782 62048575691 29 468 956 2030627 0 0 95236 0 2854 0 11888 12342556 61 0 31330 0
1791336521495024 62049076933 29 468 1037 2140682 0 0 102956 0 2854 0 11890 12342650 61 0 31332 0
1791336521996247 62049578156 29 468 1116 2413686 0 0 110676 0 2854 0 11891 12342746 61 0 31333 0
1791336522501138 62050083047 29 468 1195 2512396 0 0 118268 0 2854 0 11891 12342844 61 0 31335 0
1791336523004700 62050586609 30 468 1274 2618707 0 0 126092 0 2854 0 11891 12342938 61 0 31335 0
1791336523509763 62051091672 30 468 1493 3505172 0 576 243030 0 2855 0 11891 12343032 61 0 31338 0
1791336524012568 62051594477 30 468 1712 4201292 0 576 395886 0 2855 0 11891 12343127 61 0 31340 0
1791336524514173 62052096082 30 468 1951 5036316 0 576 565830 0 2855 0 11892 12343221 61 0 31343 0
1791336525015949 62052597857 30 468 2182 5627055 0 576 737214 0 2855 0 11892 12343315 61 0 31346 0
1791336525516389 62053098298 30 468 2410 6531089 0 576 897662 0 2855 0 11892 12343406 61 0 31348 0
1791336526017351 62053599260 30 468 2629 7350959 0 576 1035078 0 2855 0 11892 12343499 61 0 31351 0
1791336526518550 62054100459 30 468 2831 7959330 0 576 1163230 0 2855 0 11892 12343596 61 0 31353 0
1791336527020733 62054602642 31 468 3039 8844970 0 576 1305150 0 2855 0 11895 12343687 61 0 31355 0
1791336527523425 62055105334 31 468 3262 9668067 0 576 1461094 0 2855 0 11896 12343782 61 0 31357 0
1791336528027170 62055609079 31 468 3500 10404197 0 576 1635566 0 2855 0 11896 12343878 61 0 31359 0
1791336528527841 62056109749 31 468 3730 11276289 0 576 1808366 0 2855 0 11896 12343973 61 0 31361 0
1791336529031481 62056613390 31 468 3949 12770137 0 576 1947558 0 2856 0 11896 12344070 61 0 31363 0
1791336529533176 62057115085 31 468 4161 13665872 0 576 2064774 0 2856 0 11896 12344165 61 0 31365 0
1791336530037667 62057619575 31 468 4363 14317223 0 576 2194470 0 2856 0 11896 12344259 61 0 31368 0
1791336530540065 62058121973 32 468 4573 17703018 0 576 2338062 0 2856 0 11898 12344349 61 0 31375 0
1791336531042240 62058624148 32 468 4799 19305544 0 576 2496966 0 2856 0 11900 12344438 61 0 31381 0
1791336531546515 62059128424 32 468 5037 21286104 0 576 2672982 0 2856 0 11901 12344529 61 0 31385 0
1791336532046942 62059628851 32 468 5270 22393352 0 576 2838190 0 2856 0 11901 12344624 61 0 31389 0
1791336532550791 62060132700 32 468 5493 23204989 0 576 2978694 0 2856 0 11902 12344717 61 0 31393 0
1791336533054153 62060636062 32 468 5688 23869040 0 576 3103990 0 2856 0 11902 12344813 61 0 31395 0
1791336533556914 62061138822 33 468 5896 24863769 0 576 3242950 0 2857 0 11903 12344905 61 0 31398 0
1791336534059619 62061641527 33 468 6114 26446593 0 576 3395678 0 2857 0 11905 12344993 61 0 31403 0
1791336534566658 62062148567 33 468 6351 28303585 0 576 3567062 0 2857 0 11908 12345086 61 0 31405 0
1791336535075497 62062657405 33 468 6589 29404873 0 576 3750798 0 2857 0 11909 12345176 61 0 31411 0
1791336535576465 62063158374 34 468 6810 30900834 0 576 3903758 0 2857 0 11909 12345269 61 0 31415 0
1791336536077789 62063659697 34 468 7003 32152433 0 576 4007206 0 2858 0 11911 12345361 61 0 31419 0
1791336536581883 62064163792 34 468 7199 33390386 0 576 4119790 0 2858 0 11912 12345457 61 0 31422 0
1791336537088817 62064670725 34 468 7394 34540715 0 576 4244854 0 2858 0 11914 12345548 61 0 31429 0
1791336537589367 62065171276 35 468 7591 40253390 0 576 4371334 0 2859 0 11915 12345632 61 0 31437 0
1791336538089943 62065671851 35 468 7811 42166433 0 576 4521102 0 2860 0 11915 12345727 61 0 31440 0
1791336538595437 62066177345 35 468 7941 42662725 0 960 4554812 0 2860 0 11918 12345816 61 0 31448 0
1791336539096930 62066678838 35 468 8020 42786857 0 960 4562532 0 2860 0 11920 12345910 61 0 31449 0
1791336539597263 62067179172 35 468 8100 42899617 0 960 4570252 0 2860 0 11920 12346005 61 0 31450 0
1791336540099898 62067681807 36 468 8179 43015189 0 960 4577844 0 2861 0 11921 12346095 61 0 31451 0
1791336540603260 62068185168 36 468 8258 43175399 0 960 4585564 0 2861 0 11923 12346187 61 0 31454 0
1791336541104006 62068685915 36 468 8337 43330223 0 960 4593156 0 2861 0 11923 12346285 61 0 31455 0
1791336541605363 62069187271 36 468 8886 44564983 0 25080 4626516 0 2862 0 11923 12346376 61 0 31462 0
1791336542109153 62069691062 36 468 9985 46845059 0 65352 4674508 0 2862 0 11923 12346470 61 0 31468 0
1791336542610495 62070192403 36 468 10982 49334076 0 99528 4716276 0 2862 0 11923 12346560 61 0 31477 0
1791336543113467 62070695376 37 468 11989 51740833 0 134272 4758972 0 2862 0 11924 12346648 61 0 31488 0
1791336543617457 62071199365 37 468 13052 54448261 0 185932 4818224 0 2862 0 11925 12346738 61 0 31497 0
1791336544119606 62071701514 37 468 14119 57441039 0 233612 4873624 0 2862 0 11925 12346836 61 0 31501 0
1791336544627028 62072208937 37 468 15047 59604961 0 267372 4914976 0 2862 0 11925 12346932 61 0 31504 0
1791336545132051 62072713960 37 468 16022 61965778 0 300636 4956192 0 2862 0 11926 12347027 61 0 31507 0
1791336545636474 62073218382 37 468 17016 66063952 0 334224 4997500 0 2862 0 11928 12347115 61 0 31516 0
1791336546137316 62073719225 37 468 17987 68492381 0 366828 5037696 0 2862 0 11929 12347205 61 0 31525 0
1791336546638258 62074220166 37 468 19034 70962079 0 403596 5082184 0 2862 0 11930 12347295 61 0 31533 0
1791336547138528 62074720436 37 468 20037 73240202 0 439212 5125392 0 2862 0 11931 12347388 61 0 31540 0
1791336547642179 62075224088 37 468 21020 77240368 0 472056 5165956 0 2862 0 11932 12347478 61 0 31548 0
1791336548143482 62075725390 38 468 21974 79353175 0 504020 5205512 0 2862 0 11933 12347565 61 0 31558 0
1791336548644251 62076226160 38 468 23055 82024617 0 548936 5258276 0 2862 0 11934 12347653 61 0 31569 0
1791336549146553 62076728462 38 468 24048 84494405 0 586712 5303516 0 2862 0 11936 12347741 61 0 31578 0
1791336549647555 62077229463 38 468 25103 86844470 0 624992 5349644 0 2862 0 11936 12347828 61 0 31589 0
1791336550148932 62077730840 38 468 26151 89728592 0 662912 5395516 0 2863 0 11938 12347917 62 0 31598 0
1791336550652703 62078234611 38 468 27148 92915522 0 696776 5436740 0 2863 0 11941 12348005 62 0 31606 0
1791336551155617 62078737526 38 468 28155 95382851 0 731720 5479636 0 2863 0 11945 12348087 62 0 31618 0
1791336551656086 62079237995 39 468 29176 98065482 0 767144 5522652 0 2864 0 11946 12348178 62 0 31625 0
1791336552163874 62079745783 39 468 30283 101487735 0 809316 5572544 0 2864 0 11946 12348272 62 0 31631 0
1791336552667827 62080249736 39 468 31262 104023653 0 847776 5618828 0 2864 0 11946 12348364 62 0 31639 0
1791336553171336 62080753245 39 468 32273 106215967 0 884376 5662916 0 2866 0 11948 12348455 62 0 31644 0
1791336553677164 62081259073 40 468 33255 109212204 0 917940 5704304 0 2866 0 11948 12348548 62 0 31652 0
1791336554177891 62081759799 40 468 34186 111229003 0 948516 5742600 0 2866 0 11948 12348639 62 0 31661 0
1791336554678252 62082260161 40 468 35134 114236906 0 978528 5780204 0 2866 0 11948 12348731 62 0 31667 0
1791336555180964 62082762873 40 468 36053 116279146 0 1007688 5817084 0 2866 0 11948 12348825 62 0 31674 0
1791336555684927 62083266835 40 468 37010 118967847 0 1037508 5854624 0 2867 0 11949 12348913 62 0 31682 0
1791336556186702 62083768610 40 468 37923 121311232 0 1067076 5891784 0 2867 0 11949 12349006 62 0 31690 0
1791336556688824 62084270732 40 468 38891 124061535 0 1098756 5931416 0 2867 0 11950 12349096 62 0 31698 0
1791336557192757 62084774665 40 468 39897 126762718 0 1133428 5973448 0 2867 0 11950 12349185 62 0 31707 0
1791336557693371 62085275280 41 468 41002 129482042 0 1179800 6027772 0 2867 0 11951 12349278 62 0 31712 0
1791336558196362 62085778271 41 468 42037 133248280 0 1218248 6073940 0 2868 0 11951 12349372 62 0 31718 0
1791336558697233 62086279141 41 468 43075 137408870 0 1256624 6119908 0 2868 0 11952 12349459 62 0 31728 0
1791336559198124 62086780033 41 468 44121 139633126 0 1294364 6165368 0 2868 0 11953 12349547 62 0 31738 0
1791336559698901 62087280810 41 468 45202 142721903 0 1332776 6211500 0 2868 0 11955 12349638 62 0 31746 0
1791336560205453 62087787362 42 468 46230 145160635 0 1368416 6254732 0 2869 0 11958 12349730 62 0 31749 0
1791336560706999 62088288908 42 468 47233 148291487 0 1403240 6297276 0 2869 0 11959 12349822 62 0 31755 0
1791336561213493 62088795402 42 468 48217 151571798 0 1436456 6338212 0 2869 0 11959 12349917 62 0 31761 0
1791336561715248 62089297157 42 468 48993 153889750 0 1455540 6374501 0 2870 0 11959 12350010 62 0 31767 0
1791336562216574 62089798482 42 468 49072 153988628 0 1455540 6382221 0 2870 0 11959 12350103 62 0 31769 0
1791336562717471 62090299380 42 468 49151 154122142 0 1455540 6389813 0 2870 0 11961 12350197 62 0 31771 0
1791336563219028 62090800937 42 468 49229 154268827 0 1455540 6397405 0 2870 0 11962 12350285 62 0 31774 0
1791336563722906 62091304814 43 468 49308 154446629 0 1455540 6405125 0 2870 0 11965 12350377 62 0 31774 0
1791336564227294 62091809203 43 468 49387 154613471 0 1455540 6412717 0 2870 0 11966 12350470 62 0 31776 0
1791336564728972 62092310881 43 468 49531 155344064 0 1456692 6439210 0 2871 0 11967 12350563 62 0 31781 0
1791336565233059 62092814967 43 468 50551 158939573 0 1488444 6577863 0 2871 0 11971 12350645 62 0 31795 0
1791336565746193 62093328101 44 468 51409 162860471 0 1509936 6685563 0 2872 0 11972 12350719 62 0 31809 0
1791336566249453 62093831361 45 468 52388 167313593 0 1539168 6807307 0 2872 0 11975 12350793 62 0 31829 0
1791336566751251 62094333160 46 468 53412 172977009 0 1567968 6947147 0 2873 0 11977 12350878 62 0 31840 0
1791336567251722 62094833630 46 468 54497 177898160 0 1598688 7111011 0 2874 0 11978 12350963 62 0 31853 0
1791336567755170 62095337078 46 468 55552 181689738 0 1632392 7294483 0 2874 0 11981 12351047 62 0 31864 0
1791336568266231 62095848139 47 468 56338 187403461 0 1655084 7451375 0 2874 0 11983 12351129 62 0 31882 0
1791336568779442 62096361351 48 468 57293 190708004 0 1686688 7570963 0 2875 0 11986 12351210 62 0 31901 0
1791336569285962 62096867871 48 468 58356 193729068 0 1722024 7681955 0 2875 0 11987 12351298 62 0 31910 0
1791336569786986 62097368895 48 468 59447 196195669 0 1756932 7801783 0 2876 0 11988 12351392 62 0 31914 0
1791336570288721 62097870629 48 468 60525 199239502 0 1792620 7936159 0 2877 0 11989 12351483 62 0 31922 0
1791336570793647 62098375555 49 468 61644 203121658 0 1829196 8081047 0 2877 0 11989 12351570 62 0 31933 0
1791336571295061 62098876969 49 468 62771 205608810 0 1864896 8240267 0 2878 0 11989 12351663 62 0 31939 0
1791336571795273 62099377181 49 468 63924 208856393 0 1901856 8414515 0 2878 0 11990 12351751 62 0 31950 0
1791336572296749 62099878657 49 468 65073 211074243 0 1941288 8579011 0 2878 0 11990 12351844 62 0 31954 0
1791336572797537 62100379446 49 468 66238 214280015 0 1981320 8722363 0 2878 0 11991 12351935 62 0 31961 0
1791336573299884 62100881793 49 468 67296 216413532 0 2015832 8835619 0 2878 0 11991 12352027 62 0 31968 0
1791336573801818 62101383727 50 468 68409 219176125 0 2056752 8958371 0 2879 0 11991 12352117 62 0 31975 0
1791336574305448 62101887356 50 468 69428 222166681 0 2090452 9095391 0 2879 0 11992 12352211 62 0 31978 0
1791336574808410 62102390318 50 468 70459 224462725 0 2121676 9245503 0 2879 0 11992 12352308 62 0 31980 0
1791336575309659 62102891568 50 468 71575 226705444 0 2154592 9411075 0 2879 0 11992 12352406 62 0 31984 0
1791336575812311 62103394220 50 468 72627 230171224 0 2186980 9585511 0 2879 0 11993 12352499 62 0 31988 0
1791336576314472 62103896381 50 468 73430 231777406 0 2209312 9743819 0 2879 0 11993 12352592 62 0 31995 0
1791336576816540 62104398449 50 468 74366 234653194 0 2235904 9883123 0 2879 0 11993 12352684 62 0 32002 0
1791336577317758 62104899667 51 468 75410 237368224 0 2267392 10016387 0 2879 0 11995 12352776 62 0 32007 0
1791336577819108 62105401017 51 468 76501 239773727 0 2301856 10145035 0 2879 0 11996 12352870 62 0 32013 0
1791336578320335 62105902244 51 468 77661 242130639 0 2343048 10286587 0 2879 0 11996 12352963 62 0 32018 0
1791336578826566 62106408475 51 468 78802 245438051 0 2382596 10452615 0 2879 0 11996 12353054 62 0 32027 0
1791336579329445 62106911354 51 468 79936 249410482 0 2419460 10622263 0 2879 0 11998 12353146 62 0 32033 0
1791336579832622 62107414531 51 468 80930 252259152 0 2451236 10782423 0 2879 0 12000 12353241 62 0 32036 0
1791336580336384 62107918293 51 468 81827 254630706 0 2479292 10943135 0 2880 0 12000 12353328 62 0 32044 0
1791336580839050 62108420959 51 468 82845 257473324 0 2509724 11073927 0 2880 0 12002 12353417 62 0 32054 0
1791336581339336 62108921244 52 468 83944 260228627 0 2544752 11201595 0 2880 0 12005 12353507 62 0 32060 0
1791336581840185 62109422093 52 468 85090 263388742 0 2584216 11344379 0 2881 0 12005 12353603 62 0 32064 0
1791336582341540 62109923449 52 468 86279 265790553 0 2623636 11499599 0 2881 0 12007 12353697 62 0 32067 0
1791336582843661 62110425570 52 468 87421 269940629 0 2660308 11670471 0 2881 0 12007 12353783 62 0 32077 0
1791336583346348 62110928256 53 468 88445 271735191 0 2692420 11844631 0 2881 0 12008 12353874 62 0 32083 0
1791336583849128 62111431037 53 468 89332 274196921 0 2719924 11994239 0 2883 0 12008 12353966 62 0 32087 0
1791336584350600 62111932509 53 468 90379 275827142 0 2751988 12105151 0 2883 0 12010 12354055 62 0 32093 0
1791336584854654 62112436563 54 468 91424 277792777 0 2784928 12223011 0 2883 0 12011 12354148 62 0 32098 0
1791336585355705 62112937614 54 468 92552 279598839 0 2827712 12352131 0 2883 0 12011 12354243 62 0 32102 0
1791336585857861 62113439770 54 468 93509 281454185 0 2857796 12498015 0 2883 0 12013 12354334 62 0 32108 0
1791336586358233 62113940142 54 468 94614 284417367 0 2893424 12655491 0 2884 0 12013 12354424 62 0 32116 0
1791336586862139 62114444048 54 468 95743 288202882 0 2929604 12833719 0 2884 0 12013 12354522 62 0 32120 0
1791336587362763 62114944671 54 468 96535 290181905 0 2953376 12999411 0 2884 0 12013 12354610 62 0 32128 0
1791336587866229 62115448137 54 468 97355 291949084 0 2976920 13141843 0 2884 0 12013 12354706 62 0 32132 0
1791336588366436 62115948345 55 468 98415 293877120 0 3009572 13268679 0 2884 0 12014 12354797 62 0 32139 0
1791336588866810 62116448718 55 468 99533 297249959 0 3045152 13407579 0 2884 0 12017 12354891 62 0 32142 0
1791336589368456 62116950365 55 468 100634 299441915 0 3080192 13547843 0 2884 0 12017 12354982 62 0 32151 0
1791336589871811 62117453720 55 468 101735 302046808 0 3114848 13672272 0 2884 0 12019 12355069 62 0 32161 0
1791336590374711 62117956619 55 468 102075 302785891 0 3116192 13692329 0 2885 0 12020 12355159 62 0 32163 0
1791336590877150 62118459058 55 468 102156 302957475 0 3116192 13700049 0 2885 0 12020 12355258 62 0 32163 0
1791336591377619 62118959527 55 468 102235 303254578 0 3116192 13707641 0 2885 0 12021 12355351 62 0 32167 0
1791336591878752 62119460661 55 468 102314 303365547 0 3116192 13715361 0 2885 0 12021 12355447 62 0 32170 0
1791336592386633 62119968542 56 468 102393 303518664 0 3116192 13722953 0 2885 0 12021 12355542 62 0 32171 0
1791336592887835 62120469744 56 468 102474 303887146 0 3116192 13730905 0 2885 0 12023 12355634 62 0 32172 0
1791336593388721 62120970629 56 468 102551 304064665 0 3116192 13738265 0 2885 0 12024 12355729 62 0 32174 0
1791336593889182 62121471091 56 468 102632 304264039 0 3116192 13746217 0 2887 0 12025 12355823 62 0 32176 0
1791336594390323 62121972231 56 468 102712 304458930 0 3116192 13753937 0 2888 0 12025 12355916 62 0 32180 0
1791336594890755 62122472664 56 468 102790 305662776 0 3116192 13761529 0 2889 0 12028 12356006 62 0 32182 0
1791336595391647 62122973555 57 468 102869 306112743 0 3116192 13769249 0 2889 0 12030 12356098 62 0 32187 0
1791336595896624 62123478533 57 468 102949 306311578 0 3116192 13776841 0 2890 0 12030 12356195 62 0 32187 0
1791336596397494 62123979403 57 468 103028 306501890 0 3116192 13784561 0 2890 0 12031 12356289 62 0 32190 0
1791336596904446 62124486355 57 468 103103 306674414 0 3116192 13792153 0 2890 0 12032 12356368 62 0 32193 0
1791336597405778 62124987686 57 468 103185 306858864 0 3116192 13799745 0 2891 0 12032 12356459 62 0 32197 0
1791336597906314 62125488223 58 468 103264 307168703 0 3116192 13807465 0 2891 0 12034 12356548 62 0 32199 0
1791336597930971 62125512879 58 468 103269 307173626 0 3116192 13807929 0 2891 0 12035 12356553 62 0 32199 0
