# hz=100 page_bytes=4096 possible_cpus=2
realtime_us monotonic_us daemon_ticks rss_pages runs runtime_ns ring_full ack_bytes upload_bytes unaccounted host_user host_nice host_system host_idle host_iowait host_irq host_softirq host_steal
1791230409634643 1710373082 0 308 0 0 0 0 0 0 210 0 1946 338105 65 0 564 0
1791230410134869 1710873308 0 308 0 0 0 0 0 0 210 0 1946 338203 65 0 564 0
1791230410638850 1711377288 0 308 0 0 0 0 0 0 210 0 1946 338299 65 0 566 0
1791230411139184 1711877623 0 308 0 0 0 0 0 0 210 0 1946 338394 65 0 567 0
1791230411641125 1712379563 1 308 0 0 0 0 0 0 210 0 1947 338490 65 0 567 0
1791230412144616 1712883054 1 308 0 0 0 0 0 0 211 0 1947 338589 65 0 567 0
1791230412647120 1713385559 1 308 0 0 0 0 0 0 211 0 1947 338687 65 0 567 0
1791230413148659 1713887098 1 308 0 0 0 0 0 0 211 0 1947 338784 65 0 567 0
1791230413650415 1714388853 1 308 0 0 0 0 0 0 211 0 1947 338878 65 0 569 0
1791230414152534 1714890973 1 308 0 0 0 0 0 0 211 0 1947 338976 65 0 569 0
1791230414652764 1715391203 1 308 0 0 0 0 0 0 211 0 1947 339074 65 0 569 0
1791230415153274 1715891713 1 308 0 0 0 0 0 0 211 0 1947 339170 65 0 570 0
1791230415654910 1716393349 1 308 0 0 0 0 0 0 211 0 1948 339268 65 0 571 0
1791230416156888 1716895327 2 308 0 0 0 0 0 0 211 0 1948 339364 65 0 572 0
1791230416659545 1717397984 2 308 0 0 0 0 0 0 211 0 1948 339460 65 0 573 0
1791230417161799 1717900237 2 308 0 0 0 0 0 0 211 0 1948 339557 65 0 573 0
1791230417662499 1718400938 2 308 0 0 0 0 0 0 211 0 1949 339657 65 0 573 0
1791230418165372 1718903810 2 308 0 0 0 0 0 0 211 0 1950 339752 65 0 575 0
1791230418670577 1719409016 2 308 0 0 0 0 0 0 211 0 1950 339849 65 0 578 0
1791230419172694 1719911133 2 308 0 0 0 0 0 0 211 0 1951 339946 65 0 579 0
1791230419674528 1720412966 2 308 0 0 0 0 0 0 211 0 1952 340040 65 0 581 0
1791230420175558 1720913997 2 308 0 0 0 0 0 0 211 0 1952 340133 65 0 584 0
1791230420679459 1721417898 3 308 0 0 0 0 0 0 211 0 1952 340229 65 0 585 0
1791230421180698 1721919137 3 308 0 0 0 0 0 0 211 0 1952 340322 65 0 587 0
1791230421682241 1722420680 3 308 0 0 0 0 0 0 211 0 1952 340419 65 0 589 0
1791230422185703 1722924141 3 308 0 0 0 0 0 0 211 0 1952 340516 65 0 590 0
1791230422689909 1723428348 3 308 0 0 0 0 0 0 211 0 1952 340614 65 0 591 0
1791230423190273 1723928712 3 308 0 0 0 0 0 0 211 0 1952 340710 65 0 593 0
1791230423690810 1724429249 3 308 0 0 0 0 0 0 211 0 1952 340804 65 0 596 0
1791230424195713 1724934151 3 308 0 0 0 0 0 0 211 0 1953 340901 65 0 597 0
1791230424697373 1725435812 4 308 0 0 0 0 0 0 211 0 1953 340996 65 0 599 0
1791230425201186 1725939624 4 308 0 0 0 0 0 0 211 0 1953 341093 65 0 602 0
1791230425702095 1726440534 4 308 0 0 0 0 0 0 211 0 1954 341188 65 0 605 0
1791230426203997 1726942435 4 308 0 0 0 0 0 0 211 0 1954 341285 65 0 606 0
1791230426704684 1727443123 4 308 0 0 0 0 0 0 211 0 1954 341384 65 0 607 0
1791230427205913 1727944351 4 308 0 0 0 0 0 0 211 0 1955 341478 65 0 608 0
1791230427710649 1728449088 4 308 0 0 0 0 0 0 211 0 1956 341574 65 0 609 0
1791230428211277 1728949716 5 308 0 0 0 0 0 0 211 0 1957 341672 65 0 609 0
1791230428712571 1729451010 5 308 0 0 0 0 0 0 211 0 1957 341771 65 0 610 0
1791230429213275 1729951714 5 308 0 0 0 0 0 0 211 0 1957 341867 65 0 612 0
1791230429719109 1730457548 5 308 0 0 0 0 0 0 211 0 1958 341964 65 0 612 0
1791230430223936 1730962375 5 308 0 0 0 0 0 0 211 0 1958 342063 65 0 613 0
1791230430724731 1731463169 5 308 0 0 0 0 0 0 211 0 1958 342162 65 0 614 0
1791230431229369 1731967808 5 308 0 0 0 0 0 0 211 0 1958 342259 65 0 615 0
1791230431730465 1732468904 5 308 0 0 0 0 0 0 211 0 1958 342353 65 0 619 0
1791230432232752 1732971191 6 308 0 0 0 0 0 0 211 0 1958 342448 65 0 621 0
1791230432738471 1733476910 6 308 0 0 0 0 0 0 211 0 1959 342544 65 0 623 0
1791230433239443 1733977882 6 308 0 0 0 0 0 0 211 0 1960 342641 65 0 624 0
1791230433742041 1734480480 6 308 0 0 0 0 0 0 211 0 1960 342736 65 0 624 0
1791230434245778 1734984217 6 308 0 0 0 0 0 0 212 0 1960 342829 65 0 625 0
1791230434749518 1735487957 6 308 0 0 0 0 0 0 212 0 1960 342926 65 0 626 0
1791230435249828 1735988267 6 308 0 0 0 0 0 0 212 0 1960 343021 65 0 626 0
1791230435751250 1736489689 6 308 0 0 0 0 0 0 212 0 1960 343115 65 0 627 0
1791230436252566 1736991005 6 308 0 0 0 0 0 0 212 0 1962 343210 65 0 630 0
1791230436756121 1737494560 6 308 0 0 0 0 0 0 212 0 1962 343305 65 0 633 0
1791230437256913 1737995352 6 308 0 0 0 0 0 0 212 0 1962 343401 65 0 635 0
1791230437758048 1738496487 7 308 0 0 0 0 0 0 212 0 1962 343498 65 0 637 0
1791230438260540 1738998978 7 308 0 0 0 0 0 0 212 0 1962 343596 65 0 638 0
1791230438760859 1739499298 7 308 0 0 0 0 0 0 212 0 1962 343690 65 0 639 0
1791230439262824 1740001263 7 308 0 0 0 0 0 0 212 0 1963 343788 65 0 641 0
1791230439763025 1740501464 7 308 0 0 0 0 0 0 212 0 1963 343883 65 0 644 0
1791230440268758 1741007196 7 308 0 0 0 0 0 0 212 0 1963 343979 65 0 645 0
1791230440773757 1741512196 8 308 0 0 0 0 0 0 213 0 1966 344071 65 0 651 0
1791230441274213 1742012652 8 308 0 0 0 0 0 0 213 0 1966 344164 65 0 657 0
1791230441780564 1742519003 8 308 0 0 0 0 0 0 213 0 1966 344259 65 0 661 0
1791230442281510 1743019949 8 308 0 0 0 0 0 0 213 0 1967 344354 65 0 665 0
1791230442781993 1743520432 8 308 0 0 0 0 0 0 213 0 1968 344447 65 0 671 0
1791230443283574 1744022013 9 308 0 0 0 0 0 0 214 0 1970 344539 65 0 677 0
1791230443790637 1744529075 9 308 0 0 0 0 0 0 214 0 1972 344631 65 0 682 0
1791230444291219 1745029658 10 308 0 0 0 0 0 0 214 0 1973 344726 65 0 685 0
1791230444794828 1745533267 10 308 0 0 0 0 0 0 214 0 1974 344818 65 0 692 0
1791230445296097 1746034536 10 308 0 0 0 0 0 0 214 0 1975 344908 65 0 701 0
1791230445798122 1746536561 10 308 0 0 0 0 0 0 214 0 1976 344998 65 0 709 0
1791230446303780 1747042219 10 308 0 0 0 0 0 0 215 0 1976 345091 65 0 715 0
1791230446806564 1747545003 10 308 0 0 0 0 0 0 215 0 1976 345186 65 0 721 0
1791230447308343 1748046782 10 308 0 0 0 0 0 0 215 0 1978 345276 65 0 729 0
1791230447809076 1748547514 11 308 0 0 0 0 0 0 215 0 1978 345369 65 0 735 0
1791230448310210 1749048648 11 308 0 0 0 0 0 0 215 0 1981 345459 65 0 742 0
1791230448818604 1749557043 11 308 0 0 0 0 0 0 216 0 1981 345552 65 0 748 0
1791230449323367 1750061806 11 308 0 0 0 0 0 0 216 0 1982 345646 65 0 754 0
1791230449824052 1750562490 11 308 0 0 0 0 0 0 216 0 1984 345732 65 0 764 0
1791230450326682 1751065121 11 308 0 0 0 0 0 0 216 0 1984 345827 65 0 770 0
1791230450827310 1751565749 11 308 0 0 0 0 0 0 216 0 1984 345915 65 0 781 0
1791230451329841 1752068280 11 308 0 0 0 0 0 0 216 0 1984 346008 65 0 788 0
1791230451831703 1752570142 11 308 0 0 0 0 0 0 216 0 1984 346105 65 0 791 0
1791230452332706 1753071144 11 308 0 0 0 0 0 0 216 0 1985 346195 65 0 798 0
1791230452839993 1753578431 11 308 0 0 0 0 0 0 216 0 1985 346288 65 0 804 0
1791230453340886 1754079325 12 308 0 0 0 0 0 0 216 0 1986 346379 65 0 812 0
1791230453841151 1754579590 12 308 0 0 0 0 0 0 216 0 1987 346468 65 0 822 0
1791230454343444 1755081883 12 308 0 0 0 0 0 0 217 0 1989 346560 65 0 829 0
1791230454850332 1755588770 12 308 0 0 0 0 0 0 217 0 1990 346653 65 0 834 0
1791230455352553 1756090992 12 308 0 0 0 0 0 0 217 0 1990 346744 65 0 843 0
1791230455853626 1756592065 12 308 0 0 0 0 0 0 217 0 1992 346832 65 0 852 0
1791230456355642 1757094081 12 308 0 0 0 0 0 0 217 0 1994 346917 65 0 864 0
1791230456857194 1757595633 14 308 0 0 0 0 0 0 217 0 1997 347005 65 0 870 0
1791230457360584 1758099022 14 308 0 0 0 0 0 0 217 0 1998 347100 65 0 873 0
1791230457864007 1758602445 14 308 0 0 0 0 0 0 217 0 1998 347197 65 0 875 0
1791230458364425 1759102864 14 308 0 0 0 0 0 0 217 0 1998 347294 65 0 876 0
1791230458864926 1759603365 14 308 0 0 0 0 0 0 217 0 1999 347390 65 0 876 0
1791230459365098 1760103537 14 308 0 0 0 0 0 0 217 0 1999 347483 65 0 877 0
1791230459866137 1760604576 14 308 0 0 0 0 0 0 217 0 2001 347573 65 0 882 0
1791230460370574 1761109013 14 308 0 0 0 0 0 0 217 0 2002 347658 65 0 896 0
1791230460872461 1761610900 15 308 0 0 0 0 0 0 217 0 2004 347746 65 0 907 0
1791230461373190 1762111629 15 308 0 0 0 0 0 0 218 0 2005 347840 65 0 911 0
1791230461881087 1762619526 15 308 0 0 0 0 0 0 218 0 2005 347933 65 0 918 0
1791230462381987 1763120426 15 308 0 0 0 0 0 0 218 0 2005 348027 65 0 925 0
1791230462882778 1763621217 15 308 0 0 0 0 0 0 218 0 2005 348122 65 0 930 0
1791230463383662 1764122101 15 308 0 0 0 0 0 0 218 0 2006 348213 65 0 938 0
1791230463884543 1764622981 16 308 0 0 0 0 0 0 218 0 2007 348302 65 0 945 0
1791230464390528 1765128967 16 308 0 0 0 0 0 0 218 0 2009 348393 65 0 953 0
1791230464899120 1765637558 16 308 0 0 0 0 0 0 218 0 2011 348483 65 0 962 0
1791230465399828 1766138267 16 308 0 0 0 0 0 0 218 0 2012 348579 65 0 966 0
1791230465900785 1766639224 16 308 0 0 0 0 0 0 219 0 2012 348671 65 0 973 0
1791230466403161 1767141599 16 308 0 0 0 0 0 0 219 0 2012 348759 65 0 984 0
1791230466903701 1767642140 16 308 0 0 0 0 0 0 219 0 2012 348856 65 0 985 0
1791230467403971 1768142409 16 308 0 0 0 0 0 0 220 0 2012 348947 65 0 991 0
1791230467908646 1768647084 17 308 0 0 0 0 0 0 220 0 2013 349036 65 0 999 0
1791230468410148 1769148587 17 308 0 0 0 0 0 0 220 0 2013 349127 65 0 1008 0
1791230468913542 1769651980 17 308 0 0 0 0 0 0 220 0 2016 349219 65 0 1015 0
1791230469414135 1770152573 17 308 0 0 0 0 0 0 220 0 2018 349299 65 0 1033 0
1791230469918786 1770657225 18 308 0 0 0 0 0 0 220 0 2018 349385 65 0 1046 0
1791230470419778 1771158216 18 308 0 0 0 0 0 0 220 0 2019 349473 65 0 1056 0
1791230470921214 1771659653 18 308 0 0 0 0 0 0 221 0 2020 349561 65 0 1065 0
1791230471427706 1772166145 18 308 0 0 0 0 0 0 221 0 2020 349655 65 0 1071 0
1791230471928510 1772666948 18 308 0 0 0 0 0 0 221 0 2021 349745 65 0 1079 0
1791230472430170 1773168608 19 308 0 0 0 0 0 0 223 0 2022 349837 65 0 1085 0
1791230472930878 1773669316 19 308 0 0 0 0 0 0 223 0 2022 349925 65 0 1096 0
1791230473432321 1774170760 19 308 0 0 0 0 0 0 223 0 2023 350015 65 0 1106 0
1791230473933625 1774672064 19 308 0 0 0 0 0 0 223 0 2024 350106 65 0 1114 0
1791230474434826 1775173265 20 308 0 0 0 0 0 0 223 0 2024 350201 65 0 1119 0
1791230474943343 1775681781 20 308 0 0 0 0 0 0 223 0 2025 350297 65 0 1123 0
1791230475446426 1776184865 20 308 0 0 0 0 0 0 223 0 2027 350387 65 0 1129 0
1791230475951364 1776689803 20 308 0 0 0 0 0 0 223 0 2027 350479 65 0 1137 0
1791230476453286 1777191725 20 308 0 0 0 0 0 0 223 0 2030 350567 65 0 1146 0
1791230476956835 1777695274 20 308 0 0 0 0 0 0 225 0 2033 350652 65 0 1152 0
1791230477461587 1778200026 21 308 0 0 0 0 0 0 225 0 2033 350741 65 0 1160 0
1791230477962891 1778701329 21 308 0 0 0 0 0 0 225 0 2033 350836 65 0 1165 0
1791230478463059 1779201497 21 308 0 0 0 0 0 0 225 0 2033 350932 65 0 1170 0
1791230478967265 1779705703 21 308 0 0 0 0 0 0 226 0 2033 351028 65 0 1173 0
1791230479470472 1780208911 21 308 0 0 0 0 0 0 226 0 2033 351126 65 0 1175 0
1791230479972902 1780711340 21 308 0 0 0 0 0 0 226 0 2034 351217 65 0 1183 0
1791230480476959 1781215397 22 308 0 0 0 0 0 0 227 0 2034 351310 65 0 1188 0
1791230480977819 1781716258 22 308 0 0 0 0 0 0 228 0 2035 351392 65 0 1204 0
1791230481478049 1782216488 22 308 0 0 0 0 0 0 230 0 2036 351483 65 0 1208 0
1791230481981440 1782719879 22 308 0 0 0 0 0 0 230 0 2036 351580 65 0 1210 0
1791230482487649 1783226088 22 308 0 0 0 0 0 0 230 0 2039 351674 65 0 1213 0
1791230482991182 1783729621 23 308 0 0 0 0 0 0 230 0 2040 351772 65 0 1215 0
1791230483494998 1784233436 23 308 0 0 0 0 0 0 230 0 2040 351868 65 0 1220 0
1791230484000295 1784738734 23 308 0 0 0 0 0 0 230 0 2040 351963 65 0 1224 0
1791230484501937 1785240375 23 308 0 0 0 0 0 0 230 0 2040 352059 65 0 1228 0
1791230485002909 1785741348 23 308 0 0 0 0 0 0 230 0 2040 352155 65 0 1232 0
1791230485510083 1786248522 23 308 0 0 0 0 0 0 230 0 2040 352250 65 0 1233 0
1791230486017037 1786755476 24 308 0 0 0 0 0 0 230 0 2040 352346 65 0 1234 0
1791230486519372 1787257811 24 308 0 0 0 0 0 0 230 0 2041 352440 65 0 1234 0
1791230487021563 1787760001 24 308 0 0 0 0 0 0 230 0 2041 352532 65 0 1236 0
1791230487522253 1788260692 24 308 0 0 0 0 0 0 230 0 2041 352629 65 0 1237 0
1791230488024061 1788762499 24 308 0 0 0 0 0 0 230 0 2042 352724 65 0 1238 0
1791230488524800 1789263239 24 308 0 0 0 0 0 0 230 0 2043 352818 65 0 1239 0
1791230489029833 1789768271 24 308 0 0 0 0 0 0 230 0 2043 352915 65 0 1241 0
1791230489530681 1790269119 24 308 0 0 0 0 0 0 230 0 2043 353012 65 0 1242 0
1791230490032793 1790771232 25 308 0 0 0 0 0 0 230 0 2043 353107 65 0 1245 0
1791230490544821 1791283260 25 308 0 0 0 0 0 0 231 0 2045 353200 65 0 1248 0
1791230491049637 1791788076 25 308 0 0 0 0 0 0 231 0 2045 353292 65 0 1251 0
1791230491553969 1792292408 25 308 0 0 0 0 0 0 231 0 2045 353388 65 0 1252 0
1791230492058186 1792796625 25 308 0 0 0 0 0 0 231 0 2046 353486 65 0 1253 0
1791230492561133 1793299571 26 308 0 0 0 0 0 0 232 0 2046 353581 65 0 1255 0
1791230492707402 1793445841 26 308 0 0 0 0 0 0 232 0 2047 353608 65 0 1255 0
