# hz=100 page_bytes=4096 possible_cpus=2
# program_id=20 jit_bytes=8483 xlated_bytes=4776
# pos:	0
# flags:	02000002
# mnt_id:	10
# ino:	26
# prog_type:	1
# prog_jited:	1
# prog_tag:	1a92932acb008231
# memlock:	8192
# prog_id:	20
# run_time_ns:	0
# run_cnt:	0
# recursion_misses:	0
# verified_insns:	199283
# map=counters type=6 key=4 value=32 max_entries=1
# pos:	0
# flags:	02000002
# mnt_id:	10
# ino:	26
# map_type:	6
# key_size:	4
# value_size:	32
# max_entries:	1
# map_flags:	0x0
# map_extra:	0x0
# memlock:	268
# map_id:	24
# frozen:	0
# map=accounting type=2 key=4 value=24 max_entries=1
# pos:	0
# flags:	02000002
# mnt_id:	10
# ino:	26
# map_type:	2
# key_size:	4
# value_size:	24
# max_entries:	1
# map_flags:	0x0
# map_extra:	0x0
# memlock:	224
# map_id:	25
# frozen:	0
# map=flows type=9 key=36 value=32 max_entries=1024
# pos:	0
# flags:	02000002
# mnt_id:	10
# ino:	26
# map_type:	9
# key_size:	36
# value_size:	32
# max_entries:	1024
# map_flags:	0x0
# map_extra:	0x0
# memlock:	107456
# map_id:	22
# frozen:	0
# map=departures type=9 key=40 value=8 max_entries=8192
# pos:	0
# flags:	02000002
# mnt_id:	10
# ino:	26
# map_type:	9
# key_size:	40
# value_size:	8
# max_entries:	8192
# map_flags:	0x0
# map_extra:	0x0
# memlock:	656320
# map_id:	21
# frozen:	0
# map=samples type=27 key=0 value=0 max_entries=262144
# pos:	0
# flags:	02000002
# mnt_id:	10
# ino:	26
# map_type:	27
# key_size:	0
# value_size:	0
# max_entries:	262144
# map_flags:	0x0
# map_extra:	0x0
# memlock:	275148
# map_id:	23
# frozen:	0
realtime_us monotonic_us daemon_ticks rss_pages runs runtime_ns ring_full ack_bytes upload_bytes unaccounted host_user host_nice host_system host_idle host_iowait host_irq host_softirq host_steal
1791277206603264 2734185173 23 482 0 0 0 0 2816 0 304 0 1976 533871 38 0 3653 0
1791277207106209 2734688118 23 482 79 85256 0 0 10640 0 304 0 1976 533963 38 0 3655 0
1791277207607739 2735189648 24 482 159 160306 0 0 18360 0 304 0 1976 534059 38 0 3655 0
1791277208108261 2735690170 24 482 240 251659 0 0 26080 0 305 0 1976 534151 38 0 3659 0
1791277208609376 2736191284 24 482 319 339154 0 0 33800 0 305 0 1976 534246 38 0 3660 0
1791277209111036 2736692945 24 482 398 451381 0 0 41392 0 306 0 1976 534339 38 0 3663 0
1791277209616944 2737198853 24 482 477 549817 0 0 49112 0 308 0 1977 534429 38 0 3666 0
1791277210118611 2737700520 24 482 558 631213 0 0 56832 0 308 0 1978 534527 38 0 3666 0
1791277210622770 2738204679 24 482 637 732082 0 0 64424 0 308 0 1979 534621 38 0 3666 0
1791277211125871 2738707780 24 482 718 825048 0 0 72228 0 308 0 1979 534715 38 0 3668 0
1791277211626481 2739208390 24 482 800 924262 0 0 80180 0 308 0 1980 534810 38 0 3670 0
1791277212131835 2739713743 24 482 879 1025757 0 0 87772 0 310 0 1980 534903 38 0 3672 0
1791277212632332 2740214240 24 482 958 1101904 0 0 95492 0 310 0 1980 534996 38 0 3674 0
1791277213133892 2740715801 24 482 1037 1189567 0 0 103084 0 310 0 1980 535091 38 0 3675 0
1791277213636074 2741217982 25 482 1117 1272274 0 0 110804 0 310 0 1981 535186 38 0 3676 0
1791277214137375 2741719284 25 482 1196 1344271 0 0 118524 0 310 0 1982 535280 38 0 3677 0
1791277214640893 2742222801 25 482 1280 1467272 0 96 126577 0 310 0 1982 535380 38 0 3678 0
1791277215146177 2742728086 25 482 1494 1907476 0 576 246374 0 310 0 1982 535472 38 0 3682 0
1791277215648204 2743230113 25 482 1722 2343844 0 576 400774 0 310 0 1983 535566 38 0 3684 0
1791277216153158 2743735066 25 482 1959 3311656 0 576 572262 0 310 0 1983 535659 38 0 3689 0
1791277216656427 2744238335 25 482 2193 4054171 0 576 745190 0 310 0 1983 535752 38 0 3693 0
1791277217157276 2744739184 25 482 2425 4918137 0 576 905766 0 310 0 1984 535844 38 0 3697 0
1791277217659938 2745241846 25 482 2636 5682651 0 576 1033790 0 310 0 1986 535936 38 0 3703 0
1791277218166400 2745748308 25 482 2823 6124366 0 576 1152678 0 310 0 1986 536030 38 0 3706 0
1791277218672014 2746253922 25 482 3024 6839646 0 576 1284150 0 310 0 1986 536125 38 0 3708 0
1791277219174279 2746756187 26 482 3240 7799036 0 576 1429158 0 310 0 1988 536220 38 0 3710 0
1791277219675242 2747257151 26 482 3460 9371186 0 576 1581886 0 311 0 1992 536306 38 0 3716 0
1791277220176434 2747758342 26 482 3699 10659212 0 576 1756358 0 311 0 1993 536400 38 0 3720 0
1791277220677021 2748258929 26 482 3928 11651745 0 576 1921566 0 311 0 1994 536492 38 0 3725 0
1791277221178256 2748760165 26 482 4146 12533762 0 576 2063486 0 311 0 1994 536585 38 0 3727 0
1791277221681332 2749263240 26 482 4353 13390380 0 576 2199358 0 311 0 1994 536681 38 0 3729 0
1791277222186258 2749768167 27 482 4570 14868760 0 576 2348998 0 311 0 1994 536770 38 0 3739 0
1791277222687999 2750269908 27 482 4803 15532996 0 576 2514438 0 311 0 1994 536867 38 0 3741 0
1791277223190693 2750772602 27 482 5043 16184705 0 576 2696630 0 311 0 1994 536961 38 0 3743 0
1791277223692519 2751274428 27 482 5267 16613113 0 576 2855534 0 311 0 1994 537059 38 0 3743 0
1791277224194454 2751776363 27 482 5469 17002508 0 576 2975966 0 311 0 1994 537151 38 0 3747 0
1791277224696741 2752278650 27 482 5657 17729421 0 576 3087134 0 311 0 1995 537240 38 0 3753 0
1791277225198001 2752779910 27 482 5849 18864601 0 576 3210526 0 311 0 1995 537336 38 0 3754 0
1791277225703276 2753285184 28 482 6058 19981616 0 576 3347942 0 311 0 1995 537434 38 0 3756 0
1791277226207032 2753788940 28 482 6280 21232338 0 576 3497710 0 311 0 1996 537531 38 0 3756 0
1791277226708622 2754290530 28 482 6513 21954992 0 576 3662790 0 311 0 1996 537629 38 0 3759 0
1791277227210975 2754792884 28 482 6753 22523578 0 576 3832862 0 311 0 1996 537725 38 0 3761 0
1791277227711387 2755293296 28 482 6986 23401769 0 576 3994750 0 312 0 1996 537818 38 0 3762 0
1791277228213497 2755795406 28 482 7217 24201527 0 576 4153886 0 312 0 1997 537908 38 0 3766 0
1791277228716711 2756298620 28 482 7428 25086335 0 576 4288214 0 313 0 1997 538001 38 0 3769 0
1791277229220297 2756802205 28 482 7644 26468455 0 576 4433350 0 313 0 1997 538099 38 0 3769 0
1791277229726627 2757308536 29 482 7872 27357201 0 576 4595342 0 313 0 1997 538198 38 0 3770 0
1791277230228012 2757809921 29 482 7998 27713410 0 864 4625995 0 313 0 2000 538290 38 0 3771 0
1791277230730120 2758312028 29 482 8078 27804638 0 864 4633715 0 313 0 2000 538389 38 0 3772 0
1791277231231268 2758813177 29 482 8157 27896447 0 864 4641307 0 313 0 2000 538484 38 0 3773 0
1791277231735835 2759317744 29 482 8236 27989793 0 864 4649027 0 313 0 2000 538578 38 0 3776 0
1791277232236486 2759818395 29 482 8316 28104493 0 864 4656747 0 313 0 2001 538672 38 0 3778 0
1791277232736803 2760318712 29 482 8395 28376549 0 864 4664339 0 313 0 2001 538767 38 0 3779 0
1791277233237398 2760819307 29 482 9058 29729395 0 28368 4701083 0 313 0 2002 538864 38 0 3781 0
1791277233743576 2761325484 29 482 10220 34235897 0 71280 4751587 0 313 0 2003 538950 38 0 3793 0
1791277234246842 2761828750 29 482 11178 36831694 0 103332 4791359 0 313 0 2005 539042 38 0 3800 0
1791277234747770 2762329679 29 482 12156 38614368 0 135108 4831087 0 314 0 2007 539133 38 0 3805 0
1791277235250670 2762832578 29 482 13090 40398991 0 164988 4868559 0 314 0 2009 539223 38 0 3814 0
1791277235752292 2763334200 30 482 14026 42482522 0 200264 4911555 0 314 0 2009 539315 38 0 3822 0
1791277236254730 2763836638 30 482 14958 45263092 0 244804 4963687 0 314 0 2009 539408 38 0 3829 0
1791277236757508 2764339417 30 482 16089 48035543 0 299732 5026335 0 314 0 2009 539498 38 0 3837 0
1791277237257985 2764839894 30 482 17083 50224552 0 343384 5077579 0 314 0 2010 539594 38 0 3840 0
1791277237760869 2765342777 30 482 18033 52289069 0 377836 5119751 0 314 0 2010 539687 38 0 3847 0
1791277238263607 2765845515 30 482 19047 55305602 0 412264 5161899 0 314 0 2010 539781 38 0 3854 0
1791277238767242 2766349150 30 482 20034 57576287 0 445960 5203187 0 314 0 2010 539875 38 0 3859 0
1791277239268429 2766850337 30 482 21030 59855284 0 480400 5245579 0 314 0 2010 539970 38 0 3864 0
1791277239770886 2767352794 30 482 22007 61820297 0 514060 5286831 0 314 0 2011 540063 38 0 3869 0
1791277240275996 2767857905 31 482 23019 63842227 0 548524 5329015 0 314 0 2012 540154 38 0 3877 0
1791277240777853 2768359761 31 482 24107 66683205 0 590996 5379207 0 315 0 2013 540239 38 0 3889 0
1791277241280162 2768862070 31 482 25072 69761428 0 624884 5420687 0 315 0 2013 540335 38 0 3893 0
1791277241786711 2769368619 31 482 26149 72311398 0 664760 5468283 0 315 0 2015 540423 38 0 3902 0
1791277242287096 2769869004 31 482 27221 75078809 0 704876 5516223 0 315 0 2017 540514 38 0 3908 0
1791277242790876 2770372785 31 482 28262 77133560 0 741548 5560743 0 316 0 2017 540606 38 0 3916 0
1791277243292756 2770874665 31 482 29313 79618613 0 779348 5606263 0 316 0 2018 540696 38 0 3923 0
1791277243796263 2771378171 31 482 30346 82085361 0 815660 5650167 0 316 0 2019 540785 38 0 3933 0
1791277244297343 2771879252 31 482 31369 85328812 0 851180 5693407 0 316 0 2022 540876 38 0 3938 0
1791277244797518 2772379426 31 482 32373 87640649 0 885548 5735495 0 317 0 2022 540972 38 0 3941 0
1791277245298919 2772880826 32 482 33366 91939008 0 918860 5776399 0 317 0 2023 541057 38 0 3957 0
1791277245802311 2773384220 32 482 34448 94278121 0 959068 5824327 0 317 0 2024 541150 38 0 3961 0
1791277246304856 2773886765 32 482 35502 97559207 0 1002440 5875419 0 318 0 2024 541242 38 0 3966 0
1791277246806228 2774388137 32 482 36485 100383210 0 1037504 5918307 0 318 0 2025 541334 38 0 3973 0
1791277247320909 2774902817 32 482 37461 103758854 0 1071788 5959951 0 319 0 2028 541425 38 0 3978 0
1791277247826916 2775408825 33 482 38394 107225606 0 1100432 5996779 0 320 0 2032 541503 38 0 3994 0
1791277248332599 2775914508 33 482 39393 110539902 0 1133708 6037775 0 320 0 2034 541596 38 0 4000 0
1791277248837976 2776419884 33 482 40375 113527697 0 1167404 6079063 0 321 0 2035 541686 38 0 4007 0
1791277249339337 2776921245 33 482 41357 117353503 0 1197548 6116927 0 321 0 2036 541765 38 0 4027 0
1791277249845203 2777427111 34 482 42378 120032144 0 1233068 6160039 0 321 0 2037 541856 38 0 4034 0
1791277250347852 2777929760 34 482 43433 123220817 0 1271612 6206303 0 321 0 2039 541941 38 0 4047 0
1791277250849304 2778431213 34 482 44441 126701487 0 1313692 6256335 0 321 0 2041 542032 38 0 4055 0
1791277251357258 2778939166 34 482 45446 129070959 0 1351264 6301499 0 321 0 2041 542125 38 0 4060 0
1791277251857696 2779439605 34 482 46451 132811197 0 1387360 6345315 0 321 0 2042 542212 38 0 4072 0
1791277252358383 2779940292 34 482 47469 135943525 0 1424896 6390443 0 321 0 2043 542305 38 0 4079 0
1791277252861481 2780443390 34 482 48565 140525567 0 1465312 6438579 0 321 0 2044 542393 38 0 4089 0
1791277253363921 2780945829 34 482 49366 143986130 0 1483096 6473295 0 322 0 2044 542484 38 0 4098 0
1791277253866041 2781447950 36 482 49446 144116576 0 1483096 6480887 0 322 0 2044 542582 38 0 4099 0
1791277254366809 2781948718 36 482 49525 144209300 0 1483096 6488839 0 322 0 2044 542677 38 0 4100 0
1791277254869133 2782451042 36 482 49606 144294962 0 1483096 6496559 0 322 0 2045 542771 38 0 4101 0
1791277255376764 2782958672 36 482 49685 144381897 0 1483096 6504151 0 322 0 2045 542868 38 0 4103 0
1791277255878564 2783460473 36 482 49765 144474081 0 1483096 6511871 0 322 0 2045 542963 38 0 4105 0
1791277256379875 2783961784 36 482 49909 144703094 0 1484344 6536921 0 322 0 2046 543057 38 0 4106 0
1791277256881453 2784463361 36 482 50966 146649724 0 1520968 6658465 0 322 0 2046 543153 38 0 4109 0
1791277257382692 2784964600 36 482 52035 149552964 0 1554496 6763017 0 322 0 2046 543245 38 0 4116 0
1791277257887250 2785469159 36 482 53034 152710770 0 1583320 6868913 0 322 0 2048 543337 38 0 4122 0
1791277258387844 2785969753 36 482 54098 155457853 0 1619888 6995033 0 322 0 2048 543429 38 0 4127 0
1791277258888136 2786470045 37 482 55310 157762705 0 1672368 7138713 0 322 0 2048 543522 38 0 4133 0
1791277259388605 2786970514 37 482 56399 159557135 0 1709720 7290089 0 323 0 2048 543615 38 0 4140 0
1791277259898294 2787480203 37 482 57536 161785526 0 1745024 7466257 0 323 0 2049 543707 38 0 4147 0
1791277260398621 2787980530 37 482 58359 163272129 0 1769660 7635901 0 323 0 2049 543802 38 0 4152 0
1791277260899864 2788481773 37 482 59081 165364070 0 1789544 7783937 0 323 0 2049 543893 38 0 4156 0
1791277261405129 2788987037 37 482 60075 166795234 0 1817084 7911837 0 325 0 2049 543986 38 0 4160 0
1791277261907087 2789488996 37 482 61100 169582904 0 1847432 8025433 0 325 0 2050 544075 38 0 4168 0
1791277262407701 2789989609 38 482 62143 172666663 0 1877048 8163001 0 325 0 2050 544167 38 0 4175 0
1791277262908853 2790490762 38 482 63248 175132677 0 1909400 8323737 0 325 0 2053 544260 38 0 4181 0
1791277263412409 2790994318 38 482 64339 177921058 0 1942040 8501513 0 325 0 2053 544350 38 0 4189 0
1791277263916675 2791498584 38 482 65305 179838393 0 1973708 8670469 0 325 0 2054 544441 38 0 4196 0
1791277264417097 2791999006 38 482 66289 182568325 0 2003468 8797501 0 325 0 2054 544528 38 0 4205 0
1791277264918746 2792500655 38 482 67370 185015043 0 2038076 8903005 0 325 0 2056 544621 38 0 4210 0
1791277265421193 2793003102 38 482 68432 187296506 0 2076928 9017513 0 325 0 2057 544713 38 0 4214 0
1791277265923220 2793505129 38 482 69438 188955065 0 2108296 9144609 0 325 0 2058 544807 38 0 4218 0
1791277266430688 2794012596 38 482 70496 191474562 0 2140708 9286517 0 325 0 2060 544902 38 0 4222 0
1791277266931892 2794513801 38 482 71592 194126783 0 2173540 9438469 0 325 0 2060 544995 38 0 4228 0
1791277267436859 2795018768 38 482 72713 197046186 0 2209444 9590045 0 326 0 2060 545083 38 0 4237 0
1791277267937683 2795519591 39 482 73836 199914315 0 2245732 9743677 0 326 0 2061 545172 38 0 4246 0
1791277268437941 2796019850 39 482 74999 202841814 0 2284344 9918033 0 326 0 2061 545263 38 0 4254 0
1791277268938596 2796520504 39 482 75850 204425671 0 2314264 10091545 0 326 0 2061 545356 38 0 4261 0
1791277269441348 2797023257 39 482 76646 206881053 0 2338756 10225661 0 326 0 2061 545447 38 0 4267 0
1791277269942209 2797524118 39 482 77721 209660361 0 2374576 10343313 0 326 0 2061 545537 38 0 4276 0
1791277270447937 2798029846 39 482 78791 212403664 0 2408128 10467833 0 326 0 2061 545626 38 0 4285 0
1791277270949076 2798530984 39 482 79895 214895469 0 2442880 10609353 0 326 0 2063 545721 38 0 4290 0
1791277271452201 2799034110 39 482 81019 217381137 0 2478688 10756201 0 326 0 2065 545810 38 0 4298 0
1791277271956465 2799538374 40 482 82143 219347559 0 2514592 10917169 0 326 0 2067 545899 38 0 4306 0
1791277272457202 2800039110 40 482 83306 223287930 0 2550280 11093361 0 326 0 2067 545996 38 0 4309 0
1791277272957516 2800539425 40 482 84248 225453218 0 2584184 11253873 0 326 0 2068 546088 38 0 4314 0
1791277273458643 2801040552 40 482 85137 228049953 0 2612600 11408769 0 326 0 2069 546177 38 0 4324 0
1791277273963795 2801545703 40 482 86296 230201932 0 2651572 11549645 0 326 0 2069 546269 38 0 4331 0
1791277274464218 2802046127 40 482 87446 232699725 0 2688532 11697773 0 326 0 2072 546359 38 0 4337 0
1791277274967509 2802549418 40 482 88542 234783530 0 2722900 11849357 0 326 0 2074 546452 38 0 4343 0
1791277275467906 2803049815 40 482 89673 236785847 0 2758792 12016489 0 327 0 2076 546535 38 0 4357 0
1791277275968205 2803550113 41 482 90699 238880677 0 2791048 12193985 0 327 0 2077 546632 38 0 4358 0
1791277276469610 2804051518 41 482 91596 240617786 0 2817832 12339657 0 327 0 2077 546727 38 0 4364 0
1791277276971111 2804553019 41 482 92652 242823109 0 2849224 12457513 0 327 0 2077 546817 38 0 4373 0
1791277277475791 2805057700 41 482 93712 246694975 0 2881192 12581993 0 327 0 2078 546907 38 0 4382 0
1791277277977408 2805559316 41 482 94883 250301605 0 2921456 12705633 0 327 0 2080 546997 38 0 4389 0
1791277278477820 2806059729 41 482 96001 253098456 0 2961332 12853589 0 327 0 2080 547083 38 0 4402 0
1791277278978293 2806560201 41 482 97095 255840697 0 2996864 13020233 0 328 0 2081 547175 38 0 4407 0
1791277279478584 2807060493 41 482 97971 257886971 0 3024152 13191113 0 328 0 2082 547265 38 0 4417 0
1791277279978743 2807560652 41 482 98552 259555331 0 3038516 13352029 0 328 0 2082 547357 38 0 4420 0
1791277280483864 2808065772 42 482 99126 261495682 0 3052916 13502301 0 328 0 2083 547450 38 0 4425 0
1791277280987031 2808568939 42 482 100129 264154206 0 3084596 13635885 0 329 0 2084 547541 38 0 4431 0
1791277281487585 2809069494 42 482 101284 266596103 0 3122420 13762153 0 329 0 2085 547632 38 0 4437 0
1791277281990093 2809572002 42 482 101553 266871619 0 3123188 13780166 0 330 0 2085 547727 38 0 4441 0
1791277282495139 2810077047 42 482 101633 266968011 0 3123188 13787886 0 330 0 2085 547821 38 0 4442 0
1791277282998185 2810580093 42 482 101713 267057665 0 3123188 13795606 0 330 0 2085 547920 38 0 4443 0
1791277283502185 2811084093 42 482 101792 267146319 0 3123188 13803198 0 330 0 2085 548019 38 0 4443 0
1791277284007319 2811589228 42 482 101872 267237426 0 3123188 13810918 0 330 0 2085 548119 38 0 4443 0
1791277284508861 2812090770 42 482 101953 267472653 0 3123188 13818870 0 331 0 2085 548216 38 0 4444 0
1791277285015463 2812597371 42 482 102031 267568604 0 3123188 13826462 0 331 0 2085 548310 38 0 4445 0
1791277285517963 2813099871 42 482 102112 267662629 0 3123188 13834182 0 331 0 2085 548408 38 0 4446 0
1791277286018628 2813600536 43 482 102192 267758033 0 3123188 13841902 0 331 0 2085 548503 38 0 4447 0
1791277286520631 2814102539 43 482 102271 267844830 0 3123188 13849494 0 331 0 2086 548599 38 0 4448 0
1791277287021063 2814602971 43 482 102350 267961018 0 3123188 13857214 0 331 0 2087 548697 38 0 4448 0
1791277287526850 2815108759 44 482 102430 268061831 0 3123188 13864934 0 332 0 2087 548794 38 0 4449 0
1791277288032957 2815614866 44 482 102511 268160072 0 3123188 13872758 0 332 0 2087 548891 38 0 4449 0
1791277288533804 2816115712 44 482 102590 268258057 0 3123188 13880478 0 332 0 2087 548985 38 0 4449 0
1791277289034120 2816616029 44 482 102669 268355942 0 3123188 13888070 0 332 0 2087 549081 38 0 4451 0
1791277289506491 2817088400 44 482 102742 268450815 0 3123188 13895198 0 332 0 2087 549169 38 0 4455 0
