# hz=100 page_bytes=4096 possible_cpus=2
# program_id=96 jit_bytes=8483 xlated_bytes=4776
# pos:	0
# flags:	02000002
# mnt_id:	10
# ino:	26
# prog_type:	1
# prog_jited:	1
# prog_tag:	1a92932acb008231
# memlock:	8192
# prog_id:	96
# run_time_ns:	0
# run_cnt:	0
# recursion_misses:	0
# verified_insns:	199283
# map=counters type=6 key=4 value=32 max_entries=1
# pos:	0
# flags:	02000002
# mnt_id:	10
# ino:	26
# map_type:	6
# key_size:	4
# value_size:	32
# max_entries:	1
# map_flags:	0x0
# map_extra:	0x0
# memlock:	268
# map_id:	135
# frozen:	0
# map=accounting type=2 key=4 value=24 max_entries=1
# pos:	0
# flags:	02000002
# mnt_id:	10
# ino:	26
# map_type:	2
# key_size:	4
# value_size:	24
# max_entries:	1
# map_flags:	0x0
# map_extra:	0x0
# memlock:	224
# map_id:	136
# frozen:	0
# map=flows type=9 key=36 value=32 max_entries=1024
# pos:	0
# flags:	02000002
# mnt_id:	10
# ino:	26
# map_type:	9
# key_size:	36
# value_size:	32
# max_entries:	1024
# map_flags:	0x0
# map_extra:	0x0
# memlock:	107456
# map_id:	133
# frozen:	0
# map=departures type=9 key=40 value=8 max_entries=8192
# pos:	0
# flags:	02000002
# mnt_id:	10
# ino:	26
# map_type:	9
# key_size:	40
# value_size:	8
# max_entries:	8192
# map_flags:	0x0
# map_extra:	0x0
# memlock:	656320
# map_id:	132
# frozen:	0
# map=samples type=27 key=0 value=0 max_entries=262144
# pos:	0
# flags:	02000002
# mnt_id:	10
# ino:	26
# map_type:	27
# key_size:	0
# value_size:	0
# max_entries:	262144
# map_flags:	0x0
# map_extra:	0x0
# memlock:	275148
# map_id:	134
# frozen:	0
realtime_us monotonic_us daemon_ticks rss_pages runs runtime_ns ring_full ack_bytes upload_bytes unaccounted host_user host_nice host_system host_idle host_iowait host_irq host_softirq host_steal
1791255529501841 24185177025 24 483 0 0 0 0 2816 0 1684 0 7005 4790751 57 0 22690 0
1791255530004657 24185679840 24 483 77 131021 0 0 10408 0 1684 0 7005 4790846 57 0 22691 0
1791255530508096 24186183279 25 483 158 268107 0 0 18360 0 1685 0 7005 4790940 57 0 22693 0
1791255531009022 24186684205 25 483 239 380149 0 0 26080 0 1685 0 7005 4791038 57 0 22694 0
1791255531510094 24187185278 25 483 318 470462 0 0 33800 0 1685 0 7006 4791129 57 0 22696 0
1791255532011653 24187686837 25 483 398 1041600 0 0 41392 0 1685 0 7006 4791226 57 0 22697 0
1791255532511964 24188187148 25 483 476 1160782 0 0 49112 0 1685 0 7006 4791323 57 0 22697 0
1791255533012684 24188687868 25 483 556 1304417 0 0 56704 0 1685 0 7006 4791416 58 0 22700 0
1791255533513694 24189188878 25 483 634 1515861 0 0 64424 0 1685 0 7006 4791505 58 0 22701 0
1791255534016924 24189692107 25 483 717 1620800 0 0 72228 0 1685 0 7006 4791601 58 0 22703 0
1791255534523411 24190198595 25 483 797 1729306 0 0 80052 0 1685 0 7006 4791696 58 0 22707 0
1791255535023720 24190698904 26 483 876 1847031 0 0 87772 0 1685 0 7007 4791791 58 0 22709 0
1791255535525197 24191200380 26 483 955 1947622 0 0 95364 0 1685 0 7008 4791887 58 0 22709 0
1791255536026132 24191701316 26 483 1034 2092658 0 0 103084 0 1685 0 7008 4791978 58 0 22711 0
1791255536532912 24192208096 26 483 1115 2204253 0 0 110804 0 1686 0 7008 4792074 58 0 22712 0
1791255537035165 24192710348 26 483 1194 2800977 0 0 118396 0 1686 0 7008 4792169 58 0 22713 0
1791255537537052 24193212236 26 483 1278 3080229 0 96 126449 0 1686 0 7008 4792266 58 0 22715 0
1791255538043967 24193719151 26 483 1491 4066011 0 576 247918 0 1686 0 7008 4792363 58 0 22717 0
1791255538548118 24194223301 26 483 1717 4615045 0 576 404094 0 1686 0 7008 4792460 58 0 22720 0
1791255539050134 24194725317 26 483 1949 5928003 0 576 575118 0 1686 0 7008 4792551 58 0 22725 0
1791255539552543 24195227726 27 483 2182 6671101 0 576 745190 0 1686 0 7008 4792646 58 0 22729 0
1791255540053745 24195728928 27 483 2417 7226758 0 576 905766 0 1686 0 7008 4792741 58 0 22731 0
1791255540554359 24196229543 27 483 2635 8016915 0 576 1043054 0 1686 0 7009 4792835 58 0 22732 0
1791255541058832 24196734016 27 483 2841 8687407 0 576 1169662 0 1686 0 7011 4792931 58 0 22732 0
1791255541559381 24197234564 27 483 3054 9234658 0 576 1310038 0 1686 0 7012 4793028 58 0 22734 0
1791255542061772 24197736955 27 483 3280 9980192 0 576 1464438 0 1686 0 7012 4793122 58 0 22737 0
1791255542563716 24198238900 27 483 3516 10554612 0 576 1634278 0 1686 0 7012 4793219 58 0 22739 0
1791255543064947 24198740131 27 483 3748 11620254 0 576 1802446 0 1686 0 7012 4793318 58 0 22740 0
1791255543565563 24199240747 28 483 3979 12407485 0 576 1963254 0 1687 0 7012 4793415 58 0 22741 0
1791255544066206 24199741390 28 483 4194 13106111 0 576 2097582 0 1687 0 7012 4793506 58 0 22747 0
1791255544571591 24200246775 28 483 4394 13769412 0 576 2230238 0 1687 0 7014 4793599 58 0 22750 0
1791255545073734 24200748918 28 483 4608 15222211 0 576 2376918 0 1687 0 7015 4793691 58 0 22752 0
1791255545574893 24201250077 28 483 4839 16304874 0 576 2539038 0 1687 0 7015 4793781 58 0 22759 0
1791255546075359 24201750542 29 483 5076 17059321 0 576 2716470 0 1687 0 7015 4793878 58 0 22761 0
1791255546581229 24202256412 29 483 5308 17768944 0 576 2887854 0 1687 0 7016 4793974 58 0 22763 0
1791255547083851 24202759034 29 483 5521 18320642 0 576 3015878 0 1687 0 7016 4794069 58 0 22767 0
1791255547584445 24203259629 29 483 5708 19310118 0 576 3125502 0 1687 0 7017 4794160 58 0 22769 0
1791255548089876 24203765059 29 483 5907 19835632 0 576 3250670 0 1688 0 7018 4794254 58 0 22770 0
1791255548592651 24204267834 30 483 6110 20658884 0 576 3384998 0 1688 0 7019 4794350 58 0 22774 0
1791255549094207 24204769390 30 483 6331 21924534 0 576 3534894 0 1688 0 7019 4794447 58 0 22774 0
1791255549598556 24205273740 30 483 6566 22693283 0 576 3699974 0 1688 0 7019 4794542 58 0 22777 0
1791255550099054 24205774238 30 483 6804 23417306 0 576 3871358 0 1688 0 7020 4794636 58 0 22782 0
1791255550600201 24206275385 30 483 7036 24458978 0 576 4034894 0 1688 0 7020 4794731 58 0 22785 0
1791255551101975 24206777159 30 483 7263 25010215 0 576 4186206 0 1688 0 7020 4794824 58 0 22791 0
1791255551602632 24207277815 30 483 7501 25578700 0 576 4318990 0 1688 0 7020 4794918 58 0 22794 0
1791255552111850 24207787034 31 483 7717 27059655 0 576 4463998 0 1688 0 7021 4795012 58 0 22799 0
1791255552613206 24208288389 31 483 7945 28193743 0 576 4621718 0 1688 0 7021 4795108 58 0 22801 0
1791255553114886 24208790070 31 483 8073 28373454 0 960 4655324 0 1689 0 7021 4795205 58 0 22802 0
1791255553616330 24209291514 31 483 8152 28475167 0 960 4662916 0 1689 0 7021 4795299 58 0 22805 0
1791255554118467 24209793651 31 483 8232 28586983 0 960 4670636 0 1689 0 7022 4795392 58 0 22806 0
1791255554622352 24210297535 31 483 8311 28699370 0 960 4678356 0 1689 0 7022 4795489 58 0 22807 0
1791255555123000 24210798183 31 483 8390 28776023 0 960 4685948 0 1689 0 7022 4795583 58 0 22808 0
1791255555624492 24211299676 32 483 8471 28892741 0 960 4693900 0 1689 0 7023 4795676 58 0 22810 0
1791255556128876 24211804060 32 483 9113 30393059 0 29040 4731220 0 1689 0 7025 4795769 58 0 22815 0
1791255556633278 24212308462 32 483 10184 33654821 0 73488 4783260 0 1689 0 7026 4795858 58 0 22823 0
1791255557136648 24212811832 32 483 11309 36363667 0 118992 4836484 0 1690 0 7028 4795952 58 0 22828 0
1791255557638705 24213313889 32 483 12426 39944417 0 164976 4890060 0 1690 0 7028 4796034 58 0 22844 0
1791255558143488 24213818671 32 483 13496 42029800 0 207984 4940788 0 1690 0 7028 4796123 58 0 22854 0
1791255558643863 24214319047 32 483 14619 45363976 0 252720 4993348 0 1690 0 7030 4796214 58 0 22861 0
1791255559146258 24214821441 32 483 15841 48463659 0 305656 5054004 0 1690 0 7030 4796311 58 0 22866 0
1791255559647908 24215323092 32 483 16896 50655193 0 344680 5100748 0 1690 0 7031 4796402 58 0 22873 0
1791255560151540 24215826723 33 483 17935 52908996 0 382888 5146548 0 1690 0 7034 4796491 58 0 22880 0
1791255560653032 24216328216 33 483 19005 56048713 0 422920 5194300 0 1690 0 7034 4796581 58 0 22891 0
1791255561156269 24216831453 33 483 20020 58394468 0 459880 5238852 0 1690 0 7037 4796669 58 0 22901 0
1791255561657089 24217332273 33 483 21140 61043436 0 508076 5294768 0 1690 0 7037 4796763 58 0 22906 0
1791255562161804 24217836987 33 483 21850 63121899 0 535040 5329324 0 1690 0 7038 4796858 58 0 22910 0
1791255562662121 24218337304 33 483 22591 64766040 0 560900 5362904 0 1690 0 7042 4796950 58 0 22911 0
1791255563165086 24218840270 33 483 23430 66998127 0 588584 5398308 0 1690 0 7044 4797044 58 0 22914 0
1791255563666087 24219341271 33 483 24346 68996217 0 618488 5436036 0 1691 0 7044 4797139 58 0 22920 0
1791255564172211 24219847395 34 483 25310 72464927 0 650456 5475724 0 1691 0 7045 4797228 58 0 22930 0
1791255564674627 24220349810 34 483 26296 75045322 0 684248 5517236 0 1691 0 7046 4797317 58 0 22937 0
1791255565178065 24220853249 34 483 27356 77396446 0 722132 5562840 0 1691 0 7046 4797412 58 0 22942 0
1791255565679022 24221354206 34 483 28387 80418290 0 758312 5606612 0 1691 0 7046 4797505 58 0 22949 0
1791255566180694 24221855878 34 483 29468 83918674 0 798156 5654176 0 1691 0 7048 4797597 58 0 22953 0
1791255566681483 24222356666 34 483 30565 86438734 0 844612 5708352 0 1691 0 7049 4797690 58 0 22958 0
1791255567182770 24222857954 34 483 31599 89453519 0 882052 5753384 0 1691 0 7050 4797779 58 0 22968 0
1791255567684226 24223359410 34 483 32635 91895335 0 919612 5798664 0 1691 0 7050 4797873 58 0 22974 0
1791255568186520 24223861703 35 483 33678 94931763 0 956908 5843552 0 1691 0 7051 4797963 58 0 22984 0
1791255568688121 24224363305 35 483 34772 98012679 0 997312 5891908 0 1692 0 7052 4798052 58 0 22991 0
1791255569188978 24224864162 35 483 35808 100549799 0 1032964 5935152 0 1692 0 7054 4798141 58 0 23000 0
1791255569695825 24225371009 35 483 36877 102848423 0 1071172 5981208 0 1692 0 7054 4798234 58 0 23008 0
1791255570197641 24225872825 35 483 37904 105671023 0 1106788 6024544 0 1692 0 7056 4798329 58 0 23012 0
1791255570698935 24226374118 35 483 39059 108705446 0 1155712 6081060 0 1692 0 7056 4798413 58 0 23027 0
1791255571199340 24226874524 35 483 40104 111236981 0 1197952 6131020 0 1692 0 7057 4798508 58 0 23030 0
1791255571699827 24227375011 36 483 41076 114551023 0 1231816 6172476 0 1692 0 7059 4798600 58 0 23035 0
1791255572203931 24227879115 36 483 42115 117620329 0 1268260 6216872 0 1692 0 7059 4798696 58 0 23039 0
1791255572705877 24228381061 36 483 43167 119949359 0 1305640 6261972 0 1692 0 7061 4798780 58 0 23052 0
1791255573207205 24228882389 36 483 44178 122562870 0 1341544 6305236 0 1692 0 7062 4798868 58 0 23061 0
1791255573711862 24229387045 36 483 45237 124872799 0 1378984 6350628 0 1692 0 7062 4798962 58 0 23068 0
1791255574213145 24229888329 36 483 46225 127348257 0 1413544 6392908 0 1693 0 7062 4799053 58 0 23076 0
1791255574713748 24230388932 36 483 47322 129875660 0 1460260 6447216 0 1693 0 7062 4799144 58 0 23083 0
1791255575215497 24230890681 36 483 48257 132288570 0 1497488 6492164 0 1693 0 7066 4799238 58 0 23087 0
1791255575715914 24231391097 37 483 49214 135154740 0 1531676 6533944 0 1694 0 7066 4799328 58 0 23096 0
1791255576216465 24231891648 37 483 49805 136102773 0 1546976 6562577 0 1695 0 7067 4799420 58 0 23100 0
1791255576717524 24232392707 37 483 49884 136410906 0 1546976 6570297 0 1695 0 7067 4799514 58 0 23103 0
1791255577218201 24232893385 37 483 49963 136503513 0 1546976 6577889 0 1695 0 7067 4799606 58 0 23104 0
1791255577719411 24233394594 37 483 50043 136583695 0 1546976 6585609 0 1695 0 7067 4799702 58 0 23104 0
1791255578222767 24233897951 37 483 50122 136678821 0 1546976 6593329 0 1695 0 7067 4799798 58 0 23106 0
1791255578723572 24234398756 37 483 50202 136754377 0 1546976 6601153 0 1695 0 7067 4799895 58 0 23107 0
1791255579228155 24234903339 37 483 50449 137181476 0 1551776 6648411 0 1696 0 7067 4799990 58 0 23110 0
1791255579729328 24235404512 38 483 51563 139945635 0 1594400 6795795 0 1696 0 7068 4800073 58 0 23124 0
1791255580234828 24235910012 38 483 52759 142654689 0 1635968 6959443 0 1696 0 7070 4800161 58 0 23134 0
1791255580738467 24236413651 38 483 53900 145089548 0 1675424 7136315 0 1696 0 7071 4800252 58 0 23142 0
1791255581241825 24236917008 38 483 54798 147669177 0 1706708 7298839 0 1696 0 7072 4800344 58 0 23149 0
1791255581744089 24237419272 38 483 55644 150897196 0 1734848 7445867 0 1696 0 7073 4800433 58 0 23159 0
1791255582247660 24237922843 38 483 56713 153896010 0 1768832 7556923 0 1697 0 7073 4800523 58 0 23168 0
1791255582749553 24238424737 38 483 57804 157826391 0 1805216 7661243 0 1697 0 7073 4800616 58 0 23176 0
1791255583250536 24238925720 38 483 58877 159995554 0 1843040 7762475 0 1697 0 7074 4800704 58 0 23187 0
1791255583756738 24239431921 38 483 60056 162208218 0 1889032 7890299 0 1697 0 7074 4800795 58 0 23196 0
1791255584258422 24239933605 38 483 61056 166214797 0 1919860 8032167 0 1698 0 7076 4800883 58 0 23205 0
1791255584763601 24240438785 39 483 62213 168342332 0 1957012 8189751 0 1699 0 7076 4800975 58 0 23212 0
1791255585264974 24240940157 40 483 63313 171573442 0 1991092 8328695 0 1699 0 7078 4801058 58 0 23227 0
1791255585765975 24241441159 40 483 64505 175355443 0 2030644 8497943 0 1699 0 7081 4801148 58 0 23236 0
1791255586266241 24241941425 40 483 65603 178813230 0 2064124 8670487 0 1699 0 7083 4801235 58 0 23247 0
1791255586774386 24242449570 40 483 66529 180702871 0 2092936 8824363 0 1699 0 7088 4801317 58 0 23259 0
1791255587275166 24242950350 40 483 67646 183308359 0 2127400 8940659 0 1699 0 7088 4801412 58 0 23264 0
1791255587777892 24243453075 40 483 68748 186594109 0 2163292 9044359 0 1700 0 7088 4801507 58 0 23269 0
1791255588282827 24243958010 41 483 69895 189108520 0 2206268 9167623 0 1700 0 7089 4801604 58 0 23271 0
1791255588784662 24244459846 41 483 70783 191972503 0 2234516 9303951 0 1700 0 7089 4801693 58 0 23280 0
1791255589287175 24244962357 41 483 71658 194583528 0 2259236 9453607 0 1700 0 7092 4801785 58 0 23286 0
1791255589787702 24245462886 41 483 72566 196615417 0 2283368 9616931 0 1700 0 7093 4801878 58 0 23292 0
1791255590288428 24245963612 41 483 73504 199259625 0 2309852 9791639 0 1700 0 7093 4801968 58 0 23298 0
1791255590789764 24246464948 41 483 74243 201421767 0 2330204 9952367 0 1700 0 7093 4802064 58 0 23302 0
1791255591291402 24246966586 41 483 75134 203810653 0 2357468 10093887 0 1700 0 7093 4802157 58 0 23308 0
1791255591794742 24247469925 41 483 76219 206178779 0 2391356 10225047 0 1700 0 7095 4802248 58 0 23316 0
1791255592297029 24247972213 42 483 77358 209420177 0 2428124 10366679 0 1700 0 7097 4802339 58 0 23325 0
1791255592801990 24248477174 42 483 78499 212755154 0 2464700 10513007 0 1700 0 7097 4802431 58 0 23333 0
1791255593302355 24248977538 42 483 79609 215599103 0 2500892 10675679 0 1703 0 7098 4802521 58 0 23339 0
1791255593804378 24249479562 42 483 80769 218038577 0 2545580 10843887 0 1703 0 7098 4802613 58 0 23346 0
1791255594304700 24249979884 43 483 81577 219670944 0 2570192 11007331 0 1704 0 7100 4802704 58 0 23349 0
1791255594810660 24250485844 43 483 82288 222119850 0 2590712 11169899 0 1704 0 7101 4802795 58 0 23355 0
1791255595312390 24250987574 43 483 82984 224772353 0 2610380 11314863 0 1704 0 7102 4802888 58 0 23360 0
1791255595813800 24251488984 43 483 84033 227694461 0 2641820 11443447 0 1704 0 7102 4802979 58 0 23369 0
1791255596314611 24251989794 43 483 85121 230664108 0 2676824 11571091 0 1704 0 7103 4803069 58 0 23377 0
1791255596820331 24252495514 44 483 86278 234820313 0 2713688 11725299 0 1705 0 7104 4803155 58 0 23388 0
1791255597324185 24252999368 44 483 87445 237736558 0 2751896 11886899 0 1705 0 7104 4803248 58 0 23396 0
1791255597825003 24253500187 44 483 88647 240775206 0 2790728 12063147 0 1705 0 7105 4803334 58 0 23409 0
1791255598330174 24254005358 44 483 89592 243396549 0 2819912 12229979 0 1705 0 7106 4803423 58 0 23420 0
1791255598833690 24254508873 44 483 90561 245389860 0 2849612 12361455 0 1705 0 7108 4803512 58 0 23429 0
1791255599334634 24255009817 44 483 91621 249178073 0 2882732 12468687 0 1705 0 7108 4803598 58 0 23443 0
1791255599840860 24255516044 45 483 92696 251595144 0 2917004 12587751 0 1706 0 7109 4803685 58 0 23453 0
1791255600341922 24256017105 45 483 93913 253905580 0 2963700 12725543 0 1706 0 7110 4803775 58 0 23461 0
1791255600842671 24256517854 45 483 94885 255533061 0 2996232 12875291 0 1706 0 7110 4803866 58 0 23468 0
1791255601345159 24257020343 45 483 96020 258225892 0 3033324 13045167 0 1706 0 7111 4803947 58 0 23486 0
1791255601845733 24257520916 45 483 96907 260530339 0 3061092 13209039 0 1707 0 7111 4804037 58 0 23494 0
1791255602347091 24258022275 45 483 97660 261809750 0 3082500 13373911 0 1707 0 7111 4804135 58 0 23496 0
1791255602851080 24258526264 45 483 98391 263465935 0 3102732 13520751 0 1707 0 7111 4804230 58 0 23499 0
1791255603353075 24259028259 46 483 99437 266560779 0 3134220 13641791 0 1707 0 7112 4804320 58 0 23508 0
1791255603856276 24259531459 46 483 100537 269483902 0 3169740 13769823 0 1707 0 7114 4804407 58 0 23517 0
1791255604357476 24260032659 46 483 101665 272071668 0 3198636 13882873 0 1707 0 7115 4804496 58 0 23527 0
1791255604863835 24260539018 46 483 101768 272367337 0 3198732 13891905 0 1707 0 7115 4804595 58 0 23527 0
1791255605364840 24261040024 46 483 101848 272458779 0 3198732 13899857 0 1707 0 7115 4804688 58 0 23528 0
1791255605865359 24261540543 46 483 101927 272562043 0 3198732 13907449 0 1708 0 7115 4804784 58 0 23530 0
1791255606365778 24262040961 47 483 102007 272668682 0 3198732 13915169 0 1708 0 7115 4804879 58 0 23530 0
1791255606868737 24262543921 47 483 102085 272774337 0 3198732 13922761 0 1709 0 7116 4804972 58 0 23531 0
1791255607373294 24263048477 47 483 102166 272870050 0 3198732 13930481 0 1709 0 7116 4805067 58 0 23535 0
1791255607878039 24263553222 47 483 102245 272960191 0 3198732 13938201 0 1709 0 7116 4805163 58 0 23535 0
1791255608381692 24264056876 47 483 102324 273055735 0 3198732 13945793 0 1710 0 7116 4805253 58 0 23539 0
1791255608883792 24264558975 47 483 102404 273151835 0 3198732 13953513 0 1711 0 7116 4805348 58 0 23541 0
1791255609386298 24265061481 47 483 102486 273365706 0 3198732 13961465 0 1711 0 7116 4805447 58 0 23542 0
1791255609887957 24265563141 47 483 102562 273463688 0 3198732 13968825 0 1712 0 7116 4805542 58 0 23542 0
1791255610389358 24266064542 47 483 102644 273787572 0 3198732 13976905 0 1713 0 7116 4805634 58 0 23545 0
1791255610890116 24266565300 48 483 102721 273898997 0 3198732 13984369 0 1713 0 7117 4805729 58 0 23546 0
1791255611391567 24267066751 48 483 102803 274475446 0 3198732 13992217 0 1713 0 7117 4805826 58 0 23547 0
1791255611894620 24267569804 48 483 102883 274589238 0 3198732 13999937 0 1713 0 7117 4805919 58 0 23549 0
1791255612338139 24268013323 48 483 102953 274683890 0 3198732 14006705 0 1713 0 7119 4806002 58 0 23552 0
