23258.72 0 0 0
23263.72 6 9336 2492
23268.73 6 9348 2504
23273.74 6 9348 2504
23278.75 6 9348 2504
23283.75 6 9348 2504
23288.76 6 9352 2508
23293.77 6 9352 2508
23298.78 6 9356 2512
23303.79 6 9356 2512
23308.80 6 9356 2512
23313.81 6 9360 2516
23318.82 6 9360 2516
23323.83 6 9380 2536
23328.84 6 9376 2532
23333.86 6 9380 2536
23338.87 6 9372 2528
23343.88 6 9384 2540
23348.90 6 9384 2540
23353.91 6 9380 2536
23358.92 6 9388 2544
23363.94 6 9392 2548
23368.95 6 9384 2540
23374.00 6 9376 2532
23379.02 6 9396 2552
23384.03 6 9388 2544
23389.03 6 9396 2552
23394.04 6 9392 2548
23399.05 6 9400 2556
23404.07 6 9404 2560
23409.15 6 9400 2556
23414.19 6 9408 2564
23419.21 6 9404 2560
23424.32 6 9404 2560
23429.33 6 9404 2560
23434.33 6 9412 2568
23439.38 6 9408 2564
23444.42 6 9416 2572
23449.45 6 9416 2572
23454.46 6 9416 2572
23459.47 6 9420 2576
23464.48 6 9416 2572
23469.49 6 9424 2580
23474.50 6 9424 2580
23479.51 6 9428 2584
23484.51 6 9428 2584
23489.52 6 9424 2580
23494.53 6 9432 2588
23499.54 6 9428 2584
23504.55 6 9432 2588
23509.56 5 8620 2448
23514.57 5 8620 2448
23519.58 5 8620 2448
23524.58 5 8620 2448
23529.59 5 8620 2448
23534.60 5 8620 2448
23539.61 5 8620 2448
23544.62 5 8620 2448
23549.62 2 3936 1220
