# hz=100 page_bytes=4096 possible_cpus=2
# program_id=120 jit_bytes=8483 xlated_bytes=4776
# pos:	0
# flags:	02000002
# mnt_id:	10
# ino:	26
# prog_type:	1
# prog_jited:	1
# prog_tag:	1a92932acb008231
# memlock:	8192
# prog_id:	120
# run_time_ns:	0
# run_cnt:	0
# recursion_misses:	0
# verified_insns:	199283
# map=counters type=6 key=4 value=32 max_entries=1
# pos:	0
# flags:	02000002
# mnt_id:	10
# ino:	26
# map_type:	6
# key_size:	4
# value_size:	32
# max_entries:	1
# map_flags:	0x0
# map_extra:	0x0
# memlock:	268
# map_id:	149
# frozen:	0
# map=accounting type=2 key=4 value=24 max_entries=1
# pos:	0
# flags:	02000002
# mnt_id:	10
# ino:	26
# map_type:	2
# key_size:	4
# value_size:	24
# max_entries:	1
# map_flags:	0x0
# map_extra:	0x0
# memlock:	224
# map_id:	150
# frozen:	0
# map=flows type=9 key=36 value=32 max_entries=1024
# pos:	0
# flags:	02000002
# mnt_id:	10
# ino:	26
# map_type:	9
# key_size:	36
# value_size:	32
# max_entries:	1024
# map_flags:	0x0
# map_extra:	0x0
# memlock:	107456
# map_id:	147
# frozen:	0
# map=departures type=9 key=40 value=8 max_entries=8192
# pos:	0
# flags:	02000002
# mnt_id:	10
# ino:	26
# map_type:	9
# key_size:	40
# value_size:	8
# max_entries:	8192
# map_flags:	0x0
# map_extra:	0x0
# memlock:	656320
# map_id:	146
# frozen:	0
# map=samples type=27 key=0 value=0 max_entries=262144
# pos:	0
# flags:	02000002
# mnt_id:	10
# ino:	26
# map_type:	27
# key_size:	0
# value_size:	0
# max_entries:	262144
# map_flags:	0x0
# map_extra:	0x0
# memlock:	275148
# map_id:	148
# frozen:	0
realtime_us monotonic_us daemon_ticks rss_pages runs runtime_ns ring_full ack_bytes upload_bytes unaccounted host_user host_nice host_system host_idle host_iowait host_irq host_softirq host_steal
1791336930585451 62458167360 26 483 0 0 0 0 2688 0 3113 0 13013 12417865 65 0 35129 0
1791336931086326 62458668234 26 483 79 152358 0 0 10280 0 3113 0 13014 12417961 65 0 35130 0
1791336931587047 62459168955 27 483 157 275233 0 0 18000 0 3113 0 13014 12418058 65 0 35131 0
1791336932087555 62459669463 27 483 236 386020 0 0 25592 0 3113 0 13014 12418155 65 0 35133 0
1791336932591589 62460173498 27 483 317 487083 0 0 33312 0 3113 0 13014 12418254 65 0 35134 0
1791336933095118 62460677026 27 483 398 594052 0 0 41264 0 3113 0 13015 12418346 65 0 35135 0
1791336933596467 62461178376 27 483 477 695578 0 0 48856 0 3113 0 13016 12418442 65 0 35136 0
1791336934097922 62461679831 27 483 556 797969 0 0 56576 0 3113 0 13016 12418535 65 0 35139 0
1791336934601586 62462183494 27 483 635 891159 0 0 64168 0 3113 0 13016 12418633 65 0 35140 0
1791336935104405 62462686314 27 483 717 1008513 0 0 71972 0 3113 0 13018 12418726 66 0 35141 0
1791336935605763 62463187672 27 483 796 1119879 0 0 79692 0 3113 0 13018 12418823 66 0 35144 0
1791336936110725 62463692633 28 483 875 1235457 0 0 87284 0 3114 0 13018 12418919 66 0 35145 0
1791336936612969 62464194877 28 483 956 1376025 0 0 95236 0 3114 0 13019 12419011 66 0 35149 0
1791336937115245 62464697153 28 483 1034 1501629 0 0 102828 0 3114 0 13020 12419105 66 0 35151 0
1791336937615999 62465197907 28 483 1114 1603279 0 0 110548 0 3114 0 13020 12419198 66 0 35151 0
1791336938118978 62465700887 28 483 1193 1859012 0 0 118140 0 3114 0 13021 12419292 66 0 35155 0
1791336938620862 62466202771 28 483 1274 2000618 0 96 125932 0 3114 0 13023 12419388 66 0 35156 0
1791336939121171 62466703079 28 483 1486 2837588 0 576 241358 0 3114 0 13023 12419486 66 0 35157 0
1791336939621636 62467203544 28 483 1710 3791668 0 576 392542 0 3114 0 13023 12419581 66 0 35159 0
1791336940127490 62467709398 29 483 1953 4518623 0 576 562382 0 3115 0 13024 12419677 66 0 35160 0
1791336940628807 62468210716 29 483 2188 5104951 0 576 732094 0 3116 0 13024 12419771 66 0 35164 0
1791336941131484 62468713393 29 483 2420 5910663 0 576 892902 0 3117 0 13024 12419866 66 0 35164 0
1791336941635770 62469217679 29 483 2646 6728390 0 576 1045630 0 3117 0 13024 12419962 66 0 35166 0
1791336942137721 62469719630 29 483 2850 7389240 0 576 1176870 0 3117 0 13024 12420057 66 0 35167 0
1791336942641164 62470223073 29 483 3061 7925974 0 576 1318918 0 3117 0 13024 12420155 66 0 35169 0
1791336943142128 62470724036 29 483 3284 9224672 0 576 1474734 0 3117 0 13024 12420249 66 0 35174 0
1791336943642377 62471224286 29 483 3524 9953292 0 576 1646118 0 3117 0 13024 12420345 66 0 35177 0
1791336944147157 62471729065 29 483 3755 10568791 0 576 1818918 0 3117 0 13024 12420437 66 0 35182 0
1791336944649358 62472231267 30 483 3976 11294265 0 576 1962510 0 3117 0 13024 12420533 66 0 35184 0
1791336945156580 62472738488 30 483 4169 12098257 0 576 2083174 0 3117 0 13024 12420629 66 0 35187 0
1791336945658803 62473240711 30 483 4372 12826054 0 576 2217374 0 3117 0 13025 12420724 66 0 35191 0
1791336946160366 62473742274 30 483 4587 13697017 0 576 2364054 0 3118 0 13025 12420821 66 0 35192 0
1791336946666333 62474248242 30 483 4817 14802624 0 576 2527718 0 3118 0 13025 12420919 66 0 35193 0
1791336947167179 62474749087 30 483 5055 15419679 0 576 2706694 0 3118 0 13025 12421017 66 0 35193 0
1791336947668962 62475250871 30 483 5285 16093657 0 576 2873446 0 3118 0 13025 12421113 66 0 35194 0
1791336948169873 62475751781 31 483 5488 16583170 0 576 2995294 0 3118 0 13025 12421209 66 0 35195 0
1791336948676951 62476258860 31 483 5671 16967940 0 576 3103734 0 3118 0 13025 12421309 66 0 35195 0
1791336949177345 62476759254 31 483 5863 17425559 0 576 3219534 0 3118 0 13025 12421405 66 0 35198 0
1791336949678197 62477260106 31 483 6060 18029046 0 576 3349102 0 3119 0 13025 12421498 66 0 35201 0
1791336950179150 62477761059 31 483 6277 19000128 0 576 3491150 0 3119 0 13027 12421591 66 0 35203 0
1791336950686247 62478268156 31 483 6503 20062409 0 576 3650182 0 3119 0 13027 12421685 66 0 35206 0
1791336951191543 62478773451 31 483 6739 22317639 0 576 3824526 0 3120 0 13029 12421779 66 0 35208 0
1791336951695782 62479277690 32 483 6972 23522099 0 576 3994598 0 3121 0 13029 12421873 66 0 35212 0
1791336952196733 62479778642 32 483 7192 24295069 0 576 4141046 0 3121 0 13029 12421963 66 0 35218 0
1791336952701766 62480283674 32 483 7397 24814596 0 576 4273934 0 3121 0 13030 12422060 66 0 35220 0
1791336953203004 62480784912 32 483 7612 25870308 0 576 4420614 0 3121 0 13031 12422155 66 0 35221 0
1791336953705289 62481287198 32 483 7841 26910738 0 576 4582734 0 3121 0 13032 12422248 66 0 35226 0
1791336954207347 62481789256 33 483 7970 27654401 0 864 4619199 0 3121 0 13035 12422341 66 0 35229 0
1791336954707557 62482289465 33 483 8049 28000391 0 864 4626919 0 3122 0 13037 12422432 66 0 35234 0
1791336955211166 62482793075 33 483 8128 28178606 0 864 4634511 0 3123 0 13038 12422527 66 0 35236 0
1791336955717696 62483299605 33 483 8209 28354195 0 864 4642463 0 3123 0 13039 12422626 66 0 35237 0
1791336956219517 62483801425 33 483 8289 28546623 0 864 4650183 0 3123 0 13040 12422722 66 0 35238 0
1791336956724699 62484306608 34 483 8368 28714253 0 864 4657775 0 3124 0 13041 12422814 66 0 35242 0
1791336957228198 62484810107 34 483 8845 31672266 0 20052 4686203 0 3124 0 13043 12422907 66 0 35244 0
1791336957728839 62485310748 34 483 9708 34874459 0 53844 4727715 0 3124 0 13045 12422992 66 0 35257 0
1791336958229776 62485811684 35 483 10663 41500304 0 86004 4767467 0 3125 0 13049 12423071 66 0 35273 0
1791336958731531 62486313440 35 483 11756 44281765 0 129204 4818387 0 3125 0 13050 12423166 66 0 35275 0
1791336959237129 62486819038 35 483 12888 47899620 0 175668 4872675 0 3125 0 13051 12423255 66 0 35284 0
1791336959738692 62487320600 35 483 13941 50705360 0 218676 4923275 0 3125 0 13051 12423349 66 0 35289 0
1791336960241602 62487823511 35 483 15042 53302123 0 262756 4975075 0 3125 0 13052 12423444 66 0 35294 0
1791336960744679 62488326588 35 483 16130 55896628 0 310912 5030823 0 3125 0 13052 12423544 66 0 35294 0
1791336961246063 62488827971 36 483 17105 58533814 0 346768 5074399 0 3125 0 13056 12423636 66 0 35297 0
1791336961746584 62489328493 36 483 18162 61070856 0 385648 5120999 0 3125 0 13056 12423727 66 0 35305 0
1791336962247128 62489829036 36 483 19241 64145824 0 425920 5168863 0 3125 0 13057 12423821 66 0 35310 0
1791336962750031 62490331939 36 483 20307 66268256 0 465172 5215835 0 3125 0 13057 12423920 66 0 35313 0
1791336963251457 62490833366 36 483 21342 69071087 0 502300 5260787 0 3125 0 13058 12424010 66 0 35322 0
1791336963752819 62491334727 36 483 22366 71405065 0 538888 5304863 0 3125 0 13059 12424105 66 0 35326 0
1791336964256992 62491838901 36 483 23420 74293757 0 578464 5352263 0 3125 0 13059 12424202 66 0 35329 0
1791336964761274 62492343182 37 483 24500 76931392 0 617860 5399379 0 3125 0 13059 12424300 66 0 35333 0
1791336965263855 62492845763 37 483 25555 79012076 0 656040 5445151 0 3125 0 13059 12424394 66 0 35338 0
1791336965767369 62493349278 37 483 26608 81164093 0 693576 5490535 0 3125 0 13059 12424492 66 0 35341 0
1791336966269757 62493851665 37 483 27634 83880248 0 729804 5534483 0 3125 0 13060 12424587 66 0 35344 0
1791336966773333 62494355241 37 483 28712 86110773 0 770196 5582699 0 3125 0 13060 12424682 66 0 35348 0
1791336967277302 62494859211 37 483 29824 88251638 0 813472 5633695 0 3125 0 13062 12424775 66 0 35352 0
1791336967780105 62495362014 37 483 30966 92779913 0 858496 5686439 0 3125 0 13062 12424868 66 0 35359 0
1791336968283349 62495865258 37 483 31996 95356938 0 896800 5732335 0 3125 0 13062 12424963 66 0 35362 0
1791336968787150 62496369058 37 483 33054 97896985 0 934996 5778251 0 3125 0 13062 12425058 66 0 35365 0
1791336969293809 62496875718 38 483 34239 100017964 0 984376 5835223 0 3125 0 13062 12425155 66 0 35367 0
1791336969797045 62497378953 38 483 35263 102020985 0 1020808 5879607 0 3125 0 13062 12425250 66 0 35370 0
1791336970298037 62497879945 38 483 36296 105231245 0 1058344 5924735 0 3125 0 13062 12425347 66 0 35373 0
1791336970801797 62498383705 38 483 37343 108301794 0 1096348 5970459 0 3125 0 13064 12425440 66 0 35378 0
1791336971307031 62498888939 38 483 38358 111585668 0 1133764 6015595 0 3125 0 13065 12425531 66 0 35385 0
1791336971815759 62499397667 38 483 39414 113329258 0 1171300 6060723 0 3125 0 13065 12425626 66 0 35390 0
1791336972318017 62499899925 38 483 40527 115902207 0 1214060 6111435 0 3125 0 13066 12425718 66 0 35396 0
1791336972818941 62500400850 39 483 41498 118336932 0 1248580 6153675 0 3125 0 13068 12425813 66 0 35398 0
1791336973320682 62500902590 39 483 42513 121212173 0 1284832 6197519 0 3125 0 13070 12425909 66 0 35401 0
1791336973823377 62501405285 39 483 43549 124018321 0 1322140 6242547 0 3125 0 13070 12426006 66 0 35403 0
1791336974324246 62501906155 39 483 44583 126794818 0 1357900 6285899 0 3126 0 13071 12426102 66 0 35404 0
1791336974825905 62502407814 39 483 45569 130100648 0 1391128 6326847 0 3126 0 13074 12426198 66 0 35405 0
1791336975332611 62502914520 39 483 46590 135523996 0 1425928 6369239 0 3126 0 13075 12426291 66 0 35412 0
1791336975839349 62503421258 39 483 47536 138318665 0 1456120 6407151 0 3126 0 13077 12426377 66 0 35426 0
1791336976341673 62503923582 39 483 48528 140756797 0 1487332 6446187 0 3126 0 13077 12426465 66 0 35437 0
1791336976847165 62504429074 40 483 49507 145044535 0 1518052 6484499 0 3126 0 13079 12426546 66 0 35454 0
1791336977347922 62504929831 40 483 50376 148044274 0 1537924 6524955 0 3126 0 13080 12426642 66 0 35457 0
1791336977849216 62505431125 40 483 50456 148147185 0 1537924 6532675 0 3126 0 13080 12426740 66 0 35459 0
1791336978352931 62505934840 40 483 50535 148245696 0 1537924 6540395 0 3126 0 13080 12426836 66 0 35459 0
1791336978853754 62506435663 40 483 50615 148354152 0 1537924 6548219 0 3126 0 13080 12426931 66 0 35459 0
1791336979353997 62506935905 40 483 50693 148448757 0 1537924 6555707 0 3126 0 13080 12427027 66 0 35459 0
1791336979856971 62507438879 40 483 50773 148550229 0 1537924 6563531 0 3126 0 13080 12427122 66 0 35459 0
1791336980357540 62507939448 42 483 50925 149197300 0 1539172 6593341 0 3127 0 13081 12427214 66 0 35460 0
1791336980858961 62508440870 42 483 51867 152191916 0 1568716 6709221 0 3127 0 13081 12427309 66 0 35465 0
1791336981365079 62508946987 42 483 52890 155218508 0 1596292 6823261 0 3127 0 13082 12427404 66 0 35469 0
1791336981866258 62509448167 42 483 53885 158074496 0 1623476 6936909 0 3127 0 13082 12427497 66 0 35474 0
1791336982373991 62509955900 42 483 54980 161564455 0 1658652 7075533 0 3128 0 13082 12427590 66 0 35481 0
1791336982878599 62510460508 42 483 56221 165957846 0 1704968 7223857 0 3128 0 13084 12427680 66 0 35489 0
1791336983379579 62510961487 42 483 57412 170863882 0 1745428 7386293 0 3130 0 13086 12427765 66 0 35500 0
1791336983888204 62511470112 43 483 58494 175701155 0 1781000 7566873 0 3131 0 13088 12427853 66 0 35508 0
1791336984395270 62511977178 43 483 59303 180473548 0 1805576 7722921 0 3131 0 13090 12427940 66 0 35519 0
1791336984900069 62512481977 44 483 60318 184734172 0 1835876 7848949 0 3131 0 13091 12428028 66 0 35533 0
1791336985406334 62512988242 44 483 61419 188920394 0 1871780 7961925 0 3131 0 13092 12428113 66 0 35547 0
1791336985907818 62513489726 44 483 62369 193154672 0 1900772 8072749 0 3131 0 13093 12428195 66 0 35561 0
1791336986413609 62513995517 45 483 63504 196858382 0 1947100 8216221 0 3131 0 13095 12428288 66 0 35568 0
1791336986915048 62514496957 45 483 64471 200853727 0 1977808 8373769 0 3132 0 13096 12428380 66 0 35573 0
1791336987416067 62514997976 45 483 65495 204525454 0 2008276 8543069 0 3132 0 13098 12428466 66 0 35584 0
1791336987921471 62515503379 45 483 66315 207978947 0 2031952 8708793 0 3133 0 13101 12428552 66 0 35595 0
1791336988426711 62516008620 46 483 67032 211033593 0 2050480 8872329 0 3133 0 13104 12428640 66 0 35604 0
1791336988929053 62516510962 46 483 67899 213732246 0 2075440 9011545 0 3133 0 13105 12428738 66 0 35605 0
1791336989431177 62517013085 46 483 68930 216003341 0 2106256 9133329 0 3133 0 13107 12428831 66 0 35609 0
1791336989938461 62517520370 46 483 70041 218315517 0 2141488 9264521 0 3133 0 13109 12428926 66 0 35613 0
1791336990438920 62518020829 46 483 71242 221158957 0 2185524 9407245 0 3134 0 13109 12429019 66 0 35618 0
1791336990939859 62518521767 46 483 72336 224018940 0 2222404 9570733 0 3135 0 13110 12429111 66 0 35624 0
1791336991442200 62519024108 47 483 73492 227123025 0 2259964 9742493 0 3135 0 13111 12429206 66 0 35629 0
1791336991945976 62519527885 47 483 74480 230052888 0 2291692 9903917 0 3135 0 13112 12429298 66 0 35635 0
1791336992449182 62520031091 47 483 75323 232237754 0 2317192 10066833 0 3135 0 13113 12429394 66 0 35640 0
1791336992954478 62520536387 47 483 76195 235682233 0 2342248 10204473 0 3135 0 13115 12429485 66 0 35645 0
1791336993459000 62521040909 48 483 77277 239639247 0 2373388 10334661 0 3136 0 13119 12429570 66 0 35655 0
1791336993963261 62521545169 48 483 78400 242756012 0 2407756 10480069 0 3136 0 13121 12429663 66 0 35660 0
1791336994465106 62522047015 49 483 79491 245700016 0 2441428 10623365 0 3136 0 13124 12429749 66 0 35669 0
1791336994970095 62522552004 49 483 80711 248948096 0 2488180 10801485 0 3136 0 13124 12429846 66 0 35673 0
1791336995471705 62523053613 49 483 81422 251290297 0 2509288 10966289 0 3136 0 13124 12429941 66 0 35678 0
1791336995974020 62523555928 49 483 82086 255861070 0 2529364 11123781 0 3136 0 13125 12430037 66 0 35680 0
1791336996476935 62524058843 49 483 82731 257036064 0 2546992 11269433 0 3136 0 13126 12430130 66 0 35685 0
1791336996977947 62524559856 49 483 83772 258455229 0 2579008 11409529 0 3136 0 13127 12430223 66 0 35690 0
1791336997479070 62525060979 49 483 84906 261141797 0 2615512 11567881 0 3136 0 13127 12430316 66 0 35696 0
1791336997980125 62525562034 50 483 86023 263331288 0 2649580 11734733 0 3136 0 13127 12430409 66 0 35701 0
1791336998482418 62526064327 50 483 87128 266868901 0 2684908 11905933 0 3136 0 13128 12430499 66 0 35709 0
1791336998983068 62526564976 50 483 88070 268918904 0 2712172 12064309 0 3136 0 13130 12430591 66 0 35714 0
1791336999483277 62527065185 50 483 89138 271655866 0 2745520 12194801 0 3136 0 13131 12430686 66 0 35718 0
1791336999986285 62527568194 50 483 90197 274292623 0 2777008 12314297 0 3136 0 13131 12430777 66 0 35726 0
1791337000487436 62528069345 50 483 91272 277854460 0 2812836 12427325 0 3136 0 13132 12430865 66 0 35736 0
1791337000988931 62528570839 51 483 92360 281654586 0 2856432 12569737 0 3136 0 13132 12430961 66 0 35740 0
1791337001490566 62529072475 51 483 93351 283695273 0 2889288 12727529 0 3136 0 13132 12431055 66 0 35745 0
1791337001993666 62529575574 51 483 94459 286089858 0 2925348 12901237 0 3136 0 13134 12431152 66 0 35746 0
1791337002495409 62530077317 51 483 95235 288070594 0 2948628 13064789 0 3136 0 13134 12431246 66 0 35750 0
1791337002996869 62530578778 51 483 95914 290559690 0 2967360 13224257 0 3136 0 13134 12431337 66 0 35759 0
1791337003497254 62531079163 51 483 96854 293763450 0 2994972 13355189 0 3136 0 13135 12431432 66 0 35763 0
1791337003997493 62531579402 52 483 97936 295853897 0 3028668 13486157 0 3136 0 13135 12431525 66 0 35767 0
1791337004499357 62532081266 52 483 99037 298174131 0 3063324 13633397 0 3136 0 13136 12431619 66 0 35774 0
1791337004999929 62532581838 52 483 100168 301502878 0 3098460 13799773 0 3136 0 13137 12431706 66 0 35785 0
1791337005500203 62533082112 52 483 101271 303901591 0 3136284 13949177 0 3136 0 13139 12431794 66 0 35793 0
1791337006001262 62533583171 52 483 101571 304481351 0 3137532 13967315 0 3137 0 13139 12431888 66 0 35796 0
1791337006506411 62534088319 52 483 101650 304578044 0 3137532 13974907 0 3137 0 13139 12431982 66 0 35800 0
1791337007010731 62534592639 53 483 101729 304698741 0 3137532 13982627 0 3138 0 13139 12432076 66 0 35803 0
1791337007513624 62535095533 53 483 101811 304822328 0 3137532 13990579 0 3139 0 13139 12432174 66 0 35803 0
1791337008014923 62535596831 53 483 101889 304913114 0 3137532 13998171 0 3139 0 13139 12432272 66 0 35805 0
1791337008516433 62536098342 53 483 101969 305018359 0 3137532 14005891 0 3139 0 13139 12432369 66 0 35807 0
1791337009018601 62536600509 53 483 102048 305119035 0 3137532 14013483 0 3139 0 13141 12432464 66 0 35809 0
1791337009521320 62537103228 53 483 102127 305217855 0 3137532 14021203 0 3140 0 13144 12432556 66 0 35809 0
1791337010025920 62537607829 54 483 102206 305341576 0 3137532 14028795 0 3140 0 13145 12432655 66 0 35809 0
1791337010526471 62538108379 54 483 102285 305709796 0 3137532 14036515 0 3141 0 13145 12432751 66 0 35809 0
1791337011029080 62538610988 54 483 102364 305877343 0 3137532 14044107 0 3141 0 13145 12432852 66 0 35809 0
1791337011529324 62539111232 54 483 102444 305982868 0 3137532 14051827 0 3142 0 13146 12432947 66 0 35811 0
1791337012030579 62539612488 54 483 102525 306128140 0 3137532 14059779 0 3142 0 13146 12433039 66 0 35812 0
1791337012531267 62540113176 55 483 102604 306243422 0 3137532 14067499 0 3142 0 13146 12433134 66 0 35815 0
1791337013032729 62540614637 55 483 102684 306401058 0 3137532 14075091 0 3142 0 13146 12433228 66 0 35819 0
1791337013536731 62541118639 55 483 102762 306565198 0 3137532 14082811 0 3142 0 13147 12433324 66 0 35820 0
1791337013560259 62541142168 55 483 102766 306570897 0 3137532 14083043 0 3142 0 13149 12433328 66 0 35820 0
