# hz=100 page_bytes=4096 possible_cpus=2
# program_id=44 jit_bytes=13455 xlated_bytes=7456
# pos:	0
# flags:	02000002
# mnt_id:	10
# ino:	26
# prog_type:	1
# prog_jited:	1
# prog_tag:	5aa2dd3f4c6b3039
# memlock:	8192
# prog_id:	44
# run_time_ns:	0
# run_cnt:	0
# recursion_misses:	0
# verified_insns:	298512
# map=counters type=6 key=4 value=32 max_entries=1
# pos:	0
# flags:	02000002
# mnt_id:	10
# ino:	26
# map_type:	6
# key_size:	4
# value_size:	32
# max_entries:	1
# map_flags:	0x0
# map_extra:	0x0
# memlock:	268
# map_id:	70
# frozen:	0
# map=accounting type=2 key=4 value=24 max_entries=1
# pos:	0
# flags:	02000002
# mnt_id:	10
# ino:	26
# map_type:	2
# key_size:	4
# value_size:	24
# max_entries:	1
# map_flags:	0x0
# map_extra:	0x0
# memlock:	224
# map_id:	71
# frozen:	0
# map=stream_epoch_v1 type=1 key=4 value=4 max_entries=1
# pos:	0
# flags:	02000002
# mnt_id:	10
# ino:	26
# map_type:	1
# key_size:	4
# value_size:	4
# max_entries:	1
# map_flags:	0x0
# map_extra:	0x0
# memlock:	1096
# map_id:	64
# frozen:	0
# map=stream_fault type=6 key=4 value=4 max_entries=1
# pos:	0
# flags:	02000002
# mnt_id:	10
# ino:	26
# map_type:	6
# key_size:	4
# value_size:	4
# max_entries:	1
# map_flags:	0x0
# map_extra:	0x0
# memlock:	220
# map_id:	66
# frozen:	0
# map=stream_losses type=1 key=4 value=4 max_entries=64
# pos:	0
# flags:	02000002
# mnt_id:	10
# ino:	26
# map_type:	1
# key_size:	4
# value_size:	4
# max_entries:	64
# map_flags:	0x0
# map_extra:	0x0
# memlock:	4120
# map_id:	65
# frozen:	0
# map=samples type=27 key=0 value=0 max_entries=262144
# pos:	0
# flags:	02000002
# mnt_id:	10
# ino:	26
# map_type:	27
# key_size:	0
# value_size:	0
# max_entries:	262144
# map_flags:	0x0
# map_extra:	0x0
# memlock:	275148
# map_id:	69
# frozen:	0
# map=flows type=9 key=36 value=32 max_entries=1024
# pos:	0
# flags:	02000002
# mnt_id:	10
# ino:	26
# map_type:	9
# key_size:	36
# value_size:	32
# max_entries:	1024
# map_flags:	0x0
# map_extra:	0x0
# memlock:	107456
# map_id:	68
# frozen:	0
# map=departures type=9 key=40 value=4 max_entries=8192
# pos:	0
# flags:	02000002
# mnt_id:	10
# ino:	26
# map_type:	9
# key_size:	40
# value_size:	4
# max_entries:	8192
# map_flags:	0x0
# map_extra:	0x0
# memlock:	656320
# map_id:	67
# frozen:	0
realtime_us monotonic_us daemon_ticks rss_pages runs runtime_ns ring_full ack_bytes upload_bytes unaccounted host_user host_nice host_system host_idle host_iowait host_irq host_softirq host_steal
1791251238203223 19893878407 33 624 0 0 0 0 2432 0 822 0 3740 3956125 47 0 9538 0
1791251238704947 19894380131 33 624 78 116954 0 0 10024 0 822 0 3740 3956220 47 0 9539 0
1791251239206479 19894881662 33 624 159 349502 0 0 17976 0 822 0 3740 3956317 47 0 9540 0
1791251239708065 19895383248 33 624 238 472879 0 0 25696 0 822 0 3740 3956414 47 0 9540 0
1791251240211428 19895886612 34 624 319 594459 0 0 33288 0 822 0 3740 3956512 47 0 9541 0
1791251240713599 19896388782 34 624 399 903548 0 0 41008 0 822 0 3740 3956609 47 0 9541 0
1791251241217309 19896892492 34 624 478 1036714 0 0 48728 0 822 0 3740 3956705 47 0 9541 0
1791251241722639 19897397823 34 624 558 1155807 0 0 56448 0 822 0 3740 3956804 47 0 9541 0
1791251242223472 19897898655 34 624 637 1272337 0 0 64040 0 822 0 3740 3956898 47 0 9544 0
1791251242724202 19898399385 34 624 717 1412141 0 0 71716 0 822 0 3740 3956993 47 0 9546 0
1791251243229406 19898904589 34 624 799 1675036 0 0 79668 0 822 0 3740 3957090 47 0 9547 0
1791251243732215 19899407399 35 624 878 2001205 0 0 87388 0 822 0 3740 3957185 47 0 9549 0
1791251244232561 19899907744 35 624 957 2659906 0 0 94980 0 822 0 3740 3957278 47 0 9551 0
1791251244733465 19900408648 35 624 1036 3169036 0 0 102700 0 822 0 3741 3957369 47 0 9556 0
1791251245237584 19900912768 35 624 1116 3425782 0 0 110420 0 822 0 3742 3957461 47 0 9558 0
1791251245738220 19901413403 35 624 1195 3659444 0 0 118012 0 822 0 3742 3957556 47 0 9561 0
1791251246241746 19901916929 36 624 1278 4083434 0 96 126065 0 822 0 3742 3957654 47 0 9562 0
1791251246742684 19902417867 36 624 1487 5295615 0 576 242774 0 822 0 3743 3957745 47 0 9569 0
1791251247244889 19902920073 36 624 1709 7584405 0 576 398718 0 822 0 3743 3957839 47 0 9575 0
1791251247748988 19903424171 36 624 1948 9307844 0 576 570102 0 822 0 3744 3957935 47 0 9579 0
1791251248249642 19903924826 36 624 2189 11037606 0 576 755254 0 822 0 3745 3958024 47 0 9587 0
1791251248752884 19904428068 37 624 2429 11874344 0 576 929958 0 822 0 3745 3958125 47 0 9587 0
1791251249253460 19904928644 37 624 2647 12472200 0 576 1048846 0 822 0 3746 3958219 47 0 9590 0
1791251249758691 19905433875 37 624 2823 12875569 0 576 1129006 0 822 0 3747 3958314 47 0 9591 0
1791251250262622 19905937806 37 624 2991 13857035 0 576 1215470 0 822 0 3747 3958409 47 0 9593 0
1791251250764337 19906439520 37 624 3163 14482870 0 576 1311198 0 822 0 3748 3958502 47 0 9595 0
1791251251265508 19906940691 37 624 3335 15011732 0 576 1416062 0 822 0 3748 3958600 47 0 9596 0
1791251251773982 19907449166 37 624 3526 15732595 0 576 1532094 0 822 0 3749 3958696 47 0 9597 0
1791251252279492 19907954675 38 624 3725 16389535 0 576 1661790 0 822 0 3749 3958790 47 0 9598 0
1791251252781768 19908456952 38 624 3933 16808130 0 576 1802166 0 822 0 3749 3958886 47 0 9599 0
1791251253283900 19908959084 38 624 4155 17665160 0 576 1958110 0 822 0 3749 3958981 47 0 9602 0
1791251253790376 19909465560 38 624 4400 18411063 0 576 2130910 0 822 0 3749 3959076 47 0 9607 0
1791251254294297 19909969481 38 624 4638 19410277 0 576 2294806 0 822 0 3750 3959171 47 0 9610 0
1791251254795034 19910470218 38 624 4861 20185460 0 576 2455022 0 822 0 3750 3959265 47 0 9611 0
1791251255296434 19910971617 38 624 5092 20941286 0 576 2611326 0 822 0 3751 3959355 47 0 9615 0
1791251255801957 19911477141 38 624 5303 21505485 0 576 2747070 0 822 0 3752 3959452 47 0 9616 0
1791251256303188 19911978372 39 624 5518 21902794 0 576 2890662 0 822 0 3752 3959546 47 0 9619 0
1791251256803819 19912479002 39 624 5742 22474127 0 576 3048022 0 822 0 3752 3959642 47 0 9622 0
1791251257307910 19912983094 39 624 5981 23087352 0 576 3224038 0 822 0 3752 3959742 47 0 9622 0
1791251257812738 19913487922 39 624 6217 23769637 0 576 3397198 0 822 0 3752 3959838 47 0 9624 0
1791251258316490 19913991674 39 624 6434 24758006 0 576 3531398 0 822 0 3753 3959933 47 0 9627 0
1791251258819196 19914494379 39 624 6617 25324481 0 576 3644110 0 822 0 3754 3960026 47 0 9628 0
1791251259323448 19914998631 39 624 6817 25924753 0 576 3770590 0 822 0 3754 3960126 47 0 9628 0
1791251259824702 19915499885 39 624 7022 26690873 0 576 3906462 0 822 0 3754 3960222 47 0 9631 0
1791251260325999 19916001182 39 624 7242 27467194 0 576 4059318 0 822 0 3754 3960320 47 0 9633 0
1791251260827028 19916502212 40 624 7476 28694006 0 576 4225942 0 822 0 3755 3960416 47 0 9635 0
1791251261333759 19917008942 40 624 7714 29583431 0 576 4403734 0 822 0 3756 3960511 47 0 9637 0
1791251261836203 19917511386 40 624 7865 30147327 0 960 4443924 0 822 0 3757 3960605 47 0 9639 0
1791251262341576 19918016760 40 624 7945 30273200 0 960 4451644 0 822 0 3757 3960701 47 0 9642 0
1791251262843007 19918518190 40 624 8024 30393968 0 960 4459236 0 822 0 3757 3960800 47 0 9642 0
1791251263344393 19919019576 40 624 8103 30515166 0 960 4466956 0 822 0 3757 3960899 47 0 9642 0
1791251263845220 19919520404 40 624 8183 30650529 0 960 4474676 0 822 0 3757 3960997 47 0 9642 0
1791251264350835 19920026019 40 624 8263 30758785 0 960 4482500 0 822 0 3757 3961091 47 0 9643 0
1791251264853626 19920528809 40 624 8612 31582302 0 13560 4504108 0 824 0 3759 3961181 47 0 9646 0
1791251265353914 19921029098 40 624 9768 35195058 0 60576 4558948 0 825 0 3761 3961266 47 0 9656 0
1791251265854980 19921530164 40 624 10870 40111389 0 101472 4607564 0 825 0 3762 3961359 47 0 9662 0
1791251266355964 19922031148 40 624 11862 43353130 0 136416 4650100 0 825 0 3764 3961451 47 0 9669 0
1791251266858890 19922534073 40 624 12919 47080419 0 178460 4699864 0 825 0 3764 3961542 47 0 9677 0
1791251267360005 19923035189 40 624 13948 49716261 0 227412 4756536 0 825 0 3765 3961632 47 0 9684 0
1791251267862928 19923538111 41 624 14986 52350725 0 270856 4807572 0 825 0 3765 3961727 47 0 9688 0
1791251268367703 19924042886 41 624 15879 55603587 0 301600 4846268 0 825 0 3768 3961821 47 0 9691 0
1791251268868656 19924543840 41 624 16861 58724707 0 334120 4886508 0 825 0 3769 3961914 47 0 9697 0
1791251269371981 19925047165 41 624 17842 61704142 0 366520 4926500 0 826 0 3769 3962001 47 0 9709 0
1791251269872551 19925547734 41 624 18859 65023589 0 400792 4968492 0 826 0 3770 3962098 47 0 9711 0
1791251270374878 19926050061 41 624 19837 68217050 0 434128 5009548 0 826 0 3773 3962185 47 0 9720 0
1791251270879538 19926554722 42 624 20818 71610620 0 468016 5051028 0 826 0 3773 3962283 47 0 9723 0
1791251271380401 19927055584 43 624 21853 74697029 0 506100 5096832 0 826 0 3773 3962373 47 0 9732 0
1791251271881393 19927556576 43 624 22804 77858121 0 540468 5138792 0 826 0 3774 3962463 47 0 9740 0
1791251272381707 19928056890 43 624 23838 81975296 0 578820 5184864 0 826 0 3775 3962551 47 0 9751 0
1791251272882746 19928557929 43 624 24906 85996512 0 617712 5231348 0 826 0 3776 3962643 48 0 9757 0
1791251273384482 19929059666 43 624 25938 89790096 0 655068 5276424 0 826 0 3776 3962736 48 0 9764 0
1791251273886347 19929561530 43 624 26935 96783547 0 689652 5318728 0 827 0 3777 3962821 48 0 9778 0
1791251274387241 19930062424 43 624 27922 101744447 0 723156 5359824 0 827 0 3778 3962911 48 0 9787 0
1791251274894207 19930569390 44 624 28981 106443165 0 760776 5405524 0 827 0 3780 3963000 48 0 9796 0
1791251275394944 19931070127 45 624 29942 110373828 0 793788 5446128 0 828 0 3782 3963090 48 0 9800 0
1791251275895593 19931570777 45 624 30985 115965600 0 834356 5494416 0 828 0 3782 3963183 48 0 9809 0
1791251276406317 19932081501 45 624 31979 120389168 0 870704 5538356 0 828 0 3783 3963276 48 0 9817 0
1791251276910139 19932585322 45 624 33003 125417457 0 907076 5582448 0 828 0 3788 3963360 48 0 9826 0
1791251277411592 19933086776 46 624 34006 130598061 0 942212 5625536 0 830 0 3789 3963445 48 0 9838 0
1791251277913165 19933588348 46 624 35069 136372492 0 981404 5672320 0 830 0 3792 3963533 48 0 9847 0
1791251278413495 19934088678 46 624 36032 141205824 0 1012172 5710808 0 831 0 3794 3963614 48 0 9863 0
1791251278914332 19934589516 46 624 37002 144820992 0 1044788 5751144 0 832 0 3798 3963702 48 0 9869 0
1791251279415596 19935090779 47 624 37976 147462661 0 1077908 5791856 0 832 0 3798 3963796 48 0 9876 0
1791251279916383 19935591567 47 624 38966 150721234 0 1111892 5833432 0 832 0 3799 3963883 48 0 9884 0
1791251280419185 19936094369 47 624 40084 154215790 0 1155004 5884264 0 832 0 3799 3963975 48 0 9892 0
1791251280922754 19936597937 47 624 41136 158078864 0 1194928 5931908 0 833 0 3800 3964068 48 0 9896 0
1791251281424489 19937099672 47 624 42130 161469625 0 1229448 5974020 0 833 0 3803 3964152 48 0 9908 0
1791251281928141 19937603325 47 624 43103 165523617 0 1263048 6015572 0 833 0 3804 3964244 48 0 9916 0
1791251282431186 19938106370 47 624 44153 168800826 0 1300044 6060160 0 833 0 3806 3964331 48 0 9926 0
1791251282935042 19938610226 48 624 45172 173538073 0 1336428 6104136 0 834 0 3807 3964419 48 0 9934 0
1791251283437713 19939112896 48 624 46200 177946756 0 1373292 6148720 0 835 0 3808 3964509 48 0 9942 0
1791251283943153 19939618337 48 624 47324 181471216 0 1416276 6199424 0 835 0 3810 3964600 48 0 9949 0
1791251284444888 19940120072 48 624 48298 184633697 0 1454880 6245748 0 835 0 3811 3964694 48 0 9954 0
1791251284947714 19940622898 48 624 49138 187750570 0 1480128 6284441 0 836 0 3813 3964786 48 0 9958 0
1791251285452797 19941127981 49 624 49219 187870714 0 1480128 6292393 0 836 0 3813 3964881 48 0 9959 0
1791251285955294 19941630477 49 624 49299 187994758 0 1480128 6300113 0 837 0 3814 3964977 48 0 9960 0
1791251286455552 19942130736 49 624 49378 188123483 0 1480128 6307705 0 838 0 3814 3965071 48 0 9960 0
1791251286957132 19942632316 49 624 49457 188243115 0 1480128 6315425 0 838 0 3815 3965168 48 0 9961 0
1791251287461019 19943136202 49 624 49536 188361036 0 1480128 6323017 0 838 0 3815 3965261 48 0 9962 0
1791251287964815 19943639999 49 624 49660 188593903 0 1481184 6336825 0 838 0 3817 3965354 48 0 9962 0
1791251288466433 19944141617 49 624 50652 192836404 0 1518228 6480647 0 838 0 3817 3965447 48 0 9970 0
1791251288967186 19944642370 50 624 51776 197084886 0 1557204 6635655 0 838 0 3817 3965543 48 0 9975 0
1791251289470008 19945145192 50 624 52969 200487539 0 1600020 6807807 0 838 0 3818 3965636 48 0 9980 0
1791251289976458 19945651642 50 624 54115 204489125 0 1641972 6973511 0 838 0 3820 3965729 48 0 9986 0
1791251290476863 19946152046 50 624 55129 208356982 0 1676916 7131975 0 839 0 3820 3965820 48 0 9994 0
1791251290982558 19946657742 50 624 56214 211612813 0 1713396 7268687 0 839 0 3820 3965912 48 0 10002 0
1791251291486844 19947162027 50 624 57371 215164288 0 1752564 7395863 0 839 0 3820 3966006 48 0 10009 0
1791251291988613 19947663796 51 624 58585 219386609 0 1801364 7524951 0 839 0 3820 3966096 48 0 10019 0
1791251292492509 19948167693 51 624 59549 221442588 0 1836064 7670923 0 839 0 3821 3966191 48 0 10022 0
1791251292992992 19948668175 51 624 60534 223988549 0 1867732 7833959 0 839 0 3822 3966287 48 0 10024 0
1791251293493327 19949168511 51 624 61551 227037327 0 1900996 8006055 0 839 0 3823 3966382 48 0 10028 0
1791251293994651 19949669835 51 624 62295 229828166 0 1924084 8168103 0 839 0 3823 3966477 48 0 10033 0
1791251294496710 19950171894 51 624 63033 232464245 0 1944628 8318215 0 839 0 3823 3966571 48 0 10039 0
1791251295001531 19950676715 52 624 64114 235095385 0 1978996 8451399 0 839 0 3824 3966663 48 0 10046 0
1791251295504045 19951179228 52 624 65252 240976731 0 2015572 8596055 0 840 0 3825 3966754 48 0 10053 0
1791251296006333 19951681517 52 624 66364 245502210 0 2051572 8736919 0 840 0 3825 3966846 48 0 10063 0
1791251296508268 19952183451 52 624 67554 248585987 0 2096660 8911703 0 840 0 3825 3966940 48 0 10068 0
1791251297011800 19952686984 52 624 68230 251067781 0 2116712 9076995 0 840 0 3826 3967032 48 0 10075 0
1791251297513173 19953188357 52 624 68806 253631109 0 2131508 9238471 0 840 0 3827 3967124 48 0 10079 0
1791251298013378 19953688562 53 624 69485 255718641 0 2150612 9377879 0 840 0 3827 3967216 48 0 10087 0
1791251298513900 19954189084 53 624 70533 259275076 0 2184104 9513275 0 840 0 3827 3967312 48 0 10090 0
1791251299014620 19954689804 53 624 71667 262536433 0 2222456 9644267 0 840 0 3829 3967400 48 0 10098 0
1791251299516103 19955191287 53 624 72823 266364011 0 2259896 9802011 0 840 0 3830 3967493 48 0 10105 0
1791251300017303 19955692486 53 624 73988 270439938 0 2296856 9974843 0 840 0 3831 3967582 48 0 10114 0
1791251300521340 19956196524 53 624 74976 274281730 0 2328248 10148283 0 840 0 3832 3967669 48 0 10126 0
1791251301022347 19956697531 54 624 75986 278330575 0 2360024 10283379 0 840 0 3833 3967760 48 0 10134 0
1791251301524009 19957199193 54 624 77054 281519318 0 2392952 10396595 0 840 0 3833 3967852 48 0 10142 0
1791251302025346 19957700529 54 624 78191 285519665 0 2432820 10521255 0 841 0 3834 3967949 48 0 10144 0
1791251302526693 19958201877 54 624 79194 289250477 0 2470528 10654923 0 841 0 3835 3968039 48 0 10152 0
1791251303027452 19958702635 55 624 80184 294472676 0 2502304 10806771 0 842 0 3836 3968129 48 0 10158 0
1791251303532189 19959207372 55 624 81314 298241951 0 2538460 10972855 0 843 0 3838 3968214 48 0 10168 0
1791251304034973 19959710156 56 624 82396 304138803 0 2572300 11145655 0 844 0 3841 3968294 48 0 10184 0
1791251304537154 19960212337 56 624 83207 309006679 0 2597692 11308335 0 845 0 3841 3968385 48 0 10193 0
1791251305039841 19960715025 56 624 83896 312605192 0 2615740 11462255 0 845 0 3842 3968472 48 0 10204 0
1791251305544026 19961219209 56 624 84854 316563874 0 2642716 11597183 0 846 0 3843 3968561 48 0 10212 0
1791251306045513 19961720695 57 624 85902 322477971 0 2674300 11727583 0 848 0 3844 3968649 48 0 10222 0
1791251306549267 19962224450 57 624 87035 328316875 0 2709628 11878711 0 848 0 3844 3968739 48 0 10230 0
1791251307051952 19962727135 58 624 88183 335196283 0 2746036 12049319 0 848 0 3847 3968824 48 0 10240 0
1791251307553377 19963228561 58 624 89176 338548072 0 2780112 12227219 0 850 0 3849 3968917 48 0 10244 0
1791251308057371 19963732555 58 624 89933 341040163 0 2803032 12379707 0 850 0 3849 3969015 48 0 10248 0
1791251308562188 19964237371 58 624 90949 343240160 0 2835660 12491079 0 850 0 3850 3969106 48 0 10253 0
1791251309063828 19964739011 58 624 91919 345463004 0 2867940 12597343 0 850 0 3851 3969200 48 0 10256 0
1791251309564227 19965239411 58 624 92984 349047618 0 2901696 12722195 0 850 0 3851 3969293 48 0 10262 0
1791251310065505 19965740688 58 624 94087 352401870 0 2936904 12859179 0 850 0 3852 3969385 48 0 10269 0
1791251310572295 19966247478 59 624 95259 355866398 0 2975340 13015191 0 850 0 3852 3969476 48 0 10279 0
1791251311076468 19966751651 59 624 96420 359309624 0 3011064 13186787 0 850 0 3852 3969569 48 0 10286 0
1791251311578263 19967253446 59 624 97562 362104961 0 3046968 13349171 0 850 0 3852 3969660 48 0 10294 0
1791251312078909 19967754092 59 624 98708 365251895 0 3084024 13491219 0 850 0 3853 3969755 48 0 10299 0
1791251312579890 19968255074 59 624 99840 368570359 0 3120600 13645139 0 850 0 3853 3969845 48 0 10308 0
1791251313083175 19968758359 59 624 101017 371996444 0 3168056 13818426 0 850 0 3853 3969939 48 0 10313 0
1791251313585861 19969261045 60 624 101289 372497613 0 3171532 13835627 0 851 0 3854 3970037 48 0 10313 0
1791251314089379 19969764563 60 624 101370 372631116 0 3171532 13843579 0 851 0 3854 3970134 48 0 10315 0
1791251314590670 19970265854 60 624 101450 372752487 0 3171532 13851067 0 851 0 3855 3970228 48 0 10318 0
1791251315094379 19970769562 60 624 101531 372876561 0 3171532 13859019 0 851 0 3855 3970326 48 0 10318 0
1791251315598048 19971273232 60 624 101610 372995178 0 3171532 13866739 0 851 0 3855 3970422 48 0 10321 0
1791251316101751 19971776934 60 624 101689 373290599 0 3171532 13874331 0 851 0 3855 3970518 48 0 10323 0
1791251316602966 19972278150 60 624 101768 373562697 0 3171532 13882051 0 851 0 3855 3970609 48 0 10327 0
1791251317103852 19972779035 60 624 101847 373824172 0 3171532 13889643 0 851 0 3856 3970705 48 0 10328 0
1791251317609259 19973284442 61 624 101928 373949713 0 3171532 13897595 0 851 0 3856 3970803 48 0 10329 0
1791251318112743 19973787927 61 624 102008 374075611 0 3171532 13905315 0 851 0 3856 3970899 48 0 10330 0
1791251318615758 19974290941 61 624 102088 374198246 0 3171532 13912907 0 851 0 3858 3970993 48 0 10333 0
1791251319119306 19974794489 61 624 102168 374327057 0 3171532 13920627 0 851 0 3858 3971090 48 0 10335 0
1791251319621323 19975296507 61 624 102247 374442000 0 3171532 13928347 0 852 0 3858 3971188 48 0 10336 0
1791251320122900 19975798083 61 624 102327 374820147 0 3171532 13936067 0 852 0 3859 3971285 48 0 10337 0
1791251320625946 19976301130 61 624 102404 374945843 0 3171532 13943659 0 852 0 3859 3971381 48 0 10340 0
1791251321126441 19976801624 61 624 102486 375086077 0 3171532 13951611 0 852 0 3860 3971475 48 0 10342 0
1791251321157944 19976833128 61 624 102490 375091233 0 3171532 13951843 0 852 0 3860 3971482 48 0 10342 0
