# hz=100 page_bytes=4096 possible_cpus=2
realtime_us monotonic_us daemon_ticks rss_pages runs runtime_ns ring_full ack_bytes upload_bytes unaccounted host_user host_nice host_system host_idle host_iowait host_irq host_softirq host_steal
1791252231520180 20887195363 0 318 0 0 0 0 0 0 1076 0 4652 4149058 51 0 12492 0
1791252232022423 20887697607 0 318 0 0 0 0 0 0 1076 0 4652 4149153 51 0 12492 0
1791252232523508 20888198692 0 318 0 0 0 0 0 0 1077 0 4652 4149247 51 0 12495 0
1791252233025976 20888701159 0 318 0 0 0 0 0 0 1077 0 4653 4149345 51 0 12495 0
1791252233529905 20889205088 0 318 0 0 0 0 0 0 1078 0 4653 4149443 51 0 12496 0
1791252234034363 20889709546 0 318 0 0 0 0 0 0 1078 0 4654 4149534 51 0 12497 0
1791252234534759 20890209943 1 318 0 0 0 0 0 0 1078 0 4654 4149632 51 0 12498 0
1791252235036817 20890712000 1 318 0 0 0 0 0 0 1078 0 4655 4149728 51 0 12500 0
1791252235538774 20891213958 1 318 0 0 0 0 0 0 1078 0 4656 4149820 51 0 12505 0
1791252236040801 20891715984 1 318 0 0 0 0 0 0 1078 0 4656 4149911 51 0 12507 0
1791252236542751 20892217934 1 318 0 0 0 0 0 0 1078 0 4657 4150006 51 0 12510 0
1791252237047937 20892723121 1 318 0 0 0 0 0 0 1078 0 4658 4150101 51 0 12513 0
1791252237548600 20893223783 1 318 0 0 0 0 0 0 1078 0 4658 4150196 51 0 12515 0
1791252238054069 20893729252 1 318 0 0 0 0 0 0 1078 0 4658 4150291 51 0 12515 0
1791252238559876 20894235060 1 318 0 0 0 0 0 0 1078 0 4658 4150390 51 0 12515 0
1791252239060535 20894735719 1 318 0 0 0 0 0 0 1078 0 4658 4150482 51 0 12518 0
1791252239563716 20895238900 1 318 0 0 0 0 0 0 1079 0 4658 4150575 51 0 12519 0
1791252240065469 20895740653 1 318 0 0 0 0 0 0 1080 0 4659 4150672 51 0 12521 0
1791252240566490 20896241674 3 318 0 0 0 0 0 0 1080 0 4659 4150768 51 0 12525 0
1791252241067232 20896742416 3 318 0 0 0 0 0 0 1080 0 4660 4150861 51 0 12527 0
1791252241569281 20897244465 3 318 0 0 0 0 0 0 1081 0 4660 4150955 51 0 12529 0
1791252242072820 20897748004 3 318 0 0 0 0 0 0 1081 0 4660 4151055 51 0 12529 0
1791252242574602 20898249786 3 318 0 0 0 0 0 0 1081 0 4660 4151152 51 0 12530 0
1791252243076843 20898752027 3 318 0 0 0 0 0 0 1081 0 4661 4151246 51 0 12533 0
1791252243578783 20899253967 3 318 0 0 0 0 0 0 1081 0 4662 4151338 51 0 12536 0
1791252244083788 20899758971 3 318 0 0 0 0 0 0 1081 0 4663 4151433 51 0 12537 0
1791252244588761 20900263944 4 318 0 0 0 0 0 0 1081 0 4663 4151530 51 0 12540 0
1791252245090108 20900765292 4 318 0 0 0 0 0 0 1081 0 4665 4151623 51 0 12543 0
1791252245593522 20901268706 4 318 0 0 0 0 0 0 1081 0 4665 4151716 51 0 12546 0
1791252246098407 20901773591 4 318 0 0 0 0 0 0 1081 0 4665 4151809 51 0 12549 0
1791252246604057 20902279241 4 318 0 0 0 0 0 0 1081 0 4665 4151905 51 0 12552 0
1791252247105788 20902780972 4 318 0 0 0 0 0 0 1081 0 4666 4151997 51 0 12554 0
1791252247606086 20903281270 4 318 0 0 0 0 0 0 1081 0 4666 4152090 51 0 12558 0
1791252248110565 20903785749 4 318 0 0 0 0 0 0 1081 0 4666 4152187 51 0 12561 0
1791252248612942 20904288126 4 318 0 0 0 0 0 0 1082 0 4666 4152276 51 0 12566 0
1791252249114402 20904789586 4 318 0 0 0 0 0 0 1082 0 4666 4152372 51 0 12570 0
1791252249614796 20905289980 4 318 0 0 0 0 0 0 1082 0 4666 4152466 51 0 12573 0
1791252250115621 20905790805 4 318 0 0 0 0 0 0 1082 0 4667 4152563 51 0 12575 0
1791252250615905 20906291089 4 318 0 0 0 0 0 0 1082 0 4667 4152658 51 0 12577 0
1791252251117979 20906793163 5 318 0 0 0 0 0 0 1082 0 4668 4152749 51 0 12583 0
1791252251621429 20907296613 5 318 0 0 0 0 0 0 1082 0 4669 4152846 51 0 12584 0
1791252252122291 20907797475 5 318 0 0 0 0 0 0 1082 0 4669 4152938 51 0 12586 0
1791252252626476 20908301659 5 318 0 0 0 0 0 0 1082 0 4669 4153035 51 0 12587 0
1791252253129560 20908804743 5 318 0 0 0 0 0 0 1082 0 4669 4153130 51 0 12591 0
1791252253632191 20909307375 5 318 0 0 0 0 0 0 1082 0 4669 4153229 51 0 12591 0
1791252254134777 20909809960 5 318 0 0 0 0 0 0 1083 0 4669 4153326 51 0 12593 0
1791252254635276 20910310460 5 318 0 0 0 0 0 0 1083 0 4669 4153423 51 0 12594 0
1791252255136315 20910811499 5 318 0 0 0 0 0 0 1083 0 4669 4153515 51 0 12598 0
1791252255638139 20911313323 5 318 0 0 0 0 0 0 1083 0 4669 4153609 51 0 12600 0
1791252256141771 20911816954 6 318 0 0 0 0 0 0 1083 0 4669 4153702 51 0 12602 0
1791252256642318 20912317502 6 318 0 0 0 0 0 0 1083 0 4669 4153797 51 0 12602 0
1791252257143521 20912818705 6 318 0 0 0 0 0 0 1083 0 4670 4153887 51 0 12604 0
1791252257644684 20913319868 6 318 0 0 0 0 0 0 1085 0 4671 4153980 51 0 12608 0
1791252258145842 20913821025 6 318 0 0 0 0 0 0 1085 0 4671 4154081 51 0 12608 0
1791252258649961 20914325144 6 318 0 0 0 0 0 0 1085 0 4671 4154178 51 0 12610 0
1791252259152315 20914827498 6 318 0 0 0 0 0 0 1085 0 4671 4154276 51 0 12611 0
1791252259657923 20915333107 6 318 0 0 0 0 0 0 1085 0 4672 4154373 51 0 12613 0
1791252260160670 20915835854 7 318 0 0 0 0 0 0 1085 0 4672 4154472 51 0 12614 0
1791252260663584 20916338768 7 318 0 0 0 0 0 0 1085 0 4673 4154564 51 0 12619 0
1791252261169596 20916844780 7 318 0 0 0 0 0 0 1085 0 4674 4154663 51 0 12619 0
1791252261671317 20917346501 7 318 0 0 0 0 0 0 1085 0 4674 4154763 51 0 12620 0
1791252262174074 20917849257 7 318 0 0 0 0 0 0 1086 0 4674 4154852 51 0 12628 0
1791252262678127 20918353310 7 318 0 0 0 0 0 0 1086 0 4674 4154946 51 0 12636 0
1791252263188067 20918863251 7 318 0 0 0 0 0 0 1086 0 4674 4155041 51 0 12639 0
1791252263694482 20919369665 7 318 0 0 0 0 0 0 1086 0 4676 4155132 51 0 12645 0
1791252264198655 20919873838 7 318 0 0 0 0 0 0 1086 0 4676 4155225 51 0 12653 0
1791252264703494 20920378678 9 318 0 0 0 0 0 0 1086 0 4676 4155314 51 0 12664 0
1791252265204653 20920879836 9 318 0 0 0 0 0 0 1086 0 4678 4155398 51 0 12674 0
1791252265705488 20921380672 9 318 0 0 0 0 0 0 1087 0 4681 4155483 51 0 12685 0
1791252266209179 20921884362 9 318 0 0 0 0 0 0 1087 0 4683 4155569 51 0 12697 0
1791252266710944 20922386128 9 318 0 0 0 0 0 0 1087 0 4685 4155653 51 0 12709 0
1791252267217705 20922892888 9 318 0 0 0 0 0 0 1087 0 4686 4155741 51 0 12721 0
1791252267718004 20923393187 9 318 0 0 0 0 0 0 1087 0 4689 4155822 51 0 12736 0
1791252268218290 20923893473 10 318 0 0 0 0 0 0 1087 0 4691 4155906 51 0 12751 0
1791252268720396 20924395580 10 318 0 0 0 0 0 0 1087 0 4691 4155998 51 0 12758 0
1791252269221548 20924896732 10 318 0 0 0 0 0 0 1088 0 4691 4156090 51 0 12764 0
1791252269722939 20925398122 10 318 0 0 0 0 0 0 1088 0 4691 4156182 51 0 12769 0
1791252270224309 20925899493 10 318 0 0 0 0 0 0 1088 0 4691 4156278 51 0 12772 0
1791252270730631 20926405815 10 318 0 0 0 0 0 0 1090 0 4693 4156370 51 0 12778 0
1791252271234113 20926909297 10 318 0 0 0 0 0 0 1090 0 4693 4156465 51 0 12783 0
1791252271734679 20927409863 10 318 0 0 0 0 0 0 1090 0 4693 4156553 51 0 12794 0
1791252272235915 20927911099 10 318 0 0 0 0 0 0 1090 0 4696 4156650 51 0 12796 0
1791252272743782 20928418966 10 318 0 0 0 0 0 0 1090 0 4698 4156743 51 0 12800 0
1791252273244411 20928919595 10 318 0 0 0 0 0 0 1090 0 4700 4156834 51 0 12807 0
1791252273749983 20929425167 10 318 0 0 0 0 0 0 1090 0 4700 4156929 51 0 12813 0
1791252274252036 20929927220 10 318 0 0 0 0 0 0 1090 0 4700 4157022 51 0 12819 0
1791252274753047 20930428231 10 318 0 0 0 0 0 0 1090 0 4701 4157113 51 0 12825 0
1791252275254146 20930929330 10 318 0 0 0 0 0 0 1090 0 4702 4157208 51 0 12829 0
1791252275757398 20931432582 12 318 0 0 0 0 0 0 1090 0 4702 4157303 51 0 12836 0
1791252276257832 20931933016 12 318 0 0 0 0 0 0 1090 0 4703 4157395 51 0 12840 0
1791252276758840 20932434024 12 318 0 0 0 0 0 0 1091 0 4703 4157490 51 0 12843 0
1791252277264912 20932940096 12 318 0 0 0 0 0 0 1091 0 4703 4157584 51 0 12850 0
1791252277765939 20933441123 12 318 0 0 0 0 0 0 1091 0 4707 4157674 51 0 12855 0
1791252278268165 20933943349 12 318 0 0 0 0 0 0 1091 0 4707 4157766 51 0 12861 0
1791252278770151 20934445334 12 318 0 0 0 0 0 0 1091 0 4707 4157863 51 0 12862 0
1791252279273285 20934948469 12 318 0 0 0 0 0 0 1091 0 4707 4157956 51 0 12865 0
1791252279774681 20935449865 12 318 0 0 0 0 0 0 1091 0 4708 4158052 51 0 12865 0
1791252280275193 20935950376 12 318 0 0 0 0 0 0 1091 0 4708 4158150 51 0 12866 0
1791252280776342 20936451526 12 318 0 0 0 0 0 0 1091 0 4709 4158242 51 0 12870 0
1791252281276774 20936951957 12 318 0 0 0 0 0 0 1092 0 4709 4158335 51 0 12872 0
1791252281778334 20937453518 12 318 0 0 0 0 0 0 1092 0 4710 4158427 51 0 12877 0
1791252282279685 20937954868 13 318 0 0 0 0 0 0 1092 0 4711 4158515 51 0 12886 0
1791252282782028 20938457212 13 318 0 0 0 0 0 0 1093 0 4711 4158609 51 0 12890 0
1791252283282518 20938957702 13 318 0 0 0 0 0 0 1093 0 4711 4158705 51 0 12891 0
1791252283786091 20939461275 13 318 0 0 0 0 0 0 1093 0 4711 4158801 51 0 12895 0
1791252284287689 20939962873 13 318 0 0 0 0 0 0 1093 0 4711 4158897 51 0 12900 0
1791252284790431 20940465614 14 318 0 0 0 0 0 0 1095 0 4712 4158987 51 0 12905 0
1791252285294027 20940969210 14 318 0 0 0 0 0 0 1095 0 4712 4159083 51 0 12907 0
1791252285795947 20941471131 14 318 0 0 0 0 0 0 1097 0 4713 4159177 51 0 12911 0
1791252286296392 20941971576 14 318 0 0 0 0 0 0 1097 0 4713 4159272 51 0 12914 0
1791252286799959 20942475142 14 318 0 0 0 0 0 0 1097 0 4713 4159367 51 0 12916 0
1791252287301403 20942976586 14 318 0 0 0 0 0 0 1097 0 4714 4159461 51 0 12919 0
1791252287802152 20943477336 14 318 0 0 0 0 0 0 1097 0 4715 4159555 51 0 12922 0
1791252288303149 20943978333 15 318 0 0 0 0 0 0 1097 0 4715 4159649 51 0 12925 0
1791252288803555 20944478739 15 318 0 0 0 0 0 0 1097 0 4715 4159743 51 0 12929 0
1791252289310211 20944985395 15 318 0 0 0 0 0 0 1097 0 4717 4159835 51 0 12935 0
1791252289813411 20945488595 15 318 0 0 0 0 0 0 1097 0 4717 4159925 51 0 12938 0
1791252290316067 20945991251 15 318 0 0 0 0 0 0 1097 0 4717 4160023 51 0 12943 0
1791252290816689 20946491873 15 318 0 0 0 0 0 0 1097 0 4718 4160112 51 0 12951 0
1791252291317016 20946992200 15 318 0 0 0 0 0 0 1097 0 4718 4160205 51 0 12957 0
1791252291819419 20947494603 15 318 0 0 0 0 0 0 1097 0 4718 4160299 51 0 12960 0
1791252292323392 20947998576 15 318 0 0 0 0 0 0 1097 0 4719 4160391 51 0 12966 0
1791252292824071 20948499255 16 318 0 0 0 0 0 0 1099 0 4720 4160478 51 0 12973 0
1791252293324895 20949000078 16 318 0 0 0 0 0 0 1099 0 4724 4160565 51 0 12979 0
1791252293828989 20949504173 16 318 0 0 0 0 0 0 1099 0 4726 4160654 51 0 12989 0
1791252294330844 20950006027 16 318 0 0 0 0 0 0 1099 0 4726 4160739 51 0 13002 0
1791252294832563 20950507746 17 318 0 0 0 0 0 0 1099 0 4726 4160831 51 0 13010 0
1791252295334037 20951009221 17 318 0 0 0 0 0 0 1099 0 4726 4160914 51 0 13024 0
1791252295834823 20951510007 17 318 0 0 0 0 0 0 1100 0 4728 4161006 51 0 13028 0
1791252296337974 20952013158 17 318 0 0 0 0 0 0 1101 0 4728 4161096 51 0 13036 0
1791252296841855 20952517039 17 318 0 0 0 0 0 0 1102 0 4729 4161188 51 0 13040 0
1791252297342260 20953017443 17 318 0 0 0 0 0 0 1103 0 4729 4161276 51 0 13048 0
1791252297844301 20953519485 17 318 0 0 0 0 0 0 1103 0 4729 4161374 51 0 13050 0
1791252298346288 20954021471 17 318 0 0 0 0 0 0 1103 0 4729 4161471 51 0 13052 0
1791252298849682 20954524866 17 318 0 0 0 0 0 0 1103 0 4729 4161569 51 0 13053 0
1791252299350723 20955025907 18 318 0 0 0 0 0 0 1103 0 4729 4161666 51 0 13057 0
1791252299853538 20955528722 18 318 0 0 0 0 0 0 1103 0 4730 4161756 51 0 13065 0
1791252300355546 20956030729 18 318 0 0 0 0 0 0 1103 0 4730 4161847 51 0 13075 0
1791252300856377 20956531561 18 318 0 0 0 0 0 0 1104 0 4731 4161939 51 0 13080 0
1791252301358165 20957033349 18 318 0 0 0 0 0 0 1104 0 4731 4162037 51 0 13081 0
1791252301863449 20957538632 18 318 0 0 0 0 0 0 1104 0 4731 4162135 51 0 13082 0
1791252302364363 20958039546 19 318 0 0 0 0 0 0 1104 0 4732 4162228 51 0 13084 0
1791252302865537 20958540721 19 318 0 0 0 0 0 0 1104 0 4733 4162323 51 0 13087 0
1791252303373101 20959048285 19 318 0 0 0 0 0 0 1104 0 4733 4162416 51 0 13092 0
1791252303874904 20959550087 20 318 0 0 0 0 0 0 1104 0 4734 4162513 51 0 13093 0
1791252304377282 20960052466 20 318 0 0 0 0 0 0 1104 0 4734 4162610 51 0 13097 0
1791252304881059 20960556242 20 318 0 0 0 0 0 0 1104 0 4735 4162705 51 0 13099 0
1791252305383897 20961059081 20 318 0 0 0 0 0 0 1104 0 4735 4162799 51 0 13101 0
1791252305886251 20961561435 20 318 0 0 0 0 0 0 1105 0 4736 4162887 51 0 13112 0
1791252306388045 20962063228 21 318 0 0 0 0 0 0 1105 0 4736 4162984 51 0 13113 0
1791252306889496 20962564679 21 318 0 0 0 0 0 0 1105 0 4736 4163076 51 0 13116 0
1791252307392936 20963068120 21 318 0 0 0 0 0 0 1105 0 4736 4163172 51 0 13117 0
1791252307899661 20963574844 21 318 0 0 0 0 0 0 1105 0 4736 4163268 51 0 13120 0
1791252308402831 20964078015 21 318 0 0 0 0 0 0 1105 0 4736 4163364 51 0 13122 0
1791252308903783 20964578967 21 318 0 0 0 0 0 0 1105 0 4736 4163459 51 0 13123 0
1791252309409331 20965084515 21 318 0 0 0 0 0 0 1105 0 4736 4163554 51 0 13125 0
1791252309913019 20965588203 21 318 0 0 0 0 0 0 1105 0 4736 4163651 51 0 13125 0
1791252310415444 20966090628 21 318 0 0 0 0 0 0 1105 0 4736 4163743 51 0 13125 0
1791252310916377 20966591561 21 318 0 0 0 0 0 0 1105 0 4736 4163836 51 0 13126 0
1791252311418292 20967093476 21 318 0 0 0 0 0 0 1105 0 4736 4163932 51 0 13127 0
1791252311922129 20967597313 22 318 0 0 0 0 0 0 1105 0 4736 4164028 51 0 13128 0
1791252312426215 20968101399 22 318 0 0 0 0 0 0 1105 0 4736 4164126 51 0 13129 0
1791252312929098 20968604281 22 318 0 0 0 0 0 0 1105 0 4736 4164222 51 0 13130 0
1791252313430848 20969106032 22 318 0 0 0 0 0 0 1106 0 4737 4164319 51 0 13130 0
1791252313936245 20969611429 22 318 0 0 0 0 0 0 1106 0 4737 4164416 51 0 13132 0
1791252314437759 20970112942 22 318 0 0 0 0 0 0 1106 0 4738 4164513 51 0 13133 0
1791252314616682 20970291865 22 318 0 0 0 0 0 0 1107 0 4738 4164548 51 0 13133 0
