# hz=100 page_bytes=4096 possible_cpus=2
# program_id=112 jit_bytes=8483 xlated_bytes=4776
# pos:	0
# flags:	02000002
# mnt_id:	10
# ino:	26
# prog_type:	1
# prog_jited:	1
# prog_tag:	1a92932acb008231
# memlock:	8192
# prog_id:	112
# run_time_ns:	0
# run_cnt:	0
# recursion_misses:	0
# verified_insns:	199283
# map=counters type=6 key=4 value=32 max_entries=1
# pos:	0
# flags:	02000002
# mnt_id:	10
# ino:	26
# map_type:	6
# key_size:	4
# value_size:	32
# max_entries:	1
# map_flags:	0x0
# map_extra:	0x0
# memlock:	268
# map_id:	139
# frozen:	0
# map=accounting type=2 key=4 value=24 max_entries=1
# pos:	0
# flags:	02000002
# mnt_id:	10
# ino:	26
# map_type:	2
# key_size:	4
# value_size:	24
# max_entries:	1
# map_flags:	0x0
# map_extra:	0x0
# memlock:	224
# map_id:	140
# frozen:	0
# map=flows type=9 key=36 value=32 max_entries=1024
# pos:	0
# flags:	02000002
# mnt_id:	10
# ino:	26
# map_type:	9
# key_size:	36
# value_size:	32
# max_entries:	1024
# map_flags:	0x0
# map_extra:	0x0
# memlock:	107456
# map_id:	137
# frozen:	0
# map=departures type=9 key=40 value=8 max_entries=8192
# pos:	0
# flags:	02000002
# mnt_id:	10
# ino:	26
# map_type:	9
# key_size:	40
# value_size:	8
# max_entries:	8192
# map_flags:	0x0
# map_extra:	0x0
# memlock:	656320
# map_id:	136
# frozen:	0
# map=samples type=27 key=0 value=0 max_entries=262144
# pos:	0
# flags:	02000002
# mnt_id:	10
# ino:	26
# map_type:	27
# key_size:	0
# value_size:	0
# max_entries:	262144
# map_flags:	0x0
# map_extra:	0x0
# memlock:	275148
# map_id:	138
# frozen:	0
realtime_us monotonic_us daemon_ticks rss_pages runs runtime_ns ring_full ack_bytes upload_bytes unaccounted host_user host_nice host_system host_idle host_iowait host_irq host_softirq host_steal
1791336700665868 62228247776 24 473 0 0 0 0 2944 0 2960 0 12324 12375531 63 0 33092 0
1791336701167705 62228749613 24 473 79 114568 0 0 10664 0 2961 0 12325 12375623 63 0 33094 0
1791336701668885 62229250794 24 473 159 398953 0 0 18488 0 2961 0 12325 12375721 63 0 33094 0
1791336702172949 62229754858 25 473 238 493498 0 0 26208 0 2961 0 12326 12375816 63 0 33094 0
1791336702675441 62230257350 25 473 319 726651 0 0 33928 0 2962 0 12327 12375914 63 0 33094 0
1791336703179583 62230761492 25 473 397 815812 0 0 41520 0 2962 0 12327 12376011 63 0 33094 0
1791336703682217 62231264125 25 473 476 926678 0 0 49112 0 2962 0 12328 12376107 63 0 33094 0
1791336704185594 62231767503 25 473 555 1032408 0 0 56832 0 2962 0 12328 12376199 63 0 33096 0
1791336704686220 62232268129 25 473 634 1154920 0 0 64424 0 2964 0 12328 12376293 64 0 33097 0
1791336705188126 62232770034 25 473 716 1257232 0 0 72228 0 2964 0 12328 12376389 64 0 33097 0
1791336705689064 62233270972 25 473 796 1377782 0 0 80180 0 2964 0 12329 12376488 64 0 33097 0
1791336706189483 62233771392 25 473 876 1481100 0 0 87772 0 2964 0 12330 12376586 64 0 33098 0
1791336706690405 62234272314 25 473 954 1740152 0 0 95492 0 2964 0 12332 12376678 64 0 33100 0
1791336707190789 62234772697 25 473 1033 1843380 0 0 103084 0 2964 0 12332 12376771 64 0 33104 0
1791336707693819 62235275727 25 473 1114 1957363 0 0 110804 0 2964 0 12332 12376864 64 0 33105 0
1791336708194101 62235776010 25 473 1193 2054822 0 0 118524 0 2964 0 12334 12376955 64 0 33107 0
1791336708697669 62236279578 25 473 1275 2525598 0 96 126316 0 2964 0 12336 12377045 64 0 33110 0
1791336709198011 62236779920 25 473 1483 3294261 0 576 241742 0 2964 0 12338 12377138 64 0 33111 0
1791336709698442 62237280351 25 473 1703 3864422 0 576 394470 0 2964 0 12338 12377229 64 0 33120 0
1791336710202377 62237784285 25 473 1941 4745638 0 576 565854 0 2964 0 12340 12377323 64 0 33122 0
1791336710706022 62238287931 26 473 2181 6260866 0 576 747918 0 2964 0 12344 12377411 64 0 33128 0
1791336711207014 62238788923 26 473 2408 7167392 0 576 906950 0 2964 0 12345 12377503 64 0 33131 0
1791336711708103 62239290012 26 473 2611 7923121 0 576 1022750 0 2965 0 12347 12377595 64 0 33133 0
1791336712213384 62239795293 26 473 2800 8485301 0 576 1129158 0 2965 0 12347 12377687 64 0 33136 0
1791336712717118 62240299027 26 473 2999 9317881 0 576 1246734 0 2965 0 12349 12377783 64 0 33137 0
1791336713220444 62240802353 26 473 3202 10727375 0 576 1374758 0 2965 0 12350 12377877 64 0 33140 0
1791336713726922 62241308831 26 473 3411 11512347 0 576 1518350 0 2965 0 12350 12377973 64 0 33144 0
1791336714231750 62241813658 28 473 3636 12514210 0 576 1675838 0 2965 0 12350 12378067 64 0 33148 0
1791336714734676 62242316585 28 473 3880 13285164 0 576 1848998 0 2965 0 12350 12378165 64 0 33150 0
1791336715236083 62242817991 28 473 4110 14543846 0 576 2014206 0 2965 0 12350 12378261 64 0 33150 0
1791336715738742 62243320650 28 473 4342 15280353 0 576 2174782 0 2965 0 12351 12378354 64 0 33155 0
1791336716239620 62243821529 28 473 4556 15939907 0 576 2308982 0 2965 0 12351 12378450 64 0 33158 0
1791336716741005 62244322913 28 473 4766 16876130 0 576 2441766 0 2967 0 12353 12378542 64 0 33160 0
1791336717242106 62244824015 28 473 4985 17885643 0 576 2588318 0 2967 0 12353 12378635 64 0 33163 0
1791336717747199 62245329107 28 473 5214 18916330 0 576 2751982 0 2967 0 12353 12378729 64 0 33168 0
1791336718252909 62245834817 28 473 5459 19869584 0 576 2925142 0 2967 0 12354 12378823 64 0 33172 0
1791336718753384 62246335293 28 473 5689 20683882 0 576 3087134 0 2967 0 12354 12378915 64 0 33176 0
1791336719256358 62246838266 28 473 5919 21557644 0 576 3246166 0 2967 0 12354 12379007 64 0 33179 0
1791336719757823 62247339732 28 473 6128 22256594 0 576 3377278 0 2968 0 12356 12379100 64 0 33180 0
1791336720258738 62247840647 28 473 6339 23170470 0 576 3519326 0 2968 0 12356 12379192 64 0 33189 0
1791336720761506 62248343415 28 473 6564 24656833 0 576 3676686 0 2968 0 12357 12379283 64 0 33195 0
1791336721262323 62248844232 28 473 6801 25370681 0 576 3848070 0 2969 0 12358 12379378 64 0 33196 0
1791336721764445 62249346353 28 473 7031 26610357 0 576 4023958 0 2969 0 12360 12379469 64 0 33199 0
1791336722271150 62249853059 28 473 7253 27189022 0 576 4170638 0 2970 0 12360 12379564 64 0 33200 0
1791336722772212 62250354120 29 473 7440 27813247 0 576 4277174 0 2970 0 12360 12379655 64 0 33204 0
1791336723276196 62250858105 30 473 7630 28262100 0 576 4396166 0 2970 0 12360 12379752 64 0 33205 0
1791336723780847 62251362755 30 473 7834 28820889 0 576 4527406 0 2970 0 12360 12379851 64 0 33206 0
1791336724282926 62251864835 30 473 7959 29143598 0 960 4559468 0 2970 0 12360 12379948 64 0 33206 0
1791336724787211 62252369120 30 473 8039 29276816 0 960 4567292 0 2970 0 12361 12380044 64 0 33207 0
1791336725289102 62252871011 30 473 8118 29537274 0 960 4575012 0 2970 0 12362 12380142 64 0 33208 0
1791336725794547 62253376455 30 473 8199 29819159 0 960 4582732 0 2970 0 12362 12380238 64 0 33210 0
1791336726296478 62253878386 30 473 8278 29915949 0 960 4590324 0 2970 0 12363 12380332 64 0 33210 0
1791336726796697 62254378606 30 473 8356 30013556 0 960 4598044 0 2970 0 12363 12380428 64 0 33211 0
1791336727297483 62254879392 30 473 8997 31056005 0 26376 4632572 0 2970 0 12363 12380524 64 0 33214 0
1791336727801392 62255383300 30 473 10031 33120975 0 64104 4678020 0 2970 0 12363 12380615 64 0 33223 0
1791336728303004 62255884913 30 473 11059 35985760 0 101064 4722700 0 2971 0 12364 12380704 64 0 33230 0
1791336728807326 62256389235 30 473 12103 39146799 0 137832 4767060 0 2971 0 12364 12380798 64 0 33237 0
1791336729307761 62256889670 31 473 13070 41215877 0 170760 4807940 0 2971 0 12364 12380891 64 0 33243 0
1791336729814439 62257396347 31 473 14111 44689672 0 211924 4856464 0 2971 0 12364 12380982 64 0 33250 0
1791336730315798 62257897706 31 473 15234 46581231 0 265824 4918316 0 2971 0 12364 12381075 64 0 33257 0
1791336730816150 62258398059 31 473 16261 49094911 0 307912 4968124 0 2971 0 12364 12381166 64 0 33266 0
1791336731320356 62258902264 31 473 17297 51138235 0 349676 5017480 0 2972 0 12364 12381257 64 0 33273 0
1791336731821493 62259403402 31 473 18330 52970461 0 387884 5063408 0 2972 0 12365 12381347 64 0 33282 0
1791336732328013 62259909921 32 473 19362 55156014 0 425312 5108428 0 2972 0 12367 12381437 64 0 33288 0
1791336732829156 62260411065 32 473 20446 58881170 0 465296 5156364 0 2972 0 12368 12381529 64 0 33297 0
1791336733330021 62260911930 32 473 21489 61465756 0 503516 5202432 0 2972 0 12369 12381619 64 0 33305 0
1791336733831936 62261413844 32 473 22586 64705877 0 543884 5250392 0 2972 0 12371 12381707 64 0 33314 0
1791336734332666 62261914574 32 473 23625 66815683 0 581708 5295936 0 2972 0 12371 12381799 64 0 33322 0
1791336734834033 62262415941 32 473 24672 69671741 0 619244 5341192 0 2972 0 12372 12381888 64 0 33331 0
1791336735334958 62262916866 32 473 25744 73554225 0 658988 5388400 0 2972 0 12372 12381973 64 0 33346 0
1791336735836243 62263418152 33 473 26806 75396400 0 700136 5437396 0 2972 0 12374 12382055 64 0 33360 0
1791336736340459 62263922367 33 473 27837 78114314 0 736580 5481432 0 2972 0 12375 12382148 64 0 33367 0
1791336736847281 62264429189 33 473 28869 81131511 0 772184 5524756 0 2972 0 12375 12382244 64 0 33371 0
1791336737349285 62264931194 33 473 29860 83604548 0 806408 5566700 0 2972 0 12378 12382330 64 0 33382 0
1791336737850331 62265432240 33 473 30855 86516106 0 840812 5608928 0 2972 0 12378 12382427 64 0 33386 0
1791336738351223 62265933131 33 473 31826 89034976 0 874700 5650176 0 2972 0 12378 12382514 64 0 33395 0
1791336738854417 62266436326 33 473 32761 91174667 0 906260 5689688 0 2972 0 12378 12382605 64 0 33404 0
1791336739354894 62266936802 33 473 33803 93563934 0 942152 5733172 0 2972 0 12379 12382699 64 0 33409 0
1791336739856238 62267438146 34 473 34811 95618867 0 977528 5776268 0 2972 0 12379 12382789 64 0 33415 0
1791336740356867 62267938776 34 473 35923 98074072 0 1020568 5827028 0 2972 0 12380 12382876 64 0 33425 0
1791336740857224 62268439133 34 473 36872 99710461 0 1057748 5871800 0 2973 0 12380 12382969 64 0 33429 0
1791336741360087 62268941995 34 473 37825 102157891 0 1090976 5912748 0 2974 0 12382 12383060 64 0 33436 0
1791336741869678 62269451586 34 473 38818 104883960 0 1125548 5955144 0 2974 0 12384 12383150 64 0 33446 0
1791336742370972 62269952881 34 473 39845 107385175 0 1162004 5999320 0 2975 0 12384 12383242 64 0 33454 0
1791336742871337 62270453245 34 473 40888 110878853 0 1199252 6044288 0 2975 0 12385 12383333 64 0 33462 0
1791336743374299 62270956207 34 473 41919 115532475 0 1234676 6087304 0 2976 0 12385 12383422 64 0 33471 0
1791336743882214 62271464122 35 473 42951 121347223 0 1270484 6130832 0 2978 0 12388 12383508 64 0 33481 0
1791336744385644 62271967552 35 473 44096 126289421 0 1319448 6187516 0 2979 0 12390 12383594 64 0 33492 0
1791336744888140 62272470047 35 473 44945 129989198 0 1349724 6225512 0 2981 0 12390 12383683 64 0 33501 0
1791336745390520 62272972429 35 473 45769 133968691 0 1379988 6263368 0 2981 0 12391 12383773 64 0 33512 0
1791336745898469 62273480377 36 473 46455 136812385 0 1402488 6293820 0 2982 0 12392 12383857 64 0 33523 0
1791336746402277 62273984185 36 473 47250 140069728 0 1426752 6325804 0 2983 0 12394 12383945 64 0 33531 0
1791336746904652 62274486560 36 473 48219 143857075 0 1458324 6364968 0 2983 0 12394 12384032 64 0 33544 0
1791336747407580 62274989489 37 473 48947 146229314 0 1475604 6398509 0 2986 0 12394 12384122 64 0 33551 0
1791336747910839 62275492747 37 473 49027 146537757 0 1475604 6406333 0 2986 0 12394 12384216 64 0 33552 0
1791336748414047 62275995956 37 473 49107 146727562 0 1475604 6414053 0 2987 0 12394 12384310 64 0 33554 0
1791336748916513 62276498422 37 473 49186 146843372 0 1475604 6421645 0 2987 0 12394 12384406 64 0 33554 0
1791336749421946 62277003855 37 473 49265 146937189 0 1475604 6429365 0 2987 0 12396 12384502 64 0 33555 0
1791336749925333 62277507241 37 473 49345 147041343 0 1475604 6437085 0 2987 0 12396 12384599 64 0 33555 0
1791336750426781 62278008689 37 473 49510 147668268 0 1476852 6472943 0 2987 0 12397 12384696 64 0 33557 0
1791336750928818 62278510727 38 473 50596 151329235 0 1510944 6610355 0 2987 0 12400 12384787 64 0 33565 0
1791336751432132 62279014041 38 473 51553 153709614 0 1537836 6739383 0 2988 0 12400 12384872 64 0 33574 0
1791336751933115 62279515024 38 473 52555 156855206 0 1564932 6882151 0 2988 0 12400 12384961 64 0 33583 0
1791336752436488 62280018397 38 473 53551 159244150 0 1590660 7023807 0 2988 0 12402 12385047 64 0 33594 0
1791336752938047 62280519955 38 473 54535 162522468 0 1615600 7162643 0 2988 0 12405 12385136 64 0 33599 0
1791336753440645 62281022554 39 473 55567 164936326 0 1655928 7337531 0 2988 0 12407 12385224 64 0 33607 0
1791336753940921 62281522830 39 473 56533 168075363 0 1691716 7498255 0 2988 0 12407 12385321 64 0 33610 0
1791336754441790 62282023699 39 473 57301 169475535 0 1716252 7660207 0 2988 0 12407 12385415 64 0 33614 0
1791336754946227 62282528136 39 473 57873 170912343 0 1732152 7811979 0 2988 0 12407 12385511 64 0 33616 0
1791336755446684 62283028593 39 473 58691 173482119 0 1757504 7954547 0 2991 0 12408 12385601 64 0 33620 0
1791336755948773 62283530681 39 473 59750 177216605 0 1791128 8110147 0 2992 0 12410 12385694 64 0 33625 0
1791336756449802 62284031710 40 473 60847 179983605 0 1824428 8273015 0 2993 0 12412 12385782 64 0 33633 0
1791336756950438 62284532347 40 473 61964 182459300 0 1860248 8431043 0 2993 0 12415 12385871 64 0 33641 0
1791336757453042 62285034950 40 473 63038 185344231 0 1891736 8588779 0 2993 0 12419 12385955 64 0 33652 0
1791336757955074 62285536983 40 473 64040 189657614 0 1921784 8760979 0 2994 0 12420 12386041 64 0 33663 0
1791336758459510 62286041419 40 473 64971 192959298 0 1950584 8911627 0 2995 0 12420 12386129 64 0 33675 0
1791336758960754 62286542662 41 473 66057 196475570 0 1983608 9028027 0 2995 0 12421 12386221 64 0 33683 0
1791336759462382 62287044291 41 473 67164 199351745 0 2020728 9151483 0 2997 0 12423 12386309 64 0 33689 0
1791336759966816 62287548725 41 473 68217 203295701 0 2057188 9282127 0 2997 0 12426 12386398 64 0 33694 0
1791336760467767 62288049676 42 473 69249 205983911 0 2088448 9426099 0 2997 0 12427 12386486 64 0 33702 0
1791336760968199 62288550107 42 473 70382 209044620 0 2122984 9588659 0 2997 0 12429 12386579 64 0 33707 0
1791336761470249 62289052158 42 473 71518 211380509 0 2157640 9760731 0 2997 0 12430 12386667 64 0 33719 0
1791336761971587 62289553495 42 473 72470 214477139 0 2186008 9914163 0 2997 0 12432 12386758 64 0 33724 0
1791336762473759 62290055668 42 473 73540 217147393 0 2217880 10074291 0 2999 0 12435 12386845 64 0 33730 0
1791336762975600 62290557508 42 473 74532 219702734 0 2248684 10240967 0 3000 0 12435 12386937 64 0 33735 0
1791336763477930 62291059838 42 473 75528 221633764 0 2278528 10380307 0 3000 0 12435 12387030 64 0 33740 0
1791336763978443 62291560351 43 473 76601 224565930 0 2309932 10504351 0 3000 0 12438 12387115 64 0 33751 0
1791336764478873 62292060782 43 473 77699 227244406 0 2342380 10643335 0 3000 0 12439 12387208 64 0 33755 0
1791336764984160 62292566069 44 473 78864 230216828 0 2384020 10802191 0 3003 0 12440 12387295 64 0 33763 0
1791336765487588 62293069497 44 473 79858 232778348 0 2415456 10972587 0 3003 0 12442 12387385 64 0 33769 0
1791336765987996 62293569904 44 473 80703 235650319 0 2441832 11139339 0 3004 0 12442 12387478 64 0 33774 0
1791336766488894 62294070803 44 473 81420 238272636 0 2462136 11300147 0 3004 0 12442 12387569 64 0 33784 0
1791336766992787 62294574695 45 473 82181 241646105 0 2483136 11440267 0 3005 0 12443 12387659 64 0 33790 0
1791336767494282 62295076191 45 473 83330 245346014 0 2520552 11574595 0 3005 0 12443 12387750 64 0 33798 0
1791336767996465 62295578373 45 473 84437 248567210 0 2555208 11722195 0 3006 0 12445 12387840 64 0 33804 0
1791336768499474 62296081383 45 473 85578 251897571 0 2592168 11888723 0 3006 0 12446 12387931 64 0 33812 0
1791336769000046 62296581955 45 473 86730 255403618 0 2629800 12068403 0 3007 0 12448 12388018 64 0 33821 0
1791336769502379 62297084288 45 473 87656 257935206 0 2659848 12223515 0 3008 0 12448 12388105 64 0 33832 0
1791336770003829 62297585738 45 473 88732 260349559 0 2692704 12339619 0 3008 0 12451 12388191 64 0 33840 0
1791336770506820 62298088729 46 473 89825 264944127 0 2726936 12446419 0 3008 0 12455 12388271 64 0 33856 0
1791336771015502 62298597410 47 473 90862 268578504 0 2764644 12573551 0 3008 0 12460 12388356 64 0 33867 0
1791336771517910 62299099818 47 473 91817 273032482 0 2794980 12710655 0 3010 0 12462 12388441 64 0 33876 0
1791336772019299 62299601207 48 473 92737 279452419 0 2820264 12859331 0 3011 0 12465 12388522 64 0 33891 0
1791336772521280 62300103189 48 473 93749 282423179 0 2847552 13028667 0 3011 0 12466 12388605 64 0 33907 0
1791336773022253 62300604161 48 473 94679 286149226 0 2875428 13190743 0 3011 0 12468 12388688 64 0 33920 0
1791336773529992 62301111900 49 473 95661 289011299 0 2904288 13351075 0 3011 0 12469 12388778 64 0 33930 0
1791336774033366 62301615274 49 473 96731 294689817 0 2937792 13506427 0 3011 0 12470 12388865 64 0 33943 0
1791336774537317 62302119226 50 473 97854 300002524 0 2973408 13673411 0 3012 0 12473 12388947 64 0 33957 0
1791336775039826 62302621735 50 473 98841 304448611 0 3002016 13831587 0 3014 0 12475 12389028 64 0 33974 0
1791336775541004 62303122913 51 473 99834 307598062 0 3029376 13955283 0 3014 0 12478 12389113 64 0 33985 0
1791336776041779 62303623687 51 473 100186 309006832 0 3030636 13976219 0 3014 0 12479 12389206 64 0 33989 0
1791336776545476 62304127384 51 473 100265 309185411 0 3030636 13983939 0 3014 0 12480 12389299 64 0 33993 0
1791336777046823 62304628731 52 473 100344 309449395 0 3030636 13991531 0 3015 0 12480 12389394 64 0 33996 0
1791336777553742 62305135650 52 473 100425 309634721 0 3030636 13999483 0 3015 0 12482 12389488 64 0 33999 0
1791336778054515 62305636423 52 473 100506 309942150 0 3030636 14007203 0 3015 0 12483 12389583 64 0 34001 0
1791336778555366 62306137274 53 473 100585 310125293 0 3030636 14014795 0 3016 0 12483 12389679 64 0 34003 0
1791336779058033 62306639942 53 473 100663 310231605 0 3030636 14022515 0 3016 0 12483 12389776 64 0 34003 0
1791336779558773 62307140682 53 473 100744 310339142 0 3030636 14030235 0 3016 0 12483 12389871 64 0 34006 0
1791336780066193 62307648101 53 473 100823 310447653 0 3030636 14037827 0 3016 0 12483 12389967 64 0 34006 0
1791336780566609 62308148517 53 473 100902 310896123 0 3030636 14045547 0 3016 0 12485 12390062 64 0 34006 0
1791336781067211 62308649119 53 473 100982 311101717 0 3030636 14053371 0 3017 0 12486 12390153 64 0 34010 0
1791336781570030 62309151939 53 473 101062 311278004 0 3030636 14061091 0 3018 0 12486 12390248 64 0 34012 0
1791336782077147 62309659055 53 473 101142 311463813 0 3030636 14068811 0 3018 0 12486 12390345 64 0 34013 0
1791336782577604 62310159513 54 473 101221 311686672 0 3030636 14076403 0 3019 0 12487 12390440 64 0 34015 0
1791336783079165 62310661073 54 473 101300 311885573 0 3030636 14084123 0 3020 0 12488 12390538 64 0 34015 0
1791336783579652 62311161561 54 473 101379 312074683 0 3030636 14091715 0 3020 0 12488 12390630 64 0 34019 0
1791336783613145 62311195054 54 473 101384 312090274 0 3030636 14092307 0 3020 0 12489 12390635 64 0 34019 0
