# hz=100 page_bytes=4096 possible_cpus=2
# program_id=48 jit_bytes=6701 xlated_bytes=3728
# pos:	0
# flags:	02000002
# mnt_id:	10
# ino:	26
# prog_type:	1
# prog_jited:	1
# prog_tag:	e45e774793fd1fbd
# memlock:	4096
# prog_id:	48
# run_time_ns:	0
# run_cnt:	0
# recursion_misses:	0
# verified_insns:	199065
# map=counters type=6 key=4 value=24 max_entries=1
# pos:	0
# flags:	02000002
# mnt_id:	10
# ino:	26
# map_type:	6
# key_size:	4
# value_size:	24
# max_entries:	1
# map_flags:	0x0
# map_extra:	0x0
# memlock:	252
# map_id:	75
# frozen:	0
# map=flows type=9 key=36 value=32 max_entries=1024
# pos:	0
# flags:	02000002
# mnt_id:	10
# ino:	26
# map_type:	9
# key_size:	36
# value_size:	32
# max_entries:	1024
# map_flags:	0x0
# map_extra:	0x0
# memlock:	107456
# map_id:	73
# frozen:	0
# map=departures type=9 key=40 value=8 max_entries=8192
# pos:	0
# flags:	02000002
# mnt_id:	10
# ino:	26
# map_type:	9
# key_size:	40
# value_size:	8
# max_entries:	8192
# map_flags:	0x0
# map_extra:	0x0
# memlock:	656320
# map_id:	72
# frozen:	0
# map=samples type=27 key=0 value=0 max_entries=262144
# pos:	0
# flags:	02000002
# mnt_id:	10
# ino:	26
# map_type:	27
# key_size:	0
# value_size:	0
# max_entries:	262144
# map_flags:	0x0
# map_extra:	0x0
# memlock:	275148
# map_id:	74
# frozen:	0
realtime_us monotonic_us daemon_ticks rss_pages runs runtime_ns ring_full ack_bytes upload_bytes unaccounted host_user host_nice host_system host_idle host_iowait host_irq host_softirq host_steal
1791251415234413 20070909597 24 481 0 0 0 0 2058 0 898 0 4029 3989021 49 0 11009 0
1791251415735289 20071410473 24 481 78 120424 0 0 8578 0 899 0 4030 3989118 49 0 11010 0
1791251416237897 20071913081 25 481 158 172906 0 0 15000 0 899 0 4030 3989212 49 0 11012 0
1791251416742201 20072417385 25 481 240 233772 0 0 21722 0 899 0 4030 3989308 49 0 11013 0
1791251417242786 20072917969 25 481 317 287064 0 0 28242 0 899 0 4030 3989401 49 0 11014 0
1791251417743561 20073418745 25 481 396 345744 0 0 34664 0 899 0 4031 3989497 49 0 11014 0
1791251418244379 20073919563 25 481 477 387029 0 0 41184 0 899 0 4031 3989590 49 0 11016 0
1791251418745236 20074420420 25 481 556 425532 0 0 47606 0 899 0 4032 3989684 49 0 11018 0
1791251419246091 20074921274 26 481 635 629154 0 0 54126 0 900 0 4032 3989781 49 0 11018 0
1791251419751732 20075426916 26 481 717 680625 0 0 60688 0 900 0 4032 3989877 49 0 11019 0
1791251420252018 20075927202 26 481 795 730151 0 0 67110 0 900 0 4032 3989973 49 0 11021 0
1791251420754204 20076429388 26 481 874 787249 0 0 73532 0 900 0 4032 3990066 49 0 11023 0
1791251421254468 20076929652 26 481 953 1000642 0 0 80052 0 900 0 4032 3990159 49 0 11026 0
1791251421759032 20077434216 26 481 1032 1045456 0 0 86474 0 900 0 4032 3990257 49 0 11028 0
1791251422263931 20077939115 26 481 1113 1100706 0 0 93196 0 900 0 4032 3990353 49 0 11028 0
1791251422765123 20078440306 26 481 1193 1146364 0 0 99716 0 900 0 4033 3990446 49 0 11030 0
1791251423270243 20078945426 26 481 1273 1214711 0 0 106212 0 900 0 4034 3990541 49 0 11033 0
1791251423771992 20079447175 26 481 1488 1759840 0 396 218134 0 901 0 4034 3990635 49 0 11034 0
1791251424272673 20079947857 26 481 1711 2587969 0 396 368386 0 902 0 4034 3990730 49 0 11037 0
1791251424773102 20080448285 26 481 1946 3388526 0 396 535390 0 902 0 4034 3990825 49 0 11039 0
1791251425274372 20080949556 26 481 2207 3759818 0 396 694824 0 902 0 4034 3990920 49 0 11041 0
1791251425779577 20081454761 26 481 2440 4345411 0 396 855674 0 902 0 4034 3991015 49 0 11045 0
1791251426280664 20081955847 28 481 2667 4923055 0 396 1001684 0 902 0 4034 3991111 49 0 11048 0
1791251426782487 20082457671 28 481 2871 5270160 0 396 1127510 0 902 0 4034 3991206 49 0 11051 0
1791251427283824 20082959008 28 481 3081 5875441 0 396 1265950 0 903 0 4034 3991300 49 0 11054 0
1791251427786880 20083462063 28 481 3309 6563346 0 396 1417716 0 903 0 4034 3991392 49 0 11059 0
1791251428287158 20083962342 28 481 3546 6952392 0 396 1584720 0 903 0 4035 3991488 49 0 11060 0
1791251428787417 20084462601 28 481 3779 7480170 0 396 1756266 0 903 0 4035 3991579 49 0 11065 0
1791251429288464 20084963647 28 481 4003 7841367 0 396 1897532 0 903 0 4035 3991676 49 0 11067 0
1791251429792028 20085467211 28 481 4195 8449559 0 396 2005392 0 903 0 4035 3991772 49 0 11068 0
1791251430292718 20085967901 28 481 4391 9095509 0 396 2120920 0 903 0 4035 3991869 49 0 11068 0
1791251430795276 20086470460 28 481 4591 9452468 0 396 2248462 0 903 0 4035 3991963 49 0 11072 0
1791251431295760 20086970944 29 481 4803 10112081 0 396 2389728 0 903 0 4035 3992059 49 0 11076 0
1791251431800563 20087475746 29 481 5031 11116342 0 396 2547550 0 903 0 4035 3992155 49 0 11079 0
1791251432304410 20087979593 29 481 5270 11736516 0 396 2719298 0 903 0 4036 3992252 49 0 11080 0
1791251432806433 20088481617 29 481 5502 12231184 0 396 2880246 0 903 0 4036 3992350 49 0 11083 0
1791251433311679 20088986863 29 481 5720 12925245 0 396 3015358 0 903 0 4036 3992450 49 0 11083 0
1791251433812558 20089487741 29 481 5920 13389345 0 396 3138456 0 903 0 4036 3992545 49 0 11084 0
1791251434316070 20089991254 29 481 6128 13759258 0 396 3275180 0 903 0 4037 3992642 49 0 11085 0
1791251434823406 20090498590 29 481 6353 14118796 0 396 3427044 0 904 0 4037 3992734 49 0 11089 0
1791251435328598 20091003781 29 481 6590 14449819 0 396 3594152 0 904 0 4037 3992835 49 0 11090 0
1791251435829921 20091505105 29 481 6825 14847670 0 396 3762670 0 904 0 4037 3992934 49 0 11090 0
1791251436332817 20092008000 29 481 7050 15393738 0 396 3909894 0 904 0 4037 3993024 49 0 11094 0
1791251436834657 20092509841 29 481 7254 15769715 0 396 4028450 0 904 0 4038 3993117 49 0 11096 0
1791251437335207 20093010391 29 481 7454 16028121 0 396 4157604 0 904 0 4039 3993214 49 0 11098 0
1791251437836710 20093511893 29 481 7668 16434140 0 396 4300286 0 904 0 4039 3993309 49 0 11100 0
1791251438337128 20094012311 29 481 7896 16769154 0 396 4458206 0 904 0 4039 3993405 49 0 11101 0
1791251438838117 20094513300 29 481 8026 17126222 0 594 4494238 0 904 0 4039 3993499 49 0 11104 0
1791251439340619 20095015803 29 481 8106 17209986 0 594 4500758 0 904 0 4039 3993593 49 0 11106 0
1791251439841951 20095517135 30 481 8186 17253258 0 594 4507480 0 904 0 4039 3993689 49 0 11106 0
1791251440343632 20096018816 30 481 8267 17314336 0 594 4514000 0 904 0 4039 3993787 49 0 11106 0
1791251440845712 20096520896 31 481 8346 17354951 0 594 4520422 0 904 0 4039 3993886 49 0 11107 0
1791251441347022 20097022206 31 481 8426 17403469 0 594 4526942 0 905 0 4039 3993979 49 0 11107 0
1791251441848564 20097523747 31 481 8991 18126983 0 17346 4551374 0 905 0 4042 3994069 49 0 11114 0
1791251442351771 20098026954 31 481 10234 19540844 0 54900 4595350 0 905 0 4042 3994166 49 0 11117 0
1791251442854311 20098529495 31 481 11357 21202729 0 86580 4633550 0 905 0 4043 3994257 49 0 11123 0
1791251443355686 20099030870 31 481 12468 22505501 0 118260 4671652 0 905 0 4043 3994353 49 0 11129 0
1791251443857317 20099532501 31 481 13574 24988441 0 149610 4709522 0 905 0 4043 3994444 49 0 11137 0
1791251444362059 20100037242 31 481 14696 27792985 0 180894 4747228 0 905 0 4046 3994530 49 0 11148 0
1791251444863119 20100538303 31 481 15766 30183142 0 210488 4783544 0 905 0 4047 3994621 49 0 11154 0
1791251445364480 20101039664 31 481 16752 32149878 0 243138 4822616 0 905 0 4047 3994713 49 0 11160 0
1791251445865359 20101540542 32 481 17599 33360214 0 265296 4851294 0 905 0 4047 3994811 49 0 11163 0
1791251446369221 20102044405 32 481 18390 34760983 0 285186 4877704 0 905 0 4047 3994910 49 0 11165 0
1791251446870964 20102546148 32 481 19215 36389636 0 305202 4904142 0 905 0 4048 3995004 49 0 11170 0
1791251447373569 20103048753 32 481 20234 38144076 0 330804 4936264 0 905 0 4049 3995096 49 0 11177 0
1791251447874629 20103549813 32 481 21276 39660007 0 356742 4968624 0 905 0 4049 3995189 49 0 11184 0
1791251448377821 20104053005 32 481 22306 40900373 0 381888 5000290 0 906 0 4050 3995282 49 0 11190 0
1791251448878971 20104554155 32 481 23370 42289990 0 408750 5033672 0 906 0 4050 3995377 49 0 11195 0
1791251449383219 20105058402 32 481 24374 43987347 0 432990 5064334 0 906 0 4051 3995468 49 0 11203 0
1791251449884640 20105559824 32 481 25478 47443121 0 465462 5103528 0 906 0 4052 3995557 49 0 11212 0
1791251450390011 20106065195 32 481 26517 49640134 0 495746 5140234 0 906 0 4053 3995651 49 0 11217 0
1791251450893448 20106568632 33 481 27433 51336600 0 520316 5171324 0 906 0 4053 3995747 49 0 11221 0
1791251451393668 20107068852 33 481 28262 53240277 0 539972 5197500 0 906 0 4055 3995837 49 0 11228 0
1791251451894336 20107569520 33 481 29133 54507415 0 559424 5223374 0 906 0 4057 3995932 49 0 11231 0
1791251452395844 20108071027 33 481 30128 56305488 0 582008 5252478 0 906 0 4057 3996028 49 0 11237 0
1791251452897597 20108572781 33 481 31150 57678958 0 606362 5283254 0 906 0 4061 3996120 49 0 11240 0
1791251453398805 20109073989 33 481 32181 59668993 0 631280 5314692 0 906 0 4063 3996213 49 0 11245 0
1791251453901715 20109576899 33 481 33170 61182766 0 654974 5344808 0 906 0 4063 3996308 49 0 11250 0
1791251454403754 20110078938 33 481 34213 64035605 0 679640 5375994 0 906 0 4063 3996400 49 0 11257 0
1791251454905679 20110580863 33 481 35321 67098189 0 712478 5415456 0 906 0 4066 3996492 49 0 11263 0
1791251455406832 20111082016 34 481 36218 70282603 0 734654 5444152 0 906 0 4069 3996577 49 0 11271 0
1791251455907700 20111582884 34 481 37249 71846166 0 759962 5475980 0 906 0 4069 3996670 49 0 11278 0
1791251456409840 20112085024 34 481 38303 73834118 0 786260 5508700 0 906 0 4072 3996764 49 0 11280 0
1791251456914195 20112589378 34 481 39368 76054027 0 813062 5542022 0 906 0 4074 3996856 49 0 11287 0
1791251457418100 20113093284 34 481 40353 78066780 0 837224 5572802 0 906 0 4075 3996948 49 0 11295 0
1791251457919530 20113594714 34 481 41402 80752764 0 862898 5604898 0 906 0 4077 3997041 49 0 11300 0
1791251458421635 20114096818 34 481 42458 83722418 0 890852 5639372 0 906 0 4079 3997130 49 0 11308 0
1791251458922680 20114597864 34 481 43486 85751550 0 915866 5671010 0 906 0 4079 3997222 49 0 11315 0
1791251459424422 20115099606 34 481 44527 87489649 0 941510 5703174 0 906 0 4080 3997311 49 0 11324 0
1791251459925182 20115600365 35 481 45615 89953292 0 968858 5737042 0 906 0 4080 3997407 49 0 11330 0
1791251460425398 20116100582 35 481 46626 92687178 0 993578 5768184 0 906 0 4081 3997495 49 0 11338 0
1791251460925793 20116600977 35 481 47713 94994158 0 1021768 5802894 0 906 0 4081 3997585 49 0 11346 0
1791251461427684 20117102867 35 481 48744 96523696 0 1050540 5838088 0 907 0 4081 3997679 49 0 11350 0
1791251461930001 20117605183 35 481 49402 97693415 0 1063896 5862319 0 907 0 4082 3997771 49 0 11357 0
1791251462431299 20118106483 35 481 49481 97755657 0 1063896 5868741 0 907 0 4082 3997867 49 0 11358 0
1791251462931774 20118606958 35 481 49560 97799113 0 1063896 5875261 0 907 0 4082 3997965 49 0 11358 0
1791251463433625 20119108808 35 481 49639 97890736 0 1063896 5881683 0 907 0 4083 3998059 49 0 11358 0
1791251463938916 20119614100 36 481 49721 97975945 0 1063896 5888405 0 907 0 4085 3998157 49 0 11358 0
1791251464443988 20120119171 36 481 49801 98078294 0 1063896 5894925 0 907 0 4085 3998249 49 0 11360 0
1791251464944829 20120620013 36 481 49982 98433049 0 1065414 5925933 0 907 0 4088 3998340 49 0 11364 0
1791251465445468 20121120651 36 481 51106 100097928 0 1095474 6039629 0 907 0 4089 3998435 49 0 11369 0
1791251465946347 20121621531 36 481 52174 101895803 0 1117782 6147185 0 907 0 4090 3998530 49 0 11374 0
1791251466449506 20122124689 36 481 53269 104134295 0 1148026 6258135 0 907 0 4091 3998623 49 0 11380 0
1791251466950219 20122625402 36 481 54411 106202117 0 1185564 6377795 0 907 0 4092 3998715 49 0 11386 0
1791251467452791 20123127974 36 481 55596 107715051 0 1221502 6507967 0 907 0 4092 3998809 49 0 11391 0
1791251467954867 20123630051 36 481 56605 110305299 0 1242294 6660941 0 907 0 4092 3998901 49 0 11398 0
1791251468455522 20124130705 37 481 57437 111936734 0 1258610 6826093 0 907 0 4092 3998994 49 0 11403 0
1791251468958152 20124633336 37 481 58087 113157630 0 1271150 6975259 0 907 0 4093 3999082 49 0 11411 0
1791251469462878 20125138061 37 481 58973 114728912 0 1288706 7091689 0 907 0 4093 3999180 49 0 11412 0
1791251469964583 20125639767 37 481 60016 116354782 0 1309958 7205961 0 907 0 4095 3999272 49 0 11418 0
1791251470470994 20126146178 37 481 61088 117674959 0 1331948 7334297 0 907 0 4096 3999366 49 0 11423 0
1791251470971610 20126646794 37 481 62230 119219122 0 1355888 7472251 0 907 0 4097 3999459 49 0 11428 0
1791251471472895 20127148079 37 481 63337 121098764 0 1379174 7623177 0 908 0 4097 3999551 49 0 11435 0
1791251471974839 20127650023 38 481 64410 122274666 0 1403382 7791581 0 908 0 4097 3999640 49 0 11446 0
1791251472475162 20128150346 38 481 65251 124391787 0 1422060 7930329 0 910 0 4098 3999735 49 0 11450 0
1791251472979398 20128654582 38 481 66333 126369279 0 1445920 8034895 0 910 0 4098 3999823 49 0 11460 0
1791251473479945 20129155129 38 481 67433 129020842 0 1471300 8135029 0 910 0 4098 3999912 49 0 11468 0
1791251473985465 20129660649 38 481 68534 131373394 0 1495654 8246145 0 910 0 4099 4000010 49 0 11470 0
1791251474490510 20130165694 38 481 69618 133558372 0 1520620 8369985 0 910 0 4100 4000100 49 0 11476 0
1791251474993926 20130669110 39 481 70822 135689748 0 1547780 8508033 0 910 0 4100 4000190 49 0 11486 0
1791251475494642 20131169826 39 481 71921 138741751 0 1570940 8660347 0 910 0 4101 4000282 49 0 11491 0
1791251475995907 20131671091 39 481 72959 140794815 0 1593482 8825571 0 910 0 4102 4000371 49 0 11501 0
1791251476498288 20132173472 39 481 73787 142078590 0 1610510 8967211 0 910 0 4103 4000465 49 0 11505 0
1791251477001783 20132676966 39 481 74835 144432037 0 1633478 9075427 0 910 0 4104 4000557 49 0 11512 0
1791251477503827 20133179010 39 481 75936 146096559 0 1658570 9181127 0 910 0 4106 4000643 49 0 11520 0
1791251478007319 20133682503 39 481 76916 148430867 0 1683188 9306335 0 911 0 4107 4000735 49 0 11525 0
1791251478507865 20134183049 39 481 77977 150262256 0 1706438 9445113 0 911 0 4107 4000831 49 0 11530 0
1791251479013362 20134688546 40 481 79126 152362839 0 1731206 9600451 0 911 0 4107 4000925 49 0 11535 0
1791251479515855 20135191037 40 481 80157 157634551 0 1752734 9749619 0 911 0 4109 4001006 49 0 11552 0
1791251480016779 20135691962 40 481 81007 161536542 0 1769018 9902529 0 911 0 4110 4001092 49 0 11562 0
1791251480523587 20136198771 40 481 81871 168769823 0 1785254 10048017 0 911 0 4110 4001179 49 0 11574 0
1791251481024401 20136699585 40 481 82750 173135725 0 1802876 10197925 0 912 0 4111 4001264 49 0 11583 0
1791251481525232 20137200415 42 481 83778 176924769 0 1823744 10330993 0 912 0 4112 4001345 49 0 11594 0
1791251482033020 20137708203 42 481 84860 179358151 0 1846646 10483251 0 915 0 4117 4001431 49 0 11600 0
1791251482539151 20138214335 42 481 85899 181538926 0 1867766 10630497 0 915 0 4119 4001519 49 0 11608 0
1791251483042989 20138718172 42 481 86971 184575393 0 1890668 10747633 0 915 0 4120 4001609 49 0 11613 0
1791251483543590 20139218773 42 481 88066 188192658 0 1913900 10879025 0 915 0 4123 4001696 49 0 11621 0
1791251484044700 20139719884 43 481 89246 191907102 0 1949184 11020753 0 916 0 4123 4001788 49 0 11626 0
1791251484545813 20140220997 43 481 90270 194315428 0 1972982 11175121 0 917 0 4124 4001882 49 0 11632 0
1791251485051466 20140726650 43 481 91011 196271922 0 1988540 11333459 0 917 0 4125 4001974 49 0 11635 0
1791251485552527 20141227711 43 481 91606 198167843 0 1999412 11487013 0 917 0 4125 4002071 49 0 11638 0
1791251486053642 20141728825 43 481 92229 200169144 0 2011214 11617371 0 917 0 4126 4002166 49 0 11642 0
1791251486554196 20142229379 44 481 93287 202581976 0 2033522 11730885 0 917 0 4127 4002257 49 0 11650 0
1791251487057230 20142732414 44 481 94435 204782818 0 2059274 11857025 0 917 0 4128 4002352 49 0 11654 0
1791251487558555 20143233739 44 481 95546 208086241 0 2083496 11995163 0 917 0 4129 4002445 49 0 11661 0
1791251488060109 20143735293 44 481 96717 209913066 0 2109896 12149203 0 917 0 4130 4002538 49 0 11665 0
1791251488564087 20144239271 44 481 97876 212235676 0 2135570 12299489 0 917 0 4130 4002631 49 0 11672 0
1791251489065164 20144740348 45 481 98984 215200507 0 2160386 12450333 0 917 0 4130 4002722 49 0 11682 0
1791251489565741 20145240925 45 481 100056 217043812 0 2183156 12576519 0 917 0 4132 4002815 49 0 11686 0
1791251490066538 20145741722 45 481 101172 219553190 0 2207180 12674373 0 917 0 4134 4002909 49 0 11689 0
1791251490573008 20146248191 45 481 101604 220098864 0 2209160 12692621 0 917 0 4134 4003003 49 0 11695 0
1791251491073674 20146748858 45 481 101684 220231101 0 2209160 12699141 0 917 0 4136 4003099 49 0 11695 0
1791251491574224 20147249408 45 481 101763 220350113 0 2209160 12705661 0 917 0 4137 4003196 49 0 11696 0
1791251492075327 20147750510 45 481 101842 220559048 0 2209160 12712083 0 918 0 4138 4003294 49 0 11696 0
1791251492577261 20148252444 45 481 101921 220676893 0 2209160 12718603 0 918 0 4138 4003387 49 0 11699 0
1791251493078219 20148753402 46 481 102000 220754947 0 2209160 12725025 0 919 0 4139 4003480 49 0 11700 0
1791251493579148 20149254332 46 481 102080 220812834 0 2209160 12731747 0 919 0 4139 4003576 49 0 11700 0
1791251494079420 20149754604 46 481 102158 220877755 0 2209160 12737967 0 919 0 4140 4003669 49 0 11703 0
1791251494583238 20150258422 46 481 102239 220955355 0 2209160 12744689 0 919 0 4140 4003764 49 0 11704 0
1791251495083432 20150758616 46 481 102318 221043863 0 2209160 12751209 0 919 0 4141 4003861 49 0 11705 0
1791251495587239 20151262423 46 481 102397 221102599 0 2209160 12757631 0 919 0 4141 4003962 49 0 11705 0
1791251496088154 20151763338 46 481 102477 221170979 0 2209160 12764151 0 920 0 4141 4004059 49 0 11707 0
1791251496592248 20152267432 46 481 102555 221226746 0 2209160 12770573 0 920 0 4142 4004152 49 0 11707 0
1791251497093834 20152769018 46 481 102636 221281880 0 2209160 12777093 0 920 0 4142 4004249 49 0 11707 0
1791251497594996 20153270180 46 481 102715 221337757 0 2209160 12783613 0 922 0 4142 4004345 49 0 11709 0
1791251498095407 20153770591 46 481 102794 221397498 0 2209160 12790035 0 922 0 4142 4004442 49 0 11710 0
1791251498137397 20153812581 46 481 102802 221402845 0 2209160 12790635 0 922 0 4143 4004449 49 0 11710 0
