# hz=100 page_bytes=4096 possible_cpus=2
realtime_us monotonic_us daemon_ticks rss_pages runs runtime_ns ring_full ack_bytes upload_bytes unaccounted host_user host_nice host_system host_idle host_iowait host_irq host_softirq host_steal
1791251326779952 19982455136 0 321 0 0 0 0 0 0 858 0 3875 3972573 48 0 10344 0
1791251327281700 19982956884 0 321 0 0 0 0 0 0 858 0 3875 3972671 48 0 10344 0
1791251327782654 19983457838 0 321 0 0 0 0 0 0 858 0 3875 3972766 48 0 10345 0
1791251328286177 19983961361 0 321 0 0 0 0 0 0 858 0 3875 3972864 48 0 10345 0
1791251328788670 19984463854 0 321 0 0 0 0 0 0 858 0 3875 3972960 48 0 10346 0
1791251329289514 19984964698 0 321 0 0 0 0 0 0 859 0 3875 3973055 48 0 10346 0
1791251329790771 19985465955 1 321 0 0 0 0 0 0 859 0 3875 3973151 48 0 10350 0
1791251330293478 19985968662 1 321 0 0 0 0 0 0 859 0 3875 3973246 48 0 10352 0
1791251330796138 19986471321 1 321 0 0 0 0 0 0 859 0 3875 3973339 49 0 10354 0
1791251331297011 19986972195 1 321 0 0 0 0 0 0 860 0 3876 3973433 49 0 10356 0
1791251331798181 19987473365 1 321 0 0 0 0 0 0 860 0 3876 3973528 49 0 10358 0
1791251332298434 19987973618 1 321 0 0 0 0 0 0 861 0 3877 3973623 49 0 10358 0
1791251332802188 19988477372 1 321 0 0 0 0 0 0 861 0 3877 3973721 49 0 10359 0
1791251333303466 19988978650 1 321 0 0 0 0 0 0 861 0 3878 3973814 49 0 10362 0
1791251333804114 19989479297 1 321 0 0 0 0 0 0 861 0 3879 3973905 49 0 10364 0
1791251334310182 19989985365 1 321 0 0 0 0 0 0 861 0 3879 3974000 49 0 10367 0
1791251334811149 19990486333 2 321 0 0 0 0 0 0 861 0 3880 3974094 49 0 10368 0
1791251335313270 19990988454 2 321 0 0 0 0 0 0 861 0 3881 3974190 49 0 10369 0
1791251335813956 19991489139 2 321 0 0 0 0 0 0 862 0 3881 3974283 49 0 10373 0
1791251336315268 19991990451 2 321 0 0 0 0 0 0 862 0 3883 3974379 49 0 10377 0
1791251336817875 19992493058 2 321 0 0 0 0 0 0 862 0 3884 3974471 49 0 10380 0
1791251337320749 19992995933 2 321 0 0 0 0 0 0 862 0 3884 3974567 49 0 10383 0
1791251337823049 19993498233 2 321 0 0 0 0 0 0 863 0 3886 3974662 49 0 10384 0
1791251338327741 19994002925 3 321 0 0 0 0 0 0 863 0 3886 3974761 49 0 10384 0
1791251338828395 19994503579 3 321 0 0 0 0 0 0 863 0 3886 3974855 49 0 10387 0
1791251339332491 19995007675 3 321 0 0 0 0 0 0 863 0 3887 3974948 49 0 10390 0
1791251339833160 19995508344 3 321 0 0 0 0 0 0 863 0 3887 3975042 49 0 10392 0
1791251340339795 19996014979 3 321 0 0 0 0 0 0 863 0 3887 3975138 49 0 10395 0
1791251340841093 19996516276 3 321 0 0 0 0 0 0 863 0 3887 3975232 49 0 10397 0
1791251341342686 19997017870 3 321 0 0 0 0 0 0 863 0 3889 3975322 49 0 10403 0
1791251341844858 19997520042 3 321 0 0 0 0 0 0 863 0 3889 3975418 49 0 10405 0
1791251342345837 19998021021 3 321 0 0 0 0 0 0 863 0 3889 3975518 49 0 10406 0
1791251342846516 19998521698 4 321 0 0 0 0 0 0 863 0 3889 3975616 49 0 10407 0
1791251343347040 19999022224 4 321 0 0 0 0 0 0 863 0 3889 3975709 49 0 10409 0
1791251343847688 19999522872 4 321 0 0 0 0 0 0 863 0 3890 3975802 49 0 10411 0
1791251344351162 20000026346 4 321 0 0 0 0 0 0 863 0 3890 3975893 49 0 10415 0
1791251344854625 20000529809 4 321 0 0 0 0 0 0 863 0 3890 3975990 49 0 10416 0
1791251345356162 20001031345 4 321 0 0 0 0 0 0 863 0 3890 3976086 49 0 10420 0
1791251345863131 20001538315 5 321 0 0 0 0 0 0 863 0 3890 3976180 49 0 10423 0
1791251346366204 20002041388 5 321 0 0 0 0 0 0 863 0 3890 3976276 49 0 10424 0
1791251346872530 20002547714 5 321 0 0 0 0 0 0 863 0 3890 3976373 49 0 10425 0
1791251347372852 20003048036 5 321 0 0 0 0 0 0 863 0 3891 3976467 49 0 10425 0
1791251347877169 20003552353 5 321 0 0 0 0 0 0 863 0 3891 3976564 49 0 10427 0
1791251348378716 20004053899 5 321 0 0 0 0 0 0 863 0 3891 3976654 49 0 10431 0
1791251348882567 20004557751 5 321 0 0 0 0 0 0 864 0 3892 3976747 49 0 10432 0
1791251349388165 20005063348 5 321 0 0 0 0 0 0 864 0 3892 3976843 49 0 10435 0
1791251349888714 20005563898 5 321 0 0 0 0 0 0 864 0 3893 3976935 49 0 10439 0
1791251350389273 20006064457 6 321 0 0 0 0 0 0 864 0 3894 3977030 49 0 10439 0
1791251350889826 20006565010 6 321 0 0 0 0 0 0 865 0 3894 3977122 49 0 10440 0
1791251351390165 20007065349 6 321 0 0 0 0 0 0 866 0 3895 3977217 49 0 10440 0
1791251351892765 20007567949 6 321 0 0 0 0 0 0 866 0 3895 3977311 49 0 10441 0
1791251352393959 20008069143 6 321 0 0 0 0 0 0 866 0 3896 3977404 49 0 10444 0
1791251352895287 20008570471 6 321 0 0 0 0 0 0 866 0 3896 3977502 49 0 10445 0
1791251353398734 20009073918 6 321 0 0 0 0 0 0 866 0 3897 3977599 49 0 10446 0
1791251353901748 20009576932 6 321 0 0 0 0 0 0 866 0 3897 3977697 49 0 10447 0
1791251354402230 20010077414 6 321 0 0 0 0 0 0 867 0 3897 3977791 49 0 10447 0
1791251354902392 20010577575 7 321 0 0 0 0 0 0 867 0 3897 3977888 49 0 10448 0
1791251355404556 20011079739 7 321 0 0 0 0 0 0 868 0 3897 3977985 49 0 10448 0
1791251355905899 20011581083 7 321 0 0 0 0 0 0 868 0 3897 3978080 49 0 10451 0
1791251356408360 20012083544 7 321 0 0 0 0 0 0 869 0 3897 3978175 49 0 10453 0
1791251356908676 20012583859 7 321 0 0 0 0 0 0 869 0 3898 3978266 49 0 10458 0
1791251357411476 20013086659 7 321 0 0 0 0 0 0 869 0 3898 3978363 49 0 10460 0
1791251357914286 20013589469 7 321 0 0 0 0 0 0 869 0 3898 3978459 49 0 10461 0
1791251358415223 20014090407 7 321 0 0 0 0 0 0 869 0 3899 3978555 49 0 10465 0
1791251358917599 20014592783 8 321 0 0 0 0 0 0 870 0 3900 3978650 49 0 10468 0
1791251359423818 20015099002 8 321 0 0 0 0 0 0 870 0 3900 3978741 49 0 10475 0
1791251359927003 20015602187 8 321 0 0 0 0 0 0 871 0 3901 3978833 49 0 10482 0
1791251360427197 20016102381 8 321 0 0 0 0 0 0 871 0 3903 3978925 49 0 10488 0
1791251360927431 20016602614 8 321 0 0 0 0 0 0 873 0 3903 3979017 49 0 10494 0
1791251361433851 20017109034 8 321 0 0 0 0 0 0 873 0 3904 3979111 49 0 10498 0
1791251361935024 20017610208 8 321 0 0 0 0 0 0 873 0 3905 3979200 49 0 10504 0
1791251362435949 20018111132 9 321 0 0 0 0 0 0 873 0 3906 3979290 49 0 10514 0
1791251362937727 20018612911 9 321 0 0 0 0 0 0 873 0 3906 3979378 49 0 10525 0
1791251363438171 20019113355 9 321 0 0 0 0 0 0 873 0 3908 3979465 49 0 10533 0
1791251363939187 20019614370 9 321 0 0 0 0 0 0 874 0 3910 3979550 49 0 10545 0
1791251364440028 20020115211 9 321 0 0 0 0 0 0 874 0 3912 3979640 49 0 10552 0
1791251364943598 20020618781 9 321 0 0 0 0 0 0 874 0 3915 3979728 49 0 10562 0
1791251365445502 20021120686 9 321 0 0 0 0 0 0 875 0 3916 3979812 49 0 10578 0
1791251365947243 20021622426 10 321 0 0 0 0 0 0 875 0 3916 3979895 49 0 10594 0
1791251366448241 20022123424 10 321 0 0 0 0 0 0 875 0 3918 3979979 49 0 10607 0
1791251366952326 20022627508 10 321 0 0 0 0 0 0 877 0 3919 3980052 49 0 10621 0
1791251367456127 20023131310 10 321 0 0 0 0 0 0 877 0 3921 3980141 49 0 10632 0
1791251367959718 20023634901 10 321 0 0 0 0 0 0 877 0 3923 3980222 49 0 10647 0
1791251368463313 20024138496 11 321 0 0 0 0 0 0 877 0 3924 3980309 49 0 10656 0
1791251368963860 20024639044 11 321 0 0 0 0 0 0 877 0 3926 3980398 49 0 10665 0
1791251369464247 20025139431 11 321 0 0 0 0 0 0 877 0 3927 3980490 49 0 10670 0
1791251369965618 20025640802 11 321 0 0 0 0 0 0 877 0 3931 3980573 49 0 10684 0
1791251370473476 20026148660 11 321 0 0 0 0 0 0 877 0 3934 3980652 49 0 10699 0
1791251370978738 20026653921 11 321 0 0 0 0 0 0 877 0 3934 3980743 49 0 10709 0
1791251371479959 20027155142 11 321 0 0 0 0 0 0 877 0 3936 3980833 49 0 10718 0
1791251371985853 20027661037 11 321 0 0 0 0 0 0 877 0 3937 3980924 49 0 10728 0
1791251372486388 20028161572 12 321 0 0 0 0 0 0 877 0 3938 3981010 49 0 10740 0
1791251372988522 20028663705 12 321 0 0 0 0 0 0 877 0 3941 3981098 49 0 10748 0
1791251373492644 20029167827 12 321 0 0 0 0 0 0 877 0 3942 3981186 49 0 10758 0
1791251373993440 20029668623 12 321 0 0 0 0 0 0 877 0 3942 3981281 49 0 10761 0
1791251374495495 20030170678 12 321 0 0 0 0 0 0 877 0 3943 3981375 49 0 10763 0
1791251375000580 20030675763 12 321 0 0 0 0 0 0 877 0 3944 3981473 49 0 10764 0
1791251375503110 20031178294 13 321 0 0 0 0 0 0 877 0 3944 3981571 49 0 10765 0
1791251376003817 20031679000 13 321 0 0 0 0 0 0 877 0 3945 3981668 49 0 10765 0
1791251376506468 20032181652 13 321 0 0 0 0 0 0 877 0 3948 3981760 49 0 10769 0
1791251377007325 20032682509 13 321 0 0 0 0 0 0 877 0 3950 3981848 49 0 10778 0
1791251377508208 20033183392 13 321 0 0 0 0 0 0 878 0 3950 3981944 49 0 10781 0
1791251378010873 20033686057 13 321 0 0 0 0 0 0 878 0 3952 3982032 49 0 10788 0
1791251378512918 20034188101 13 321 0 0 0 0 0 0 878 0 3952 3982130 49 0 10790 0
1791251379014121 20034689305 14 321 0 0 0 0 0 0 878 0 3952 3982226 49 0 10793 0
1791251379517203 20035192386 14 321 0 0 0 0 0 0 879 0 3952 3982320 49 0 10798 0
1791251380023094 20035698277 14 321 0 0 0 0 0 0 880 0 3952 3982411 49 0 10806 0
1791251380523746 20036198930 14 321 0 0 0 0 0 0 880 0 3953 3982496 49 0 10817 0
1791251381026328 20036701512 14 321 0 0 0 0 0 0 880 0 3955 3982589 49 0 10822 0
1791251381531879 20037207063 14 321 0 0 0 0 0 0 880 0 3957 3982680 49 0 10829 0
1791251382032333 20037707517 14 321 0 0 0 0 0 0 880 0 3957 3982776 49 0 10833 0
1791251382536541 20038211724 14 321 0 0 0 0 0 0 880 0 3957 3982869 49 0 10839 0
1791251383044076 20038719260 14 321 0 0 0 0 0 0 881 0 3957 3982958 49 0 10850 0
1791251383544426 20039219609 16 321 0 0 0 0 0 0 882 0 3957 3983047 49 0 10858 0
1791251384047373 20039722556 16 321 0 0 0 0 0 0 883 0 3958 3983138 49 0 10865 0
1791251384550094 20040225277 16 321 0 0 0 0 0 0 883 0 3958 3983226 49 0 10878 0
1791251385052775 20040727958 16 321 0 0 0 0 0 0 883 0 3960 3983313 49 0 10887 0
1791251385559186 20041234370 16 321 0 0 0 0 0 0 884 0 3962 3983406 49 0 10892 0
1791251386060195 20041735378 17 321 0 0 0 0 0 0 885 0 3962 3983499 49 0 10896 0
1791251386561674 20042236857 17 321 0 0 0 0 0 0 885 0 3962 3983591 49 0 10902 0
1791251387062331 20042737514 17 321 0 0 0 0 0 0 885 0 3962 3983685 49 0 10906 0
1791251387565239 20043240423 17 321 0 0 0 0 0 0 886 0 3963 3983777 49 0 10912 0
1791251388068310 20043743494 17 321 0 0 0 0 0 0 886 0 3963 3983874 49 0 10915 0
1791251388573054 20044248237 18 321 0 0 0 0 0 0 886 0 3964 3983967 49 0 10921 0
1791251389073643 20044748827 18 321 0 0 0 0 0 0 886 0 3965 3984059 49 0 10926 0
1791251389573999 20045249183 18 321 0 0 0 0 0 0 886 0 3965 3984154 49 0 10930 0
1791251390076503 20045751687 18 321 0 0 0 0 0 0 886 0 3967 3984245 49 0 10935 0
1791251390577475 20046252659 18 321 0 0 0 0 0 0 886 0 3967 3984340 49 0 10939 0
1791251391082533 20046757716 18 321 0 0 0 0 0 0 886 0 3967 3984436 49 0 10942 0
1791251391586931 20047262114 18 321 0 0 0 0 0 0 886 0 3969 3984531 49 0 10943 0
1791251392093374 20047768558 18 321 0 0 0 0 0 0 886 0 3969 3984629 49 0 10944 0
1791251392594505 20048269689 18 321 0 0 0 0 0 0 886 0 3969 3984723 49 0 10948 0
1791251393094828 20048770012 18 321 0 0 0 0 0 0 886 0 3969 3984816 49 0 10952 0
1791251393595905 20049271089 19 321 0 0 0 0 0 0 887 0 3969 3984911 49 0 10955 0
1791251394099133 20049774316 19 321 0 0 0 0 0 0 887 0 3969 3985006 49 0 10959 0
1791251394599801 20050274984 19 321 0 0 0 0 0 0 887 0 3970 3985103 49 0 10960 0
1791251395101694 20050776878 19 321 0 0 0 0 0 0 887 0 3970 3985197 49 0 10963 0
1791251395602737 20051277920 19 321 0 0 0 0 0 0 887 0 3970 3985294 49 0 10965 0
1791251396109338 20051784522 19 321 0 0 0 0 0 0 887 0 3971 3985391 49 0 10968 0
1791251396609906 20052285089 19 321 0 0 0 0 0 0 887 0 3972 3985488 49 0 10968 0
1791251397110506 20052785689 19 321 0 0 0 0 0 0 887 0 3972 3985584 49 0 10971 0
1791251397611313 20053286497 19 321 0 0 0 0 0 0 887 0 3972 3985679 49 0 10975 0
1791251398112864 20053788047 19 321 0 0 0 0 0 0 887 0 3972 3985778 49 0 10975 0
1791251398613782 20054288966 19 321 0 0 0 0 0 0 887 0 3972 3985874 49 0 10976 0
1791251399114509 20054789692 19 321 0 0 0 0 0 0 887 0 3972 3985971 49 0 10979 0
1791251399615425 20055290609 19 321 0 0 0 0 0 0 887 0 3973 3986066 49 0 10980 0
1791251400119298 20055794482 20 321 0 0 0 0 0 0 887 0 3973 3986164 49 0 10981 0
1791251400620330 20056295513 20 321 0 0 0 0 0 0 887 0 3973 3986262 49 0 10981 0
1791251401123733 20056798917 20 321 0 0 0 0 0 0 887 0 3973 3986355 49 0 10985 0
1791251401628426 20057303609 21 321 0 0 0 0 0 0 889 0 3973 3986450 49 0 10989 0
1791251402128919 20057804103 21 321 0 0 0 0 0 0 889 0 3973 3986550 49 0 10990 0
1791251402633544 20058308726 21 321 0 0 0 0 0 0 889 0 3973 3986643 49 0 10990 0
1791251403135085 20058810269 21 321 0 0 0 0 0 0 889 0 3973 3986739 49 0 10992 0
1791251403635451 20059310635 22 321 0 0 0 0 0 0 890 0 3973 3986835 49 0 10993 0
1791251404137967 20059813151 22 321 0 0 0 0 0 0 891 0 3974 3986924 49 0 10998 0
1791251404640900 20060316084 22 321 0 0 0 0 0 0 891 0 3975 3987021 49 0 10999 0
1791251405143316 20060818499 22 321 0 0 0 0 0 0 891 0 3975 3987118 49 0 10999 0
1791251405644155 20061319339 22 321 0 0 0 0 0 0 892 0 3978 3987212 49 0 10999 0
1791251406144772 20061819956 22 321 0 0 0 0 0 0 892 0 3979 3987298 49 0 11000 0
1791251406645093 20062320277 22 321 0 0 0 0 0 0 892 0 3980 3987395 49 0 11002 0
1791251407151171 20062826354 22 321 0 0 0 0 0 0 893 0 3980 3987494 49 0 11002 0
1791251407651499 20063326683 23 321 0 0 0 0 0 0 893 0 3982 3987585 49 0 11004 0
1791251408152597 20063827780 23 321 0 0 0 0 0 0 893 0 3982 3987682 49 0 11005 0
1791251408656139 20064331323 23 321 0 0 0 0 0 0 893 0 3983 3987777 49 0 11006 0
1791251409156297 20064831481 23 321 0 0 0 0 0 0 893 0 3983 3987874 49 0 11007 0
1791251409657266 20065332450 23 321 0 0 0 0 0 0 893 0 3983 3987969 49 0 11007 0
1791251409685705 20065360889 23 321 0 0 0 0 0 0 893 0 3984 3987975 49 0 11007 0
