# hz=100 page_bytes=4096 possible_cpus=2
# program_id=116 jit_bytes=8483 xlated_bytes=4776
# pos:	0
# flags:	02000002
# mnt_id:	10
# ino:	26
# prog_type:	1
# prog_jited:	1
# prog_tag:	1a92932acb008231
# memlock:	8192
# prog_id:	116
# run_time_ns:	0
# run_cnt:	0
# recursion_misses:	0
# verified_insns:	199283
# map=counters type=6 key=4 value=32 max_entries=1
# pos:	0
# flags:	02000002
# mnt_id:	10
# ino:	26
# map_type:	6
# key_size:	4
# value_size:	32
# max_entries:	1
# map_flags:	0x0
# map_extra:	0x0
# memlock:	268
# map_id:	144
# frozen:	0
# map=accounting type=2 key=4 value=24 max_entries=1
# pos:	0
# flags:	02000002
# mnt_id:	10
# ino:	26
# map_type:	2
# key_size:	4
# value_size:	24
# max_entries:	1
# map_flags:	0x0
# map_extra:	0x0
# memlock:	224
# map_id:	145
# frozen:	0
# map=flows type=9 key=36 value=32 max_entries=1024
# pos:	0
# flags:	02000002
# mnt_id:	10
# ino:	26
# map_type:	9
# key_size:	36
# value_size:	32
# max_entries:	1024
# map_flags:	0x0
# map_extra:	0x0
# memlock:	107456
# map_id:	142
# frozen:	0
# map=departures type=9 key=40 value=8 max_entries=8192
# pos:	0
# flags:	02000002
# mnt_id:	10
# ino:	26
# map_type:	9
# key_size:	40
# value_size:	8
# max_entries:	8192
# map_flags:	0x0
# map_extra:	0x0
# memlock:	656320
# map_id:	141
# frozen:	0
# map=samples type=27 key=0 value=0 max_entries=262144
# pos:	0
# flags:	02000002
# mnt_id:	10
# ino:	26
# map_type:	27
# key_size:	0
# value_size:	0
# max_entries:	262144
# map_flags:	0x0
# map_extra:	0x0
# memlock:	275148
# map_id:	143
# frozen:	0
realtime_us monotonic_us daemon_ticks rss_pages runs runtime_ns ring_full ack_bytes upload_bytes unaccounted host_user host_nice host_system host_idle host_iowait host_irq host_softirq host_steal
1791336842124245 62369706154 26 468 0 0 0 0 2688 0 3083 0 12828 12401688 64 0 34210 0
1791336842627242 62370209150 27 468 79 271856 0 0 10512 0 3083 0 12828 12401783 64 0 34213 0
1791336843133586 62370715494 27 468 160 403839 0 0 18232 0 3083 0 12828 12401880 64 0 34215 0
1791336843636947 62371218856 27 468 240 501734 0 0 25952 0 3083 0 12828 12401976 64 0 34217 0
1791336844137149 62371719057 27 468 317 592007 0 0 33544 0 3083 0 12828 12402069 64 0 34220 0
1791336844640685 62372222594 27 468 398 696216 0 0 41264 0 3083 0 12828 12402165 64 0 34220 0
1791336845141233 62372723141 27 468 478 1074867 0 0 48984 0 3083 0 12829 12402261 64 0 34220 0
1791336845642574 62373224483 27 468 557 1199605 0 0 56576 0 3083 0 12829 12402357 64 0 34222 0
1791336846143826 62373725734 27 468 636 1325900 0 0 64296 0 3083 0 12830 12402449 64 0 34226 0
1791336846647256 62374229164 28 468 717 1458522 0 0 71972 0 3083 0 12831 12402541 64 0 34228 0
1791336847151311 62374733220 28 468 799 1558077 0 0 79924 0 3083 0 12832 12402636 64 0 34231 0
1791336847656390 62375238299 28 468 878 1663049 0 0 87644 0 3083 0 12832 12402732 64 0 34232 0
1791336848156612 62375738520 28 468 957 1920024 0 0 95236 0 3084 0 12833 12402826 64 0 34233 0
1791336848660235 62376242143 28 468 1036 2141213 0 0 102956 0 3084 0 12833 12402923 64 0 34233 0
1791336849165469 62376747378 28 468 1116 2232588 0 0 110676 0 3084 0 12833 12403020 64 0 34235 0
1791336849667746 62377249655 28 468 1195 2343265 0 0 118268 0 3085 0 12834 12403114 64 0 34237 0
1791336850169394 62377751302 28 468 1280 2467623 0 96 126553 0 3085 0 12835 12403209 64 0 34238 0
1791336850674105 62378256013 28 468 1489 3088808 0 576 244806 0 3085 0 12835 12403304 64 0 34240 0
1791336851174388 62378756296 28 468 1711 3977298 0 576 397662 0 3085 0 12835 12403396 64 0 34247 0
1791336851677205 62379259114 28 468 1946 4842181 0 576 565958 0 3086 0 12835 12403491 64 0 34248 0
1791336852179476 62379761385 29 468 2181 5792656 0 576 740302 0 3086 0 12836 12403582 65 0 34253 0
1791336852681828 62380263737 29 468 2409 6409979 0 576 900878 0 3086 0 12837 12403680 65 0 34254 0
1791336853183270 62380765179 29 468 2626 6922220 0 576 1036622 0 3086 0 12838 12403772 65 0 34256 0
1791336853688478 62381270387 29 468 2823 7564687 0 576 1164774 0 3086 0 12838 12403867 65 0 34256 0
1791336854189644 62381771551 29 468 3030 8076076 0 576 1303966 0 3087 0 12839 12403961 65 0 34257 0
1791336854690793 62382272702 30 468 3249 8970692 0 576 1456462 0 3087 0 12841 12404051 65 0 34262 0
1791336855195217 62382777126 30 468 3488 10015248 0 576 1628078 0 3087 0 12842 12404144 65 0 34268 0
1791336855698824 62383280733 30 468 3723 10905202 0 576 1813230 0 3087 0 12843 12404236 65 0 34271 0
1791336856201111 62383783019 30 468 3951 12537429 0 576 1962998 0 3087 0 12843 12404332 65 0 34272 0
1791336856702587 62384284495 30 468 4146 12985320 0 576 2069534 0 3087 0 12843 12404425 65 0 34273 0
1791336857203631 62384785540 30 468 4345 13606106 0 576 2186750 0 3087 0 12843 12404517 65 0 34276 0
1791336857709704 62385291612 30 468 4544 14209580 0 576 2317990 0 3087 0 12843 12404612 65 0 34279 0
1791336858212794 62385794703 31 468 4760 14930781 0 576 2459910 0 3087 0 12843 12404707 65 0 34279 0
1791336858715090 62386296998 31 468 4988 15695558 0 576 2614670 0 3087 0 12844 12404800 65 0 34283 0
1791336859217830 62386799739 31 468 5230 16430429 0 576 2787470 0 3087 0 12844 12404897 65 0 34283 0
1791336859718249 62387300157 31 468 5461 17681709 0 576 2943414 0 3087 0 12844 12404992 65 0 34285 0
1791336860218772 62387800680 31 468 5692 18517836 0 576 3108494 0 3087 0 12844 12405090 65 0 34286 0
1791336860724064 62388305972 31 468 5924 19225188 0 576 3270614 0 3087 0 12844 12405185 65 0 34289 0
1791336861228173 62388810082 31 468 6150 20299408 0 576 3414206 0 3087 0 12844 12405281 65 0 34292 0
1791336861731950 62389313858 31 468 6351 20981844 0 576 3540918 0 3087 0 12844 12405377 65 0 34295 0
1791336862235034 62389816942 31 468 6558 22182759 0 576 3679878 0 3088 0 12844 12405471 65 0 34298 0
1791336862735689 62390317597 32 468 6780 22913772 0 576 3832734 0 3089 0 12846 12405563 65 0 34299 0
1791336863236733 62390818641 32 468 7012 23654837 0 576 4000902 0 3090 0 12846 12405657 65 0 34302 0
1791336863738175 62391320083 32 468 7248 25001192 0 576 4178462 0 3090 0 12846 12405752 65 0 34306 0
1791336864238757 62391820666 32 468 7468 25971146 0 576 4328102 0 3091 0 12847 12405844 65 0 34310 0
1791336864739553 62392321462 33 468 7670 27139639 0 576 4451622 0 3092 0 12848 12405937 65 0 34310 0
1791336865243642 62392825550 33 468 7873 27723490 0 576 4582734 0 3092 0 12848 12406034 65 0 34310 0
1791336865744673 62393326580 33 468 7993 28331674 0 864 4611611 0 3092 0 12848 12406123 65 0 34314 0
1791336866245198 62393827106 33 468 8072 28482189 0 864 4619203 0 3092 0 12849 12406218 65 0 34315 0
1791336866746339 62394328247 33 468 8151 28621766 0 864 4626923 0 3092 0 12850 12406314 65 0 34317 0
1791336867247702 62394829611 33 468 8231 28740752 0 864 4634643 0 3092 0 12850 12406408 65 0 34318 0
1791336867749576 62395331485 33 468 8312 28861559 0 864 4642467 0 3092 0 12850 12406502 65 0 34322 0
1791336868251027 62395832935 33 468 8391 29012099 0 864 4650187 0 3092 0 12850 12406600 65 0 34323 0
1791336868751686 62396333594 33 468 8946 30172900 0 25068 4683271 0 3094 0 12852 12406689 65 0 34327 0
1791336869254847 62396836756 33 468 9968 32686544 0 61068 4727223 0 3094 0 12854 12406778 65 0 34336 0
1791336869755438 62397337347 33 468 10966 35034689 0 95052 4768799 0 3094 0 12854 12406868 65 0 34346 0
1791336870257256 62397839165 33 468 11969 38026645 0 130080 4811547 0 3094 0 12855 12406960 65 0 34351 0
1791336870759360 62398341268 34 468 13085 40552796 0 181428 4870487 0 3094 0 12857 12407047 65 0 34361 0
1791336871264593 62398846502 34 468 14220 42738548 0 235524 4932303 0 3094 0 12858 12407141 65 0 34364 0
1791336871767695 62399349603 34 468 15297 45580411 0 278964 4983463 0 3094 0 12858 12407232 65 0 34372 0
1791336872270115 62399852023 34 468 16260 47874846 0 313380 5025703 0 3094 0 12859 12407328 65 0 34377 0
1791336872774417 62400356326 34 468 17281 51346462 0 347880 5067923 0 3094 0 12862 12407422 65 0 34379 0
1791336873276387 62400858296 34 468 18213 54646644 0 378348 5105983 0 3094 0 12864 12407502 65 0 34395 0
1791336873777968 62401359877 35 468 19211 57274975 0 412908 5148135 0 3094 0 12865 12407587 65 0 34407 0
1791336874278902 62401860810 35 468 20175 59657017 0 445836 5188783 0 3094 0 12867 12407679 65 0 34414 0
1791336874784491 62402366400 35 468 21128 61807261 0 478188 5228855 0 3094 0 12869 12407768 65 0 34419 0
1791336875284980 62402866888 35 468 22168 64437532 0 522172 5280431 0 3094 0 12870 12407860 65 0 34423 0
1791336875789298 62403371207 35 468 23133 67434966 0 559164 5325143 0 3094 0 12872 12407952 65 0 34429 0
1791336876291188 62403873097 35 468 24077 69387525 0 591888 5365819 0 3094 0 12872 12408044 65 0 34435 0
1791336876792038 62404373947 36 468 25041 72210651 0 624420 5405711 0 3094 0 12872 12408132 65 0 34444 0
1791336877293043 62404874951 36 468 26016 74387345 0 657636 5446879 0 3094 0 12872 12408222 65 0 34454 0
1791336877793680 62405375589 36 468 27005 77656202 0 690852 5487815 0 3094 0 12872 12408312 65 0 34463 0
1791336878295130 62405877039 36 468 28004 80401461 0 725736 5530291 0 3094 0 12874 12408402 65 0 34471 0
1791336878797945 62406379853 37 468 29010 83499422 0 760512 5572659 0 3095 0 12876 12408489 65 0 34479 0
1791336879299738 62406881646 37 468 30087 85324145 0 801984 5621851 0 3095 0 12877 12408582 65 0 34485 0
1791336879807470 62407389379 37 468 31085 87517019 0 837388 5664975 0 3095 0 12878 12408679 65 0 34487 0
1791336880308081 62407889990 37 468 32059 90679425 0 870544 5705955 0 3096 0 12879 12408770 65 0 34494 0
1791336880810897 62408392805 37 468 32991 93750057 0 901264 5744267 0 3096 0 12885 12408854 65 0 34502 0
1791336881316124 62408898033 38 468 33950 98236859 0 932848 5783699 0 3096 0 12885 12408941 65 0 34512 0
1791336881820806 62409402714 38 468 34965 100500109 0 968944 5827387 0 3096 0 12886 12409033 65 0 34520 0
1791336882321717 62409903626 38 468 36071 103240419 0 1010560 5876723 0 3096 0 12887 12409128 65 0 34524 0
1791336882822313 62410404222 38 468 37105 106143442 0 1052740 5926623 0 3096 0 12887 12409212 65 0 34536 0
1791336883331272 62410913180 38 468 38149 108720522 0 1090276 5971751 0 3096 0 12887 12409302 65 0 34546 0
1791336883832106 62411414015 38 468 39212 111422922 0 1129012 6018439 0 3096 0 12888 12409391 65 0 34556 0
1791336884332417 62411914325 38 468 40239 113426946 0 1165596 6062615 0 3096 0 12890 12409480 65 0 34565 0
1791336884833479 62412415388 38 468 41293 117015968 0 1203888 6108627 0 3096 0 12891 12409567 65 0 34577 0
1791336885334708 62412916616 38 468 42308 119230689 0 1239228 6151687 0 3096 0 12892 12409653 65 0 34589 0
1791336885837241 62413419149 38 468 43366 122501427 0 1276344 6196395 0 3096 0 12894 12409738 65 0 34602 0
1791336886337659 62413919568 39 468 44362 125860771 0 1310712 6238483 0 3096 0 12894 12409830 65 0 34610 0
1791336886838609 62414420517 39 468 45368 128227067 0 1345248 6280611 0 3097 0 12894 12409925 65 0 34614 0
1791336887344377 62414926286 39 468 46363 130716329 0 1377396 6320479 0 3097 0 12895 12410020 65 0 34619 0
1791336887844961 62415426869 39 468 47300 133130353 0 1408080 6358883 0 3097 0 12896 12410110 65 0 34625 0
1791336888345468 62415927377 39 468 48356 135359770 0 1448144 6406539 0 3097 0 12896 12410206 65 0 34628 0
1791336888845817 62416427725 39 468 49085 136402810 0 1470148 6442871 0 3097 0 12897 12410299 65 0 34633 0
1791336889347699 62416929608 39 468 49164 136498853 0 1470148 6450463 0 3097 0 12897 12410394 65 0 34634 0
1791336889852455 62417434363 39 468 49245 136616328 0 1470148 6458415 0 3097 0 12898 12410492 65 0 34635 0
1791336890355362 62417937271 41 468 49325 136737925 0 1470148 6466135 0 3097 0 12899 12410590 65 0 34635 0
1791336890859032 62418440941 41 468 49404 136936268 0 1470148 6473727 0 3097 0 12899 12410687 65 0 34636 0
1791336891362609 62418944517 41 468 49483 137061604 0 1470148 6481447 0 3097 0 12899 12410783 65 0 34636 0
1791336891862958 62419444866 41 468 49642 137633355 0 1471396 6517305 0 3097 0 12900 12410877 65 0 34638 0
1791336892366011 62419947920 41 468 50690 142291252 0 1506424 6641885 0 3098 0 12901 12410963 65 0 34649 0
1791336892868038 62420449946 42 468 51676 146770573 0 1533880 6746285 0 3098 0 12902 12411045 65 0 34666 0
1791336893369733 62420951641 42 468 52649 149607855 0 1558964 6861153 0 3099 0 12903 12411136 65 0 34675 0
1791336893871379 62421453287 42 468 53730 152548095 0 1595760 6999725 0 3099 0 12906 12411222 65 0 34686 0
1791336894378030 62421959938 43 468 54934 155647702 0 1639908 7144233 0 3100 0 12909 12411307 65 0 34696 0
1791336894881159 62422463067 44 468 56097 158908174 0 1679160 7305461 0 3100 0 12913 12411390 65 0 34709 0
1791336895384035 62422965943 44 468 57139 162614782 0 1711428 7484281 0 3101 0 12916 12411474 65 0 34720 0
1791336895887318 62423469227 44 468 57968 166286316 0 1737444 7635233 0 3101 0 12918 12411558 65 0 34731 0
1791336896388156 62423970065 45 468 58993 170129427 0 1767300 7768537 0 3102 0 12918 12411645 65 0 34742 0
1791336896890172 62424472080 45 468 60123 172994529 0 1804644 7909433 0 3103 0 12918 12411733 65 0 34753 0
1791336897391005 62424972914 45 468 61274 176300301 0 1843716 8065617 0 3104 0 12920 12411817 65 0 34765 0
1791336897903609 62425485517 45 468 62499 179367401 0 1889984 8247989 0 3104 0 12922 12411902 65 0 34779 0
1791336898405575 62425987484 46 468 63230 182319683 0 1910840 8406133 0 3105 0 12923 12411988 65 0 34787 0
1791336898906952 62426488860 46 468 64027 184507976 0 1935980 8557881 0 3105 0 12924 12412081 65 0 34792 0
1791336899407879 62426989787 46 468 65099 186885938 0 1971996 8694129 0 3105 0 12924 12412166 65 0 34804 0
1791336899913377 62427495286 46 468 66145 189959252 0 2005308 8843241 0 3105 0 12925 12412253 65 0 34813 0
1791336900415391 62427997299 46 468 67305 193570278 0 2042460 9007233 0 3105 0 12925 12412343 65 0 34823 0
1791336900919010 62428500918 46 468 68365 197849516 0 2074428 9181249 0 3105 0 12925 12412428 65 0 34839 0
1791336901419971 62429001879 46 468 69247 201217203 0 2099748 9339225 0 3105 0 12926 12412515 65 0 34849 0
1791336901923869 62429505778 46 468 70283 205880286 0 2129988 9474457 0 3105 0 12928 12412601 65 0 34860 0
1791336902427205 62430009114 48 468 71367 208746246 0 2164260 9596609 0 3105 0 12930 12412691 65 0 34867 0
1791336902933971 62430515879 48 468 72444 211780362 0 2198340 9727961 0 3105 0 12932 12412785 65 0 34870 0
1791336903434307 62431016215 48 468 73641 214005327 0 2245536 9881925 0 3105 0 12932 12412871 65 0 34879 0
1791336903937185 62431519094 48 468 74694 215997612 0 2279700 10050289 0 3105 0 12932 12412961 65 0 34888 0
1791336904438496 62432020405 48 468 75700 218020087 0 2312532 10212817 0 3106 0 12933 12413050 65 0 34897 0
1791336904938745 62432520654 48 468 76399 220323680 0 2332952 10376701 0 3107 0 12933 12413140 65 0 34903 0
1791336905445126 62433027035 48 468 76886 221504290 0 2344688 10538205 0 3107 0 12933 12413228 65 0 34912 0
1791336905954161 62433536069 48 468 77445 223073660 0 2358224 10686069 0 3107 0 12934 12413324 65 0 34917 0
1791336906459468 62434041376 48 468 78425 226245719 0 2389220 10822289 0 3107 0 12935 12413413 65 0 34928 0
1791336906965440 62434547349 49 468 79503 229090462 0 2422436 10968089 0 3107 0 12935 12413494 65 0 34946 0
1791336907466621 62435048530 49 468 80611 232523299 0 2456900 11121441 0 3107 0 12936 12413580 65 0 34957 0
1791336907967200 62435549108 49 468 81735 235622758 0 2492324 11284889 0 3107 0 12938 12413673 65 0 34961 0
1791336908468043 62436049951 49 468 82908 238761974 0 2530628 11462385 0 3107 0 12939 12413765 65 0 34967 0
1791336908971016 62436552925 49 468 84040 243081072 0 2567300 11614857 0 3107 0 12940 12413855 65 0 34978 0
1791336909471711 62437053619 49 468 85216 246140689 0 2604836 11771153 0 3107 0 12941 12413950 65 0 34982 0
1791336909975941 62437557849 50 468 86313 249093800 0 2639108 11915049 0 3107 0 12943 12414035 65 0 34994 0
1791336910476584 62438058493 50 468 87447 252463792 0 2676188 12053905 0 3107 0 12943 12414123 65 0 35003 0
1791336910979234 62438561142 50 468 88604 257072846 0 2726608 12215493 0 3107 0 12943 12414213 65 0 35013 0
1791336911479739 62439061648 50 468 89385 259197661 0 2752180 12364585 0 3107 0 12943 12414308 65 0 35017 0
1791336911980330 62439562238 50 468 90059 260607076 0 2771392 12542701 0 3107 0 12943 12414402 65 0 35022 0
1791336912485360 62440067268 50 468 90588 261807039 0 2785768 12705301 0 3107 0 12944 12414495 65 0 35027 0
1791336912986548 62440568457 50 468 91150 263479244 0 2799484 12856305 0 3107 0 12947 12414586 65 0 35030 0
1791336913488192 62441070100 50 468 92016 265288333 0 2826496 12999117 0 3107 0 12947 12414681 65 0 35032 0
1791336913992652 62441574560 51 468 93024 268567765 0 2859628 13157545 0 3107 0 12948 12414773 65 0 35041 0
1791336914494015 62442075923 51 468 94079 270578737 0 2893228 13322257 0 3107 0 12951 12414862 65 0 35046 0
1791336914994729 62442576638 51 468 95114 272750460 0 2926960 13484141 0 3107 0 12953 12414949 65 0 35055 0
1791336915495320 62443077228 51 468 96042 275766225 0 2955280 13640485 0 3107 0 12954 12415033 65 0 35066 0
1791336915998277 62443580186 51 468 96981 278965151 0 2983880 13806501 0 3107 0 12955 12415118 65 0 35078 0
1791336916499199 62444081108 51 468 97985 281481303 0 3014936 13944093 0 3108 0 12957 12415209 65 0 35086 0
1791336917000300 62444582208 52 468 99110 285965810 0 3048140 14060643 0 3109 0 12958 12415294 65 0 35097 0
1791336917502508 62445084417 52 468 99353 286195518 0 3048236 14077615 0 3109 0 12958 12415387 65 0 35100 0
1791336918004687 62445586596 52 468 99432 286315166 0 3048236 14085207 0 3109 0 12958 12415479 65 0 35101 0
1791336918508011 62446089920 52 468 99512 286416276 0 3048236 14093055 0 3109 0 12958 12415577 65 0 35101 0
1791336919008344 62446590253 52 468 99592 286546617 0 3048236 14100879 0 3109 0 12958 12415675 65 0 35103 0
1791336919508816 62447090724 52 468 99671 286689783 0 3048236 14108599 0 3110 0 12958 12415771 65 0 35104 0
1791336920011526 62447593435 52 468 99750 286792295 0 3048236 14115959 0 3110 0 12958 12415867 65 0 35104 0
1791336920512749 62448094658 52 468 99827 286905974 0 3048236 14123655 0 3110 0 12958 12415963 65 0 35105 0
1791336921013593 62448595501 52 468 99909 287023353 0 3048236 14131503 0 3110 0 12958 12416061 65 0 35106 0
1791336921514481 62449096390 53 468 99988 287125581 0 3048236 14139223 0 3110 0 12960 12416152 65 0 35108 0
1791336922014806 62449596715 53 468 100067 287228014 0 3048236 14146815 0 3110 0 12960 12416247 65 0 35109 0
1791336922516470 62450098378 53 468 100147 287322992 0 3048236 14154535 0 3110 0 12960 12416341 65 0 35111 0
1791336923017294 62450599202 53 468 100225 287436033 0 3048236 14162255 0 3110 0 12960 12416438 65 0 35112 0
1791336923518655 62451100564 53 468 100306 287569217 0 3048236 14169975 0 3110 0 12961 12416535 65 0 35114 0
1791336924021004 62451602911 53 468 100384 287747445 0 3048236 14177567 0 3110 0 12963 12416623 65 0 35120 0
1791336924521962 62452103871 53 468 100464 287925260 0 3048236 14185287 0 3110 0 12963 12416720 65 0 35120 0
1791336925023688 62452605596 54 468 100543 288313446 0 3048236 14192879 0 3110 0 12966 12416814 65 0 35123 0
