# hz=100 page_bytes=4096 possible_cpus=2
# program_id=60 jit_bytes=6701 xlated_bytes=3728
# pos:	0
# flags:	02000002
# mnt_id:	10
# ino:	1035
# prog_type:	1
# prog_jited:	1
# prog_tag:	e45e774793fd1fbd
# memlock:	4096
# prog_id:	60
# run_time_ns:	0
# run_cnt:	0
# recursion_misses:	0
# verified_insns:	199065
# map=counters type=6 key=4 value=24 max_entries=1
# pos:	0
# flags:	02000002
# mnt_id:	10
# ino:	1035
# map_type:	6
# key_size:	4
# value_size:	24
# max_entries:	1
# map_flags:	0x0
# map_extra:	0x0
# memlock:	252
# map_id:	68
# frozen:	0
# map=flows type=9 key=36 value=32 max_entries=1024
# pos:	0
# flags:	02000002
# mnt_id:	10
# ino:	1035
# map_type:	9
# key_size:	36
# value_size:	32
# max_entries:	1024
# map_flags:	0x0
# map_extra:	0x0
# memlock:	107456
# map_id:	66
# frozen:	0
# map=departures type=9 key=40 value=8 max_entries=8192
# pos:	0
# flags:	02000002
# mnt_id:	10
# ino:	1035
# map_type:	9
# key_size:	40
# value_size:	8
# max_entries:	8192
# map_flags:	0x0
# map_extra:	0x0
# memlock:	656320
# map_id:	65
# frozen:	0
# map=samples type=27 key=0 value=0 max_entries=262144
# pos:	0
# flags:	02000002
# mnt_id:	10
# ino:	1035
# map_type:	27
# key_size:	0
# value_size:	0
# max_entries:	262144
# map_flags:	0x0
# map_extra:	0x0
# memlock:	275148
# map_id:	67
# frozen:	0
realtime_us monotonic_us daemon_ticks rss_pages runs runtime_ns ring_full ack_bytes upload_bytes unaccounted host_user host_nice host_system host_idle host_iowait host_irq host_softirq host_steal
1791230497238392 1797976831 27 476 0 0 0 0 1960 0 238 0 2091 354445 65 0 1259 0
1791230497740886 1798479325 27 476 78 75033 0 0 8480 0 238 0 2091 354537 65 0 1262 0
1791230498243323 1798981762 28 476 160 149152 0 0 15104 0 238 0 2091 354632 65 0 1264 0
1791230498749158 1799487596 28 476 239 226876 0 0 21624 0 238 0 2092 354725 65 0 1264 0
1791230499250577 1799989015 28 476 318 297740 0 0 28144 0 238 0 2092 354821 65 0 1264 0
1791230499751723 1800490162 28 476 399 397461 0 0 34664 0 239 0 2093 354913 65 0 1265 0
1791230500253101 1800991540 28 476 478 490747 0 0 41086 0 239 0 2094 355008 65 0 1267 0
1791230500753820 1801492258 28 476 557 1076805 0 0 47606 0 239 0 2095 355098 65 0 1269 0
1791230501255263 1801993700 28 476 636 1811509 0 0 54028 0 240 0 2096 355189 65 0 1273 0
1791230501756507 1802494945 29 476 718 1947045 0 0 60590 0 240 0 2097 355284 65 0 1274 0
1791230502256985 1802995424 29 476 797 2033836 0 0 67110 0 240 0 2097 355376 65 0 1277 0
1791230502760480 1803498919 29 476 876 2118837 0 0 73532 0 240 0 2097 355470 65 0 1277 0
1791230503261486 1803999924 29 476 956 2192375 0 0 80254 0 240 0 2097 355563 65 0 1280 0
1791230503765626 1804504065 29 476 1037 2267606 0 0 86774 0 240 0 2098 355656 65 0 1283 0
1791230504268735 1805007174 29 476 1116 2406327 0 0 93196 0 241 0 2098 355746 65 0 1287 0
1791230504774559 1805512998 29 476 1195 2484639 0 0 99716 0 241 0 2098 355838 65 0 1287 0
1791230505277939 1806016378 30 476 1278 2575707 0 66 106381 0 241 0 2098 355932 65 0 1287 0
1791230505778627 1806517066 30 476 1489 3168029 0 396 221162 0 241 0 2098 356029 65 0 1287 0
1791230506280426 1807018865 30 476 1709 5667552 0 396 371414 0 241 0 2099 356123 65 0 1290 0
1791230506781338 1807519777 30 476 1948 7095453 0 396 538418 0 241 0 2100 356214 65 0 1295 0
1791230507282063 1808020502 30 476 2188 8020021 0 396 716020 0 241 0 2100 356312 65 0 1296 0
1791230507788126 1808526565 30 476 2420 9085544 0 396 872530 0 241 0 2101 356407 65 0 1299 0
1791230508289895 1809028333 30 476 2633 10199287 0 396 989572 0 241 0 2101 356502 65 0 1300 0
1791230508790622 1809529061 31 476 2822 10759426 0 396 1097432 0 241 0 2101 356597 65 0 1302 0
1791230509291717 1810030156 31 476 3013 11335207 0 396 1215988 0 241 0 2102 356692 65 0 1304 0
1791230509793645 1810532084 31 476 3219 11981550 0 396 1346656 0 241 0 2104 356786 65 0 1306 0
1791230510293918 1811032357 31 476 3434 12617274 0 396 1490852 0 241 0 2104 356880 65 0 1310 0
1791230510795206 1811533645 31 476 3664 14095885 0 396 1650286 0 242 0 2104 356972 65 0 1315 0
1791230511297693 1812036131 31 476 3900 14744499 0 396 1821734 0 242 0 2104 357068 65 0 1316 0
1791230511799999 1812538438 32 476 4127 15464383 0 396 1973598 0 242 0 2104 357162 65 0 1318 0
1791230512300482 1813038921 32 476 4340 16311665 0 396 2107196 0 243 0 2104 357256 65 0 1320 0
1791230512803167 1813541606 32 476 4551 17027327 0 396 2246948 0 243 0 2105 357353 65 0 1321 0
1791230513305897 1814044336 32 476 4781 17675530 0 396 2401944 0 243 0 2105 357447 65 0 1324 0
1791230513808909 1814547347 32 476 5025 18549987 0 396 2571976 0 243 0 2105 357544 65 0 1328 0
1791230514313328 1815051767 32 476 5254 19098481 0 396 2729896 0 243 0 2106 357639 65 0 1330 0
1791230514813819 1815552258 33 476 5490 19804564 0 396 2887718 0 243 0 2106 357736 65 0 1331 0
1791230515315429 1816053868 33 476 5700 20389374 0 396 3015358 0 243 0 2106 357834 65 0 1331 0
1791230515820324 1816558763 33 476 5900 20970123 0 396 3144414 0 244 0 2106 357929 65 0 1333 0
1791230516321884 1817060323 33 476 6112 21812769 0 396 3284166 0 244 0 2107 358022 65 0 1336 0
1791230516824311 1817562750 33 476 6340 22882634 0 396 3440774 0 244 0 2107 358119 65 0 1339 0
1791230517329381 1818067820 33 476 6580 23761579 0 396 3612320 0 244 0 2107 358216 65 0 1340 0
1791230517830140 1818568579 33 476 6812 24652272 0 396 3782352 0 245 0 2107 358313 65 0 1341 0
1791230518330661 1819069100 33 476 7024 25193307 0 396 3909992 0 245 0 2107 358404 65 0 1347 0
1791230518833269 1819571708 34 476 7216 26773434 0 396 4016338 0 246 0 2108 358498 65 0 1350 0
1791230519333974 1820072413 34 476 7413 27595063 0 396 4133380 0 246 0 2108 358593 65 0 1353 0
1791230519839704 1820578142 34 476 7620 28266914 0 396 4262436 0 246 0 2111 358687 65 0 1355 0
1791230520341145 1821079584 34 476 7835 29151889 0 396 4406730 0 247 0 2112 358782 65 0 1357 0
1791230520842965 1821581404 34 476 7967 29513989 0 660 4441412 0 247 0 2112 358880 65 0 1359 0
1791230521350336 1822088775 34 476 8048 29589545 0 660 4448036 0 247 0 2112 358974 65 0 1360 0
1791230521853795 1822592234 34 476 8127 29868366 0 660 4454556 0 247 0 2113 359067 65 0 1363 0
1791230522359743 1823098181 34 476 8206 30161772 0 660 4460978 0 247 0 2114 359158 65 0 1369 0
1791230522860732 1823599170 34 476 8286 30599052 0 660 4467498 0 247 0 2115 359254 65 0 1369 0
1791230523365470 1824103909 35 476 8367 30847249 0 660 4474220 0 247 0 2119 359350 65 0 1369 0
1791230523870427 1824608866 35 476 8830 33034921 0 13674 4494816 0 247 0 2122 359439 65 0 1376 0
1791230524371864 1825110303 35 476 9974 37958987 0 47796 4535458 0 247 0 2124 359523 65 0 1390 0
1791230524875790 1825614229 35 476 11084 41345648 0 78024 4572108 0 248 0 2126 359612 65 0 1400 0
1791230525376573 1826115012 36 476 12186 44084286 0 108846 4609352 0 248 0 2127 359702 65 0 1408 0
1791230525879719 1826618158 36 476 13321 47303017 0 140724 4647750 0 248 0 2128 359792 65 0 1417 0
1791230526380735 1827119174 36 476 14417 49621497 0 171084 4684630 0 248 0 2131 359881 65 0 1425 0
1791230526881677 1827620116 36 476 15471 53650549 0 199664 4719632 0 248 0 2134 359963 65 0 1440 0
1791230527383609 1828122048 36 476 16473 56003398 0 229114 4755706 0 248 0 2134 360057 65 0 1448 0
1791230527889940 1828628378 36 476 17466 58531234 0 254596 4787708 0 248 0 2136 360147 65 0 1456 0
1791230528393055 1829131493 36 476 18505 61340902 0 280588 4820122 0 248 0 2136 360239 65 0 1465 0
1791230528898867 1829637305 37 476 19545 64475828 0 306574 4852628 0 248 0 2137 360333 65 0 1471 0
1791230529400209 1830138648 37 476 20587 66946546 0 332584 4885158 0 248 0 2140 360423 65 0 1477 0
1791230529901239 1830639678 37 476 21623 70141271 0 357796 4916994 0 248 0 2142 360513 65 0 1485 0
1791230530402788 1831141227 37 476 22637 73137918 0 382282 4947798 0 248 0 2145 360608 65 0 1489 0
1791230530903516 1831641955 37 476 23675 76220626 0 408794 4980934 0 248 0 2145 360700 65 0 1496 0
1791230531404119 1832142557 38 476 24671 78335606 0 437856 5016516 0 248 0 2146 360789 65 0 1504 0
1791230531909177 1832647616 38 476 25549 80837442 0 458976 5044156 0 248 0 2147 360882 65 0 1508 0
1791230532409728 1833148167 38 476 26512 82358933 0 481356 5072958 0 248 0 2147 360975 65 0 1514 0
1791230532910213 1833648652 38 476 27542 84542218 0 506472 5104594 0 248 0 2147 361068 65 0 1520 0
1791230533412744 1834151183 38 476 28603 87037449 0 532710 5137352 0 248 0 2149 361157 65 0 1530 0
1791230533914489 1834652928 38 476 29656 90628831 0 558174 5169238 0 248 0 2149 361250 65 0 1537 0
1791230534419155 1835157594 38 476 30691 93714518 0 582720 5200304 0 248 0 2149 361345 65 0 1542 0
1791230534924262 1835662700 39 476 31846 95935456 0 613800 5238002 0 248 0 2149 361442 65 0 1546 0
1791230535426840 1836165278 39 476 32913 97898907 0 640530 5271356 0 248 0 2151 361532 65 0 1552 0
1791230535929449 1836667888 39 476 34022 100260587 0 670600 5307946 0 248 0 2153 361625 65 0 1557 0
1791230536430462 1837168901 39 476 35043 103679977 0 697036 5340804 0 248 0 2153 361718 65 0 1562 0
1791230536934200 1837672639 39 476 36019 106488510 0 720130 5370418 0 249 0 2154 361812 65 0 1567 0
1791230537436263 1838174702 39 476 37017 109215737 0 742996 5399706 0 249 0 2155 361902 65 0 1575 0
1791230537938077 1838676516 39 476 38013 112215317 0 766360 5429590 0 249 0 2155 361986 65 0 1589 0
1791230538439982 1839178420 39 476 38986 116626448 0 787480 5457132 0 250 0 2158 362066 65 0 1603 0
1791230538940805 1839679244 40 476 39945 120306948 0 808600 5484674 0 250 0 2160 362143 65 0 1623 0
1791230539443303 1840181741 40 476 40926 123092210 0 831370 5514166 0 251 0 2161 362237 65 0 1628 0
1791230539945127 1840683566 40 476 41993 125167229 0 862226 5551444 0 251 0 2162 362326 65 0 1636 0
1791230540445742 1841184180 40 476 42917 128246219 0 888632 5584370 0 251 0 2162 362419 65 0 1642 0
1791230540948669 1841687108 40 476 43826 130896710 0 910616 5612776 0 251 0 2164 362508 65 0 1651 0
1791230541449390 1842187829 40 476 44850 134131825 0 935432 5644112 0 251 0 2166 362596 65 0 1660 0
1791230541951136 1842689574 40 476 45913 137496354 0 962216 5677318 0 251 0 2166 362690 65 0 1665 0
1791230542451779 1843190218 40 476 46961 140150043 0 988610 5710232 0 251 0 2166 362774 65 0 1680 0
1791230542955082 1843693521 41 476 47994 144643749 0 1013570 5741614 0 251 0 2167 362864 65 0 1690 0
1791230543460636 1844199075 42 476 49055 147631333 0 1039640 5774204 0 252 0 2168 362957 65 0 1696 0
1791230543965430 1844703868 42 476 50095 150439742 0 1058180 5807936 0 253 0 2168 363050 65 0 1703 0
1791230544465828 1845204267 42 476 50175 150521173 0 1058180 5814560 0 253 0 2168 363147 65 0 1704 0
1791230544966074 1845704513 42 476 50253 150582210 0 1058180 5821080 0 255 0 2169 363241 65 0 1704 0
1791230545469979 1846208418 42 476 50334 150657284 0 1058180 5827600 0 255 0 2170 363337 65 0 1705 0
1791230545972577 1846711014 42 476 50413 150737496 0 1058180 5834022 0 255 0 2171 363432 65 0 1706 0
1791230546473117 1847211554 42 476 50492 150828447 0 1058180 5840542 0 255 0 2172 363528 65 0 1707 0
1791230546974109 1847712548 43 476 50603 151009344 0 1058642 5848743 0 256 0 2173 363620 65 0 1710 0
1791230547475153 1848213592 43 476 51488 152730556 0 1079924 5973898 0 256 0 2175 363713 65 0 1714 0
1791230547979519 1848717958 43 476 52596 155520480 0 1107248 6115236 0 256 0 2176 363807 65 0 1717 0
1791230548480649 1849219087 43 476 53805 158121308 0 1136420 6268922 0 256 0 2181 363891 65 0 1726 0
1791230548981869 1849720308 43 476 54933 161438101 0 1164206 6419806 0 256 0 2182 363982 65 0 1733 0
1791230549482325 1850220763 43 476 55930 164100898 0 1187900 6564986 0 256 0 2183 364073 65 0 1741 0
1791230549983114 1850721553 43 476 57029 166168331 0 1213376 6683280 0 257 0 2183 364166 65 0 1748 0
1791230550485220 1851223659 44 476 58158 169185554 0 1240238 6793778 0 257 0 2184 364252 65 0 1759 0
1791230550987299 1851725738 44 476 59307 171795854 0 1270384 6919770 0 258 0 2186 364342 65 0 1765 0
1791230551490814 1852229252 44 476 60318 175416049 0 1295714 7063760 0 258 0 2187 364436 65 0 1771 0
1791230551991162 1852729601 44 476 61352 178060489 0 1318814 7222070 0 258 0 2188 364530 65 0 1775 0
1791230552491520 1853229959 44 476 62144 179410319 0 1335296 7376790 0 258 0 2190 364624 65 0 1778 0
1791230552994923 1853733362 44 476 62825 181073008 0 1349012 7516534 0 258 0 2190 364721 65 0 1781 0
1791230553496486 1854234925 45 476 63865 183435097 0 1371374 7634742 0 258 0 2193 364812 65 0 1787 0
1791230553998619 1854737057 45 476 64980 186481684 0 1395926 7750500 0 258 0 2194 364901 65 0 1794 0
1791230554500705 1855239143 45 476 66198 190301935 0 1424606 7888652 0 258 0 2194 364990 65 0 1805 0
1791230555006290 1855744728 45 476 67336 193395365 0 1448594 8038668 0 258 0 2194 365079 65 0 1818 0
1791230555506686 1856245124 46 476 68454 195717290 0 1472222 8179338 0 259 0 2197 365170 65 0 1822 0
1791230556007244 1856745682 46 476 69589 198962297 0 1496870 8343940 0 259 0 2197 365267 65 0 1825 0
1791230556510437 1857248876 46 476 70488 201412538 0 1514954 8492594 0 260 0 2197 365360 65 0 1831 0
1791230557011849 1857750288 46 476 71465 204671820 0 1533962 8613406 0 260 0 2198 365449 65 0 1840 0
1791230557519078 1858257516 47 476 72460 211102736 0 1552376 8724638 0 261 0 2202 365538 65 0 1847 0
1791230558021235 1858759674 47 476 73527 214049190 0 1575478 8841974 0 261 0 2203 365626 65 0 1854 0
1791230558522021 1859260460 47 476 74648 217740973 0 1609578 8976462 0 261 0 2203 365717 65 0 1860 0
1791230559025371 1859763810 47 476 75620 219494789 0 1631916 9126642 0 262 0 2204 365806 65 0 1868 0
1791230559528481 1860266920 47 476 76531 222485885 0 1651098 9282548 0 262 0 2205 365894 65 0 1876 0
1791230560031160 1860769598 48 476 77296 224393688 0 1666530 9433190 0 262 0 2206 365987 65 0 1882 0
1791230560536583 1861275021 48 476 77947 225758095 0 1678314 9587754 0 262 0 2207 366078 65 0 1887 0
1791230561039259 1861777698 48 476 78712 227935867 0 1693188 9716544 0 262 0 2210 366173 65 0 1890 0
1791230561544225 1862282664 48 476 79764 230412244 0 1716900 9834588 0 262 0 2211 366265 65 0 1897 0
1791230562044697 1862783136 48 476 80913 232777193 0 1742244 9967994 0 262 0 2211 366357 65 0 1903 0
1791230562545807 1863284246 48 476 82016 235910196 0 1765278 10113924 0 262 0 2211 366449 65 0 1912 0
1791230563050030 1863788469 48 476 83199 239056328 0 1791678 10262012 0 262 0 2211 366539 65 0 1920 0
1791230563550437 1864288876 49 476 84388 241996626 0 1821304 10420792 0 262 0 2211 366632 65 0 1927 0
1791230564050762 1864789201 49 476 85228 244399832 0 1839448 10565062 0 262 0 2211 366723 65 0 1932 0
1791230564557632 1865296071 49 476 86289 246954705 0 1863820 10683766 0 262 0 2212 366812 65 0 1941 0
1791230565060545 1865798983 49 476 87458 249992766 0 1890730 10801882 0 263 0 2213 366899 65 0 1951 0
1791230565562583 1866301022 49 476 88592 252997829 0 1916668 10932750 0 263 0 2213 366991 65 0 1959 0
1791230566062981 1866801420 49 476 89731 256383762 0 1941814 11077868 0 263 0 2216 367080 65 0 1965 0
1791230566565930 1867304369 50 476 90980 260255494 0 1973544 11238954 0 263 0 2219 367168 65 0 1974 0
1791230567066744 1867805183 50 476 91754 261843205 0 1989210 11385190 0 263 0 2221 367260 65 0 1978 0
1791230567570106 1868308545 50 476 92399 264035045 0 2002254 11531728 0 263 0 2221 367355 65 0 1980 0
1791230568071079 1868809517 50 476 93267 266153611 0 2020158 11657792 0 263 0 2222 367444 65 0 1988 0
1791230568572936 1869311375 50 476 94390 268982402 0 2045832 11782242 0 264 0 2225 367535 65 0 1993 0
1791230569079847 1869818286 51 476 95504 273020419 0 2069592 11924558 0 264 0 2226 367622 65 0 2003 0
1791230569580830 1870319269 52 476 96565 275920001 0 2091042 12079606 0 266 0 2228 367700 65 0 2018 0
1791230570082462 1870820901 52 476 97638 279470042 0 2113944 12245288 0 267 0 2228 367795 65 0 2024 0
1791230570582732 1871321170 52 476 98534 281983065 0 2132622 12379396 0 267 0 2230 367886 65 0 2030 0
1791230571083813 1871822251 52 476 99606 285240653 0 2154402 12479056 0 269 0 2230 367975 65 0 2038 0
1791230571584081 1872322520 53 476 100772 288063107 0 2184942 12582530 0 270 0 2231 368067 65 0 2042 0
1791230572087907 1872826346 53 476 101747 290685235 0 2209778 12694967 0 270 0 2233 368156 65 0 2051 0
1791230572589463 1873327902 53 476 101998 291093434 0 2212478 12707891 0 270 0 2234 368245 65 0 2052 0
1791230573091017 1873829455 53 476 102079 291164010 0 2212478 12714411 0 270 0 2234 368338 65 0 2057 0
1791230573597850 1874336288 53 476 102157 291261621 0 2212478 12720833 0 270 0 2234 368425 65 0 2062 0
1791230574099043 1874837482 53 476 102236 291385748 0 2212478 12727255 0 270 0 2235 368523 65 0 2064 0
1791230574601434 1875339873 53 476 102315 291499476 0 2212478 12733775 0 270 0 2235 368618 65 0 2065 0
1791230575102676 1875841115 53 476 102395 291677995 0 2212478 12740399 0 270 0 2235 368715 65 0 2067 0
1791230575609271 1876347709 53 476 102476 291758132 0 2212478 12746919 0 270 0 2236 368810 65 0 2071 0
1791230576111448 1876849887 54 476 102555 291940904 0 2212478 12753439 0 270 0 2236 368904 65 0 2073 0
1791230576612716 1877351154 54 476 102634 292020906 0 2212478 12759861 0 271 0 2237 369000 65 0 2076 0
1791230577115357 1877853796 54 476 102713 292097787 0 2212478 12766381 0 271 0 2237 369097 65 0 2076 0
1791230577616564 1878355002 54 476 102792 292176650 0 2212478 12772803 0 272 0 2238 369189 65 0 2077 0
1791230578117799 1878856238 54 476 102871 292258769 0 2212478 12779323 0 272 0 2238 369283 65 0 2080 0
1791230578620037 1879358476 54 476 102952 292338098 0 2212478 12785941 0 272 0 2239 369381 65 0 2081 0
1791230579121422 1879859861 54 476 103031 292422621 0 2212478 12792363 0 272 0 2239 369477 65 0 2081 0
1791230579621819 1880360258 54 476 103112 292498190 0 2212478 12799085 0 272 0 2242 369571 65 0 2082 0
1791230580123100 1880861538 55 476 103191 292580253 0 2212478 12805507 0 272 0 2242 369667 65 0 2084 0
1791230580159173 1880897612 55 476 103196 292584480 0 2212478 12805807 0 272 0 2242 369673 65 0 2084 0
