# hz=100 page_bytes=4096 possible_cpus=2
# program_id=140 jit_bytes=8483 xlated_bytes=4776
# pos:	0
# flags:	02000002
# mnt_id:	10
# ino:	26
# prog_type:	1
# prog_jited:	1
# prog_tag:	1a92932acb008231
# memlock:	8192
# prog_id:	140
# run_time_ns:	0
# run_cnt:	0
# recursion_misses:	0
# verified_insns:	199283
# map=counters type=6 key=4 value=32 max_entries=1
# pos:	0
# flags:	02000002
# mnt_id:	10
# ino:	26
# map_type:	6
# key_size:	4
# value_size:	32
# max_entries:	1
# map_flags:	0x0
# map_extra:	0x0
# memlock:	268
# map_id:	174
# frozen:	0
# map=accounting type=2 key=4 value=24 max_entries=1
# pos:	0
# flags:	02000002
# mnt_id:	10
# ino:	26
# map_type:	2
# key_size:	4
# value_size:	24
# max_entries:	1
# map_flags:	0x0
# map_extra:	0x0
# memlock:	224
# map_id:	175
# frozen:	0
# map=flows type=9 key=36 value=32 max_entries=1024
# pos:	0
# flags:	02000002
# mnt_id:	10
# ino:	26
# map_type:	9
# key_size:	36
# value_size:	32
# max_entries:	1024
# map_flags:	0x0
# map_extra:	0x0
# memlock:	107456
# map_id:	172
# frozen:	0
# map=departures type=9 key=40 value=8 max_entries=8192
# pos:	0
# flags:	02000002
# mnt_id:	10
# ino:	26
# map_type:	9
# key_size:	40
# value_size:	8
# max_entries:	8192
# map_flags:	0x0
# map_extra:	0x0
# memlock:	656320
# map_id:	171
# frozen:	0
# map=samples type=27 key=0 value=0 max_entries=262144
# pos:	0
# flags:	02000002
# mnt_id:	10
# ino:	26
# map_type:	27
# key_size:	0
# value_size:	0
# max_entries:	262144
# map_flags:	0x0
# map_extra:	0x0
# memlock:	275148
# map_id:	173
# frozen:	0
realtime_us monotonic_us daemon_ticks rss_pages runs runtime_ns ring_full ack_bytes upload_bytes unaccounted host_user host_nice host_system host_idle host_iowait host_irq host_softirq host_steal
1791337379390197 62906972105 46 486 0 0 0 0 1920 0 3424 0 14485 12498950 69 0 40255 0
1791337379896894 62907478802 47 486 79 216056 0 0 9872 0 3424 0 14487 12499043 69 0 40256 0
1791337380398130 62907980038 47 486 158 460793 0 0 17464 0 3424 0 14488 12499140 69 0 40256 0
1791337380899054 62908480963 47 486 238 932382 0 0 25184 0 3424 0 14489 12499233 69 0 40258 0
1791337381399335 62908981243 47 486 317 2146248 0 0 32776 0 3424 0 14489 12499326 69 0 40260 0
1791337381902877 62909484785 47 486 396 2310887 0 0 40496 0 3424 0 14490 12499419 69 0 40261 0
1791337382404050 62909985959 47 486 474 2469790 0 0 48088 0 3424 0 14491 12499515 69 0 40262 0
1791337382905055 62910486963 48 486 554 2701438 0 0 55808 0 3424 0 14492 12499606 69 0 40265 0
1791337383408925 62910990833 48 486 633 2929252 0 0 63400 0 3424 0 14495 12499697 69 0 40269 0
1791337383915262 62911497170 48 486 715 3235573 0 0 71204 0 3425 0 14495 12499787 69 0 40272 0
1791337384416578 62911998487 49 486 794 3430438 0 0 78924 0 3426 0 14495 12499880 69 0 40277 0
1791337384917252 62912499160 49 486 874 3591939 0 0 86748 0 3426 0 14495 12499977 69 0 40278 0
1791337385419362 62913001270 49 486 953 3782712 0 0 94468 0 3426 0 14495 12500077 69 0 40278 0
1791337385921161 62913503070 49 486 1033 3959167 0 0 102060 0 3426 0 14495 12500176 69 0 40278 0
1791337386422151 62914004059 49 486 1111 4146389 0 0 109780 0 3426 0 14495 12500272 69 0 40280 0
1791337386926725 62914508633 49 486 1191 4272961 0 0 117372 0 3426 0 14495 12500368 69 0 40281 0
1791337387427214 62915009123 49 486 1274 4457328 0 96 125292 0 3426 0 14496 12500460 69 0 40282 0
1791337387928021 62915509930 49 486 1481 5351329 0 576 242134 0 3427 0 14496 12500555 69 0 40284 0
1791337388429945 62916011854 51 486 1703 6130369 0 576 394990 0 3427 0 14498 12500649 69 0 40287 0
1791337388930916 62916512825 51 486 1937 6914723 0 576 563286 0 3427 0 14498 12500742 69 0 40291 0
1791337389436252 62917018161 51 486 2178 8025828 0 576 748438 0 3427 0 14498 12500837 69 0 40293 0
1791337389939413 62917521322 51 486 2428 8909157 0 576 921366 0 3427 0 14498 12500934 69 0 40296 0
1791337390440345 62918022254 51 486 2632 9584268 0 576 1035494 0 3427 0 14498 12501028 69 0 40300 0
1791337390943014 62918524922 51 486 2803 10444836 0 576 1126822 0 3427 0 14498 12501121 69 0 40305 0
1791337391443285 62919025193 51 486 2975 10901127 0 576 1225510 0 3427 0 14498 12501215 69 0 40309 0
1791337391943956 62919525864 51 486 3165 11701277 0 576 1333590 0 3427 0 14498 12501310 69 0 40310 0
1791337392446120 62920028029 51 486 3356 12258026 0 576 1452478 0 3427 0 14498 12501403 69 0 40311 0
1791337392947067 62920528976 52 486 3556 13700719 0 576 1586678 0 3427 0 14499 12501495 69 0 40315 0
1791337393448320 62921030228 52 486 3771 15023676 0 576 1733358 0 3427 0 14500 12501590 69 0 40318 0
1791337393950729 62921532637 52 486 4002 16444927 0 576 1897022 0 3428 0 14500 12501681 69 0 40324 0
1791337394457369 62922039277 52 486 4240 17743711 0 576 2075998 0 3428 0 14501 12501777 69 0 40327 0
1791337394959599 62922541508 52 486 4472 18665477 0 576 2235030 0 3429 0 14501 12501872 69 0 40328 0
1791337395462632 62923044541 52 486 4690 19797608 0 576 2374222 0 3430 0 14501 12501959 69 0 40338 0
1791337395963975 62923545883 53 486 4896 20954494 0 576 2511638 0 3430 0 14501 12502055 69 0 40340 0
1791337396465606 62924047514 53 486 5112 21729882 0 576 2662822 0 3430 0 14501 12502149 69 0 40345 0
1791337396967319 62924549227 53 486 5348 22494197 0 576 2831246 0 3430 0 14501 12502242 69 0 40347 0
1791337397468748 62925050657 53 486 5588 23182791 0 576 3014854 0 3430 0 14501 12502340 69 0 40348 0
1791337397973540 62925555449 53 486 5809 23937066 0 576 3164494 0 3430 0 14501 12502435 69 0 40349 0
1791337398474563 62926056472 53 486 6007 24615285 0 576 3271158 0 3430 0 14501 12502531 69 0 40351 0
1791337398975598 62926557507 53 486 6199 25445496 0 576 3388374 0 3431 0 14501 12502625 69 0 40355 0
1791337399477035 62927058943 54 486 6395 26435999 0 576 3514982 0 3432 0 14502 12502719 69 0 40356 0
1791337399978489 62927560397 54 486 6608 28267628 0 576 3656902 0 3433 0 14503 12502815 69 0 40358 0
1791337400478864 62928060772 54 486 6835 29875349 0 576 3811534 0 3433 0 14505 12502903 69 0 40365 0
1791337400983077 62928564986 55 486 7071 31891854 0 576 3985878 0 3434 0 14505 12502996 69 0 40371 0
1791337401485913 62929067821 55 486 7303 34253262 0 576 4155590 0 3436 0 14506 12503086 69 0 40377 0
1791337401987473 62929569381 55 486 7529 35496469 0 576 4309990 0 3437 0 14506 12503175 69 0 40384 0
1791337402487890 62930069798 55 486 7734 36827044 0 576 4434926 0 3437 0 14507 12503267 69 0 40387 0
1791337402989433 62930571342 56 486 7867 37184398 0 1176 4471836 0 3437 0 14507 12503367 69 0 40388 0
1791337403493375 62931075283 56 486 7946 37377132 0 1176 4479556 0 3437 0 14509 12503464 69 0 40388 0
1791337403996299 62931578208 56 486 8026 37567030 0 1176 4487380 0 3437 0 14510 12503557 69 0 40389 0
1791337404501828 62932083736 56 486 8106 37758899 0 1176 4495100 0 3437 0 14511 12503654 69 0 40389 0
1791337405002838 62932584746 56 486 8186 38119494 0 1176 4502820 0 3437 0 14513 12503749 69 0 40391 0
1791337405507536 62933089443 57 486 8265 38319616 0 1176 4510412 0 3437 0 14513 12503847 69 0 40393 0
1791337406008032 62933589940 57 486 8667 40279896 0 16848 4535324 0 3437 0 14514 12503939 69 0 40397 0
1791337406509205 62934091113 57 486 9651 46209550 0 50544 4576612 0 3437 0 14517 12504027 69 0 40408 0
1791337407009880 62934591789 57 486 10580 51485506 0 78384 4612172 0 3438 0 14517 12504111 69 0 40420 0
1791337407512916 62935094824 57 486 11490 56100816 0 105228 4646608 0 3438 0 14518 12504193 69 0 40437 0
1791337408016919 62935598827 58 486 12520 60804280 0 143484 4692584 0 3438 0 14521 12504269 69 0 40456 0
1791337408517640 62936099548 59 486 13703 64237230 0 196976 4753900 0 3439 0 14523 12504360 69 0 40462 0
1791337409018432 62936600340 59 486 14739 67412731 0 235748 4800160 0 3439 0 14523 12504453 69 0 40469 0
1791337409520536 62937102444 59 486 15753 71661562 0 271256 4843620 0 3439 0 14523 12504538 69 0 40486 0
1791337410028417 62937610326 59 486 16823 75710454 0 309992 4889948 0 3440 0 14525 12504623 69 0 40499 0
1791337410535009 62938116918 59 486 17775 79220648 0 340904 4928580 0 3441 0 14528 12504705 69 0 40509 0
1791337411037806 62938619714 59 486 18800 82684233 0 376508 4971904 0 3442 0 14529 12504792 69 0 40520 0
1791337411541505 62939123414 60 486 19814 87550684 0 411836 5015056 0 3443 0 14533 12504878 69 0 40531 0
1791337412046419 62939628327 60 486 20797 90630406 0 446636 5057576 0 3443 0 14535 12504964 69 0 40542 0
1791337412546913 62940128821 60 486 21960 94253744 0 501812 5120472 0 3444 0 14535 12505056 69 0 40549 0
1791337413049244 62940631153 60 486 22964 98075787 0 541136 5167388 0 3444 0 14535 12505140 69 0 40565 0
1791337413556775 62941138683 61 486 23884 100914846 0 573164 5207136 0 3445 0 14538 12505229 69 0 40571 0
1791337414060849 62941642758 61 486 24861 104234329 0 606992 5248788 0 3445 0 14541 12505315 69 0 40583 0
1791337414567646 62942149555 61 486 25912 107029741 0 645332 5294976 0 3446 0 14542 12505404 69 0 40591 0
1791337415068193 62942650101 62 486 26967 112105886 0 684212 5341576 0 3446 0 14547 12505485 69 0 40605 0
1791337415574233 62943156142 62 486 28014 117556364 0 720812 5385768 0 3447 0 14550 12505572 69 0 40615 0
1791337416078851 62943660759 63 486 29027 123220088 0 755252 5427928 0 3448 0 14554 12505655 69 0 40627 0
1791337416581984 62944163893 63 486 29997 127538850 0 786932 5467432 0 3449 0 14556 12505737 69 0 40639 0
1791337417086040 62944667948 63 486 31017 133532578 0 824432 5512524 0 3450 0 14557 12505823 69 0 40651 0
1791337417587335 62945169243 64 486 31979 139655290 0 862576 5558388 0 3450 0 14559 12505912 69 0 40660 0
1791337418094643 62945676549 64 486 32975 143015620 0 899284 5602688 0 3450 0 14559 12505993 69 0 40679 0
1791337418598137 62946180045 64 486 33990 146101817 0 935680 5646676 0 3451 0 14560 12506077 69 0 40693 0
1791337419102988 62946684897 65 486 34950 150248889 0 965884 5684832 0 3452 0 14560 12506156 69 0 40714 0
1791337419603819 62947185728 65 486 35962 153587295 0 1000468 5727136 0 3452 0 14561 12506245 69 0 40724 0
1791337420110693 62947692602 65 486 36963 157304837 0 1034212 5768472 0 3452 0 14561 12506333 69 0 40737 0
1791337420612135 62948194043 65 486 37978 160548388 0 1068700 5810680 0 3452 0 14561 12506427 69 0 40742 0
1791337421115389 62948697298 66 486 38976 164585575 0 1101340 5850912 0 3453 0 14562 12506508 69 0 40758 0
1791337421617930 62949199838 66 486 40116 169312203 0 1144052 5901576 0 3454 0 14563 12506596 69 0 40768 0
1791337422124188 62949706097 67 486 41125 171918543 0 1184636 5949752 0 3454 0 14563 12506689 69 0 40776 0
1791337422625365 62950207273 67 486 42030 173531824 0 1215320 5988156 0 3454 0 14564 12506782 69 0 40781 0
1791337423128268 62950710176 67 486 42980 176222812 0 1247036 6027592 0 3454 0 14567 12506871 69 0 40788 0
1791337423629638 62951211546 67 486 43990 179170910 0 1282244 6070392 0 3454 0 14567 12506963 69 0 40797 0
1791337424134285 62951716193 67 486 44975 182031518 0 1315460 6111328 0 3454 0 14568 12507047 69 0 40810 0
1791337424638253 62952220162 67 486 45993 184939603 0 1349828 6153416 0 3454 0 14568 12507138 69 0 40820 0
1791337425139169 62952721078 67 486 46957 187989367 0 1382504 6193916 0 3454 0 14568 12507230 69 0 40827 0
1791337425639953 62953221861 67 486 48025 190241988 0 1422188 6241320 0 3455 0 14568 12507322 69 0 40832 0
1791337426147508 62953729417 67 486 48766 191471142 0 1449008 6280790 0 3455 0 14571 12507413 69 0 40836 0
1791337426648028 62954229937 68 486 48845 191576841 0 1449008 6288382 0 3455 0 14572 12507507 69 0 40837 0
1791337427148562 62954730470 68 486 48925 191684946 0 1449008 6296102 0 3455 0 14572 12507607 69 0 40838 0
1791337427649606 62955231515 68 486 49004 191786740 0 1449008 6303822 0 3455 0 14572 12507699 69 0 40840 0
1791337428155965 62955737873 68 486 49084 191885326 0 1449008 6311646 0 3455 0 14573 12507796 69 0 40840 0
1791337428657654 62956239562 68 486 49164 191997235 0 1449008 6319366 0 3455 0 14574 12507891 69 0 40842 0
1791337429162462 62956744371 68 486 49332 192318142 0 1450256 6355352 0 3455 0 14575 12507983 69 0 40847 0
1791337429664638 62957246547 68 486 50367 195392563 0 1490228 6501732 0 3456 0 14576 12508076 69 0 40850 0
1791337430166585 62957748493 68 486 51491 199058412 0 1529588 6666284 0 3456 0 14576 12508164 69 0 40860 0
1791337430667544 62958249452 68 486 52679 203020523 0 1570676 6836940 0 3456 0 14578 12508249 69 0 40872 0
1791337431167944 62958749852 68 486 53679 206821380 0 1604948 7000908 0 3456 0 14579 12508339 69 0 40881 0
1791337431669105 62959251014 69 486 54601 209576671 0 1635284 7152964 0 3456 0 14580 12508428 69 0 40890 0
1791337432171546 62959753454 70 486 55729 212417775 0 1673780 7273420 0 3457 0 14580 12508518 69 0 40898 0
1791337432673744 62960255652 70 486 56852 215157408 0 1713404 7391788 0 3457 0 14581 12508613 69 0 40902 0
1791337433177335 62960759243 70 486 57989 217940957 0 1756784 7532312 0 3457 0 14583 12508704 69 0 40906 0
1791337433678252 62961260160 71 486 59057 223508373 0 1791728 7679968 0 3457 0 14584 12508788 69 0 40921 0
1791337434181128 62961763037 71 486 60116 230596729 0 1825928 7836248 0 3458 0 14588 12508866 69 0 40933 0
1791337434686675 62962268583 71 486 61228 235118394 0 1860980 8007044 0 3459 0 14589 12508947 69 0 40950 0
1791337435188273 62962770182 72 486 62279 238819760 0 1894412 8168628 0 3459 0 14592 12509032 69 0 40962 0
1791337435688978 62963270886 72 486 63094 243188356 0 1919180 8329140 0 3459 0 14593 12509116 69 0 40977 0
1791337436191228 62963773137 72 486 63925 247424554 0 1943960 8486576 0 3459 0 14593 12509205 69 0 40987 0
1791337436691741 62964273649 73 486 64907 251178233 0 1973720 8621328 0 3460 0 14598 12509285 69 0 40999 0
1791337437194968 62964776876 73 486 66019 256513396 0 2008568 8759496 0 3460 0 14599 12509368 69 0 41013 0
1791337437696481 62965278390 73 486 67152 260165611 0 2044664 8909848 0 3461 0 14602 12509456 69 0 41021 0
1791337438197344 62965779253 73 486 68397 262855139 0 2092548 9073532 0 3461 0 14603 12509550 69 0 41025 0
1791337438699771 62966281680 74 486 69400 265207877 0 2127336 9244296 0 3461 0 14603 12509647 69 0 41028 0
1791337439201376 62966783285 74 486 70152 266990110 0 2151612 9407532 0 3461 0 14603 12509738 69 0 41035 0
1791337439706558 62967288466 74 486 70817 269265343 0 2170428 9563764 0 3461 0 14604 12509828 69 0 41039 0
1791337440208977 62967790885 74 486 71822 271850285 0 2201148 9697804 0 3461 0 14605 12509919 69 0 41046 0
1791337440715682 62968297591 74 486 72978 274820530 0 2238732 9831116 0 3461 0 14605 12510013 69 0 41053 0
1791337441223042 62968804951 74 486 74033 278001375 0 2269644 9981020 0 3461 0 14606 12510102 69 0 41065 0
1791337441725916 62969307824 74 486 75116 280827995 0 2302476 10154356 0 3463 0 14607 12510190 69 0 41073 0
1791337442226322 62969808231 74 486 76143 282513325 0 2338300 10332228 0 3463 0 14608 12510283 69 0 41078 0
1791337442728135 62970310044 74 486 76969 284842251 0 2364028 10476716 0 3463 0 14608 12510377 69 0 41081 0
1791337443228612 62970810521 74 486 78053 287452795 0 2403072 10585240 0 3463 0 14609 12510467 69 0 41088 0
1791337443731429 62971313337 74 486 79039 290670700 0 2433504 10705224 0 3463 0 14610 12510555 69 0 41094 0
1791337444237843 62971819751 74 486 80186 292706614 0 2471328 10838648 0 3464 0 14612 12510646 69 0 41100 0
1791337444744012 62972325921 76 486 81306 295332221 0 2507136 10985856 0 3464 0 14612 12510737 69 0 41108 0
1791337445247704 62972829612 76 486 82414 298858573 0 2543424 11130224 0 3464 0 14612 12510827 69 0 41117 0
1791337445749860 62973331769 76 486 83636 301487085 0 2585444 11309532 0 3464 0 14612 12510915 69 0 41128 0
1791337446251142 62973833050 76 486 84604 303381347 0 2617472 11468168 0 3465 0 14612 12511005 69 0 41136 0
1791337446753894 62974335803 76 486 85376 306116383 0 2641736 11626760 0 3465 0 14615 12511097 69 0 41140 0
1791337447256802 62974838710 76 486 86175 308505403 0 2665424 11770752 0 3465 0 14615 12511189 69 0 41149 0
1791337447763249 62975345157 76 486 87289 312658450 0 2698544 11916816 0 3465 0 14617 12511279 69 0 41158 0
1791337448263949 62975845857 76 486 88420 317610308 0 2734256 12077464 0 3465 0 14619 12511370 69 0 41165 0
1791337448765352 62976347260 77 486 89586 321879294 0 2769680 12255064 0 3465 0 14620 12511454 69 0 41179 0
1791337449269761 62976851669 77 486 90526 325675057 0 2799152 12420280 0 3465 0 14620 12511548 69 0 41187 0
1791337449773677 62977355586 77 486 91550 329708617 0 2830352 12545664 0 3466 0 14620 12511634 69 0 41199 0
1791337450274178 62977856087 77 486 92579 332915202 0 2862560 12642464 0 3466 0 14621 12511727 69 0 41204 0
1791337450777225 62978359133 79 486 93620 336736150 0 2904704 12758848 0 3466 0 14623 12511817 69 0 41213 0
1791337451278398 62978860307 79 486 94425 340244724 0 2928968 12885016 0 3467 0 14626 12511902 69 0 41220 0
1791337451782993 62979364901 79 486 95366 343864149 0 2957372 13027780 0 3467 0 14628 12511993 69 0 41226 0
1791337452287814 62979869723 79 486 96386 345959789 0 2988428 13183900 0 3467 0 14628 12512083 69 0 41236 0
1791337452789284 62980371192 79 486 97374 348027733 0 3017132 13354524 0 3468 0 14628 12512169 69 0 41247 0
1791337453295956 62980877865 80 486 98213 350489785 0 3040256 13521240 0 3469 0 14629 12512251 69 0 41260 0
1791337453797917 62981379825 80 486 98886 353552716 0 3055856 13685296 0 3469 0 14630 12512335 69 0 41275 0
1791337454301693 62981883601 80 486 99605 355823556 0 3074420 13814223 0 3469 0 14630 12512427 69 0 41283 0
1791337454806858 62982388767 80 486 99847 356073970 0 3075572 13829676 0 3469 0 14630 12512527 69 0 41283 0
1791337455312010 62982893918 80 486 99926 356193135 0 3075572 13837396 0 3470 0 14631 12512624 69 0 41284 0
1791337455816601 62983398510 80 486 100007 356312795 0 3075572 13845348 0 3470 0 14632 12512720 69 0 41285 0
1791337456318449 62983900357 80 486 100086 356429186 0 3075572 13852940 0 3470 0 14632 12512813 69 0 41288 0
1791337456818995 62984400903 80 486 100166 356535315 0 3075572 13860660 0 3470 0 14632 12512910 69 0 41288 0
1791337457327090 62984908998 80 486 100246 356639736 0 3075572 13868380 0 3470 0 14634 12513002 69 0 41288 0
1791337457827901 62985409809 80 486 100325 356876013 0 3075572 13875972 0 3471 0 14634 12513099 69 0 41288 0
1791337458328417 62985910326 81 486 100405 356991182 0 3075572 13883692 0 3472 0 14634 12513196 69 0 41290 0
1791337458833060 62986414968 81 486 100483 357112565 0 3075572 13891284 0 3473 0 14635 12513287 69 0 41292 0
1791337459336998 62986918906 81 486 100563 357283014 0 3075572 13899004 0 3473 0 14635 12513386 69 0 41293 0
1791337459837294 62987419203 81 486 100644 357398369 0 3075572 13906956 0 3473 0 14635 12513477 69 0 41295 0
1791337460338991 62987920900 81 486 100723 357529678 0 3075572 13914548 0 3473 0 14635 12513574 69 0 41296 0
1791337460840671 62988422580 81 486 100802 357710419 0 3075572 13922268 0 3473 0 14635 12513671 69 0 41296 0
1791337461347250 62988929158 81 486 100882 357841487 0 3075572 13929988 0 3473 0 14635 12513770 69 0 41296 0
1791337461848913 62989430821 81 486 100961 357947855 0 3075572 13937580 0 3473 0 14635 12513864 69 0 41296 0
1791337462349101 62989931010 81 486 101040 358060501 0 3075572 13945300 0 3473 0 14635 12513959 69 0 41297 0
