# hz=100 page_bytes=4096 possible_cpus=2
# program_id=32 jit_bytes=8483 xlated_bytes=4776
# pos:	0
# flags:	02000002
# mnt_id:	10
# ino:	26
# prog_type:	1
# prog_jited:	1
# prog_tag:	1a92932acb008231
# memlock:	8192
# prog_id:	32
# run_time_ns:	0
# run_cnt:	0
# recursion_misses:	0
# verified_insns:	199283
# map=counters type=6 key=4 value=32 max_entries=1
# pos:	0
# flags:	02000002
# mnt_id:	10
# ino:	26
# map_type:	6
# key_size:	4
# value_size:	32
# max_entries:	1
# map_flags:	0x0
# map_extra:	0x0
# memlock:	268
# map_id:	53
# frozen:	0
# map=accounting type=2 key=4 value=24 max_entries=1
# pos:	0
# flags:	02000002
# mnt_id:	10
# ino:	26
# map_type:	2
# key_size:	4
# value_size:	24
# max_entries:	1
# map_flags:	0x0
# map_extra:	0x0
# memlock:	224
# map_id:	54
# frozen:	0
# map=flows type=9 key=36 value=32 max_entries=1024
# pos:	0
# flags:	02000002
# mnt_id:	10
# ino:	26
# map_type:	9
# key_size:	36
# value_size:	32
# max_entries:	1024
# map_flags:	0x0
# map_extra:	0x0
# memlock:	107456
# map_id:	51
# frozen:	0
# map=departures type=9 key=40 value=8 max_entries=8192
# pos:	0
# flags:	02000002
# mnt_id:	10
# ino:	26
# map_type:	9
# key_size:	40
# value_size:	8
# max_entries:	8192
# map_flags:	0x0
# map_extra:	0x0
# memlock:	656320
# map_id:	50
# frozen:	0
# map=samples type=27 key=0 value=0 max_entries=262144
# pos:	0
# flags:	02000002
# mnt_id:	10
# ino:	26
# map_type:	27
# key_size:	0
# value_size:	0
# max_entries:	262144
# map_flags:	0x0
# map_extra:	0x0
# memlock:	275148
# map_id:	52
# frozen:	0
realtime_us monotonic_us daemon_ticks rss_pages runs runtime_ns ring_full ack_bytes upload_bytes unaccounted host_user host_nice host_system host_idle host_iowait host_irq host_softirq host_steal
1791250872226498 19527901681 28 484 0 0 0 0 2560 0 641 0 2914 3888041 45 0 6822 0
1791250872727130 19528402313 28 484 78 92815 0 0 10280 0 641 0 2916 3888135 45 0 6822 0
1791250873234559 19528909742 28 484 160 214939 0 0 18000 0 642 0 2916 3888230 45 0 6823 0
1791250873735270 19529410454 28 484 240 327619 0 0 25824 0 642 0 2916 3888327 45 0 6826 0
1791250874241060 19529916243 28 484 319 432230 0 0 33544 0 642 0 2916 3888420 45 0 6826 0
1791250874743341 19530418524 28 484 399 532521 0 0 41264 0 642 0 2916 3888512 45 0 6826 0
1791250875244799 19530919983 28 484 478 619303 0 0 48856 0 642 0 2916 3888607 45 0 6826 0
1791250875745271 19531420455 28 484 557 718122 0 0 56576 0 642 0 2917 3888700 45 0 6828 0
1791250876245806 19531920990 28 484 637 811253 0 0 64296 0 643 0 2917 3888791 45 0 6832 0
1791250876747942 19532423125 28 484 718 904050 0 0 71972 0 643 0 2917 3888886 45 0 6834 0
1791250877249166 19532924350 29 484 797 1000239 0 0 79692 0 643 0 2917 3888983 45 0 6835 0
1791250877752565 19533427749 29 484 877 1093351 0 0 87516 0 643 0 2917 3889074 45 0 6837 0
1791250878256253 19533931437 29 484 958 1187599 0 0 95236 0 644 0 2918 3889169 45 0 6838 0
1791250878758509 19534433693 29 484 1037 1280477 0 0 102956 0 644 0 2919 3889264 45 0 6839 0
1791250879262007 19534937191 29 484 1116 1388088 0 0 110548 0 645 0 2919 3889358 45 0 6839 0
1791250879762506 19535437690 29 484 1195 1480284 0 0 118268 0 645 0 2920 3889449 45 0 6842 0
1791250880263063 19535938246 29 484 1278 1590945 0 96 126193 0 645 0 2920 3889541 45 0 6844 0
1791250880763920 19536439103 29 484 1489 2862230 0 576 244574 0 645 0 2920 3889639 45 0 6844 0
1791250881264592 19536939776 29 484 1733 3899967 0 576 398974 0 646 0 2922 3889734 45 0 6845 0
1791250881765606 19537440789 30 484 1970 4600771 0 576 570230 0 646 0 2924 3889828 45 0 6848 0
1791250882266102 19537941286 30 484 2204 5124417 0 576 738526 0 646 0 2924 3889922 45 0 6851 0
1791250882769547 19538444731 30 484 2435 5665306 0 576 898974 0 646 0 2924 3890014 45 0 6854 0
1791250883273323 19538948507 30 484 2669 6663409 0 576 1061094 0 646 0 2924 3890109 45 0 6859 0
1791250883774745 19539449929 30 484 2902 7816598 0 576 1220358 0 646 0 2924 3890205 45 0 6861 0
1791250884275552 19539950736 30 484 3132 9117192 0 576 1379030 0 647 0 2924 3890300 45 0 6865 0
1791250884777889 19540453071 30 484 3352 10603686 0 576 1519534 0 647 0 2924 3890397 45 0 6866 0
1791250885283296 19540958480 31 484 3570 11977375 0 576 1663230 0 649 0 2924 3890488 45 0 6869 0
1791250885785627 19541460811 31 484 3794 13265661 0 576 1817630 0 649 0 2924 3890581 45 0 6874 0
1791250886286598 19541961782 31 484 4030 14923583 0 576 1990430 0 649 0 2924 3890671 45 0 6881 0
1791250886787253 19542462437 31 484 4264 16088779 0 576 2167990 0 650 0 2926 3890763 45 0 6884 0
1791250887290824 19542966007 32 484 4491 17533761 0 576 2323806 0 650 0 2926 3890857 45 0 6889 0
1791250887792949 19543468133 33 484 4710 18755737 0 576 2462766 0 650 0 2926 3890953 45 0 6891 0
1791250888295146 19543970329 33 484 4928 20266859 0 576 2594110 0 650 0 2927 3891047 45 0 6895 0
1791250888798508 19544473692 33 484 5142 22714738 0 576 2736158 0 650 0 2928 3891138 45 0 6901 0
1791250889301885 19544977068 33 484 5371 23232209 0 576 2893646 0 653 0 2930 3891234 45 0 6901 0
1791250889803964 19545479148 34 484 5608 23734250 0 576 3067990 0 653 0 2930 3891330 45 0 6904 0
1791250890304643 19545979827 34 484 5837 24254799 0 576 3234742 0 654 0 2930 3891425 45 0 6905 0
1791250890805864 19546481048 34 484 6064 25067780 0 576 3395190 0 654 0 2931 3891518 45 0 6908 0
1791250891306571 19546981755 34 484 6294 26156733 0 576 3557310 0 654 0 2931 3891614 45 0 6909 0
1791250891807822 19547483005 34 484 6523 27728945 0 576 3714926 0 655 0 2932 3891708 45 0 6911 0
1791250892308319 19547983503 34 484 6742 28335011 0 576 3858262 0 656 0 2932 3891800 45 0 6916 0
1791250892809562 19548484746 35 484 6978 29293201 0 576 3998894 0 656 0 2933 3891892 45 0 6919 0
1791250893313365 19548988549 35 484 7205 29808464 0 576 4154710 0 656 0 2935 3891984 45 0 6921 0
1791250893816602 19549491786 35 484 7439 30714344 0 576 4321694 0 656 0 2935 3892077 45 0 6926 0
1791250894319299 19549994482 35 484 7674 31199672 0 576 4485230 0 656 0 2935 3892172 45 0 6926 0
1791250894822124 19550497308 35 484 7908 31891549 0 576 4648894 0 656 0 2936 3892268 45 0 6929 0
1791250895323007 19550998191 35 484 8136 32748870 0 576 4809470 0 658 0 2936 3892362 45 0 6932 0
1791250895823617 19551498800 35 484 8308 33035344 0 960 4864970 0 659 0 2937 3892455 45 0 6936 0
1791250896324307 19551999491 35 484 8388 33135696 0 960 4872690 0 659 0 2939 3892550 45 0 6937 0
1791250896824983 19552500166 36 484 8467 33237760 0 960 4880410 0 660 0 2939 3892648 45 0 6937 0
1791250897325229 19553000413 36 484 8546 33338861 0 960 4888002 0 661 0 2939 3892745 45 0 6938 0
1791250897825408 19553500592 36 484 8627 33623400 0 960 4895722 0 661 0 2939 3892837 45 0 6941 0
1791250898326079 19554001263 36 484 8705 33717350 0 960 4903442 0 661 0 2940 3892930 45 0 6942 0
1791250898827682 19554502866 36 484 8852 34103776 0 2820 4914414 0 661 0 2941 3893023 45 0 6944 0
1791250899330680 19555005864 36 484 9309 35128027 0 23180 4942494 0 661 0 2941 3893123 45 0 6945 0
1791250899833723 19555508907 36 484 9765 36770784 0 41480 4968618 0 661 0 2942 3893216 45 0 6950 0
1791250900334554 19556009738 37 484 10197 38111258 0 58048 4992906 0 661 0 2942 3893313 45 0 6953 0
1791250900835803 19556510987 37 484 10678 39285036 0 77132 5019710 0 661 0 2942 3893407 45 0 6960 0
1791250901336037 19557011221 37 484 11188 40821238 0 97680 5047850 0 661 0 2943 3893501 45 0 6962 0
1791250901836671 19557511855 37 484 11734 41862476 0 119244 5077134 0 661 0 2943 3893597 45 0 6964 0
1791250902338799 19558013982 37 484 12313 44003040 0 142300 5107910 0 661 0 2944 3893693 45 0 6967 0
1791250902844017 19558519200 37 484 12923 45546933 0 167316 5140518 0 661 0 2946 3893791 45 0 6967 0
1791250903344229 19559019412 37 484 13482 46858512 0 188244 5169166 0 661 0 2946 3893884 45 0 6973 0
1791250903848456 19559523639 37 484 14125 48012836 0 212628 5201142 0 661 0 2946 3893981 45 0 6976 0
1791250904350579 19560025762 37 484 14843 49189091 0 240588 5237054 0 662 0 2947 3894079 45 0 6977 0
1791250904852658 19560527841 38 484 15618 51392949 0 272556 5276614 0 662 0 2947 3894175 45 0 6980 0
1791250905360365 19561035549 38 484 16317 52832230 0 298952 5310730 0 662 0 2949 3894270 45 0 6982 0
1791250905863503 19561538687 38 484 17019 54151940 0 324008 5343506 0 662 0 2949 3894360 45 0 6987 0
1791250906364764 19562039948 38 484 17888 55914597 0 357668 5384758 0 662 0 2950 3894454 45 0 6991 0
1791250906867102 19562542285 38 484 18754 58037996 0 390956 5425766 0 663 0 2950 3894549 45 0 6996 0
1791250907375563 19563050747 38 484 19714 59878917 0 428068 5470830 0 664 0 2952 3894640 45 0 7002 0
1791250907876053 19563551236 38 484 20701 61947978 0 463684 5514166 0 665 0 2953 3894733 45 0 7008 0
1791250908376927 19564052110 38 484 21788 64230224 0 503668 5561742 0 665 0 2953 3894830 45 0 7011 0
1791250908878162 19564553346 38 484 22832 66685015 0 542440 5608234 0 665 0 2953 3894920 45 0 7019 0
1791250909382659 19565057843 39 484 23864 68883922 0 580372 5653758 0 665 0 2954 3895014 45 0 7024 0
1791250909883153 19565558337 39 484 24930 71722011 0 619852 5700958 0 665 0 2954 3895107 45 0 7029 0
1791250910391101 19566066285 40 484 25968 74114638 0 657388 5746086 0 665 0 2956 3895191 45 0 7043 0
1791250910892369 19566567552 40 484 27042 76959050 0 696160 5792810 0 665 0 2957 3895278 45 0 7055 0
1791250911393559 19567068743 40 484 28104 79774122 0 735232 5839602 0 665 0 2958 3895370 45 0 7062 0
1791250911895912 19567571096 40 484 29221 82140799 0 779112 5891074 0 666 0 2959 3895467 45 0 7064 0
1791250912396662 19568071846 40 484 30264 84976645 0 818700 5938382 0 666 0 2960 3895556 45 0 7074 0
1791250912900078 19568575262 40 484 31335 88311953 0 857796 5985070 0 666 0 2962 3895644 45 0 7083 0
1791250913403400 19569078584 40 484 32399 90731192 0 896484 6031478 0 667 0 2962 3895736 45 0 7091 0
1791250913906300 19569581483 40 484 33428 95532291 0 934080 6076922 0 668 0 2964 3895824 45 0 7102 0
1791250914406647 19570081830 41 484 34469 99120490 0 972096 6122530 0 668 0 2967 3895912 45 0 7110 0
1791250914909618 19570584801 41 484 35524 103024810 0 1009632 6167786 0 668 0 2969 3896000 45 0 7121 0
1791250915411000 19571086184 41 484 36594 107520480 0 1048128 6214234 0 669 0 2973 3896082 45 0 7133 0
1791250915915024 19571590207 42 484 37710 110446928 0 1092520 6266218 0 669 0 2973 3896168 45 0 7148 0
1791250916416672 19572091855 42 484 38638 113337413 0 1128496 6309914 0 670 0 2973 3896257 45 0 7159 0
1791250916925339 19572600523 42 484 39695 117423983 0 1166716 6355726 0 671 0 2973 3896345 45 0 7170 0
1791250917428289 19573103473 42 484 40760 121107860 0 1206232 6402962 0 671 0 2975 3896433 45 0 7182 0
1791250917931734 19573606917 42 484 41857 124967085 0 1245820 6450270 0 671 0 2978 3896521 45 0 7191 0
1791250918434641 19574109825 42 484 42904 128917529 0 1283300 6495574 0 671 0 2979 3896611 45 0 7200 0
1791250918935575 19574610758 42 484 44005 131816586 0 1317176 6543529 0 671 0 2981 3896700 45 0 7210 0
1791250919442720 19575117904 43 484 44193 132008533 0 1317272 6557393 0 671 0 2981 3896797 45 0 7210 0
1791250919942870 19575618054 43 484 44272 132100841 0 1317272 6564985 0 671 0 2981 3896893 45 0 7210 0
1791250920443709 19576118892 43 484 44352 132192604 0 1317272 6572705 0 671 0 2981 3896989 45 0 7210 0
1791250920946562 19576621746 43 484 44431 132558148 0 1317272 6580425 0 671 0 2981 3897083 45 0 7214 0
1791250921447266 19577122450 44 484 44510 132786151 0 1317272 6588017 0 671 0 2981 3897179 45 0 7215 0
1791250921951960 19577627143 44 484 44597 132909203 0 1317464 6596403 0 672 0 2981 3897272 45 0 7216 0
1791250922453779 19578128963 44 484 45370 134812306 0 1341728 6707299 0 672 0 2982 3897369 45 0 7219 0
1791250922954107 19578629290 44 484 46444 136741871 0 1372736 6823459 0 672 0 2982 3897460 45 0 7228 0
1791250923454803 19579129987 44 484 47426 140474523 0 1399424 6934707 0 672 0 2983 3897548 45 0 7237 0
1791250923956798 19579631982 44 484 48357 142563559 0 1422136 7045659 0 672 0 2983 3897640 45 0 7244 0
1791250924458289 19580133472 44 484 49433 145637064 0 1463568 7174971 0 672 0 2984 3897734 45 0 7247 0
1791250924960310 19580635494 44 484 50559 148517195 0 1506044 7314719 0 672 0 2986 3897825 45 0 7253 0
1791250925464263 19581139447 44 484 51748 151038163 0 1547608 7471955 0 674 0 2988 3897913 45 0 7261 0
1791250925964839 19581640023 45 484 52897 153345901 0 1583872 7645635 0 674 0 2988 3897998 45 0 7275 0
1791250926465571 19582140755 45 484 53894 155465100 0 1615720 7810267 0 674 0 2989 3898092 45 0 7281 0
1791250926974026 19582649210 45 484 54840 157613775 0 1645096 7973843 0 674 0 2990 3898187 45 0 7284 0
1791250927476370 19583151553 45 484 55713 160121511 0 1672744 8134275 0 674 0 2990 3898284 45 0 7289 0
1791250927977348 19583652532 45 484 56582 161720900 0 1700488 8296579 0 674 0 2990 3898378 45 0 7294 0
1791250928482572 19584157756 45 484 57401 163787828 0 1726216 8448787 0 675 0 2990 3898469 45 0 7300 0
1791250928984710 19584659894 45 484 58408 166933295 0 1763272 8597011 0 675 0 2990 3898566 45 0 7303 0
1791250929486591 19585161775 45 484 59441 169530675 0 1801096 8733523 0 675 0 2990 3898663 45 0 7306 0
1791250929988866 19585664050 46 484 60406 171870033 0 1832356 8885215 0 675 0 2992 3898750 45 0 7316 0
1791250930489185 19586164369 46 484 61432 174211575 0 1863472 9050659 0 675 0 2995 3898842 45 0 7322 0
1791250930996967 19586672150 46 484 62340 177081771 0 1891240 9226523 0 675 0 2995 3898938 45 0 7325 0
1791250931498698 19587173882 46 484 63035 179151258 0 1910632 9389739 0 675 0 2997 3899033 45 0 7327 0
1791250932005561 19587680745 46 484 63683 181604966 0 1927336 9548491 0 675 0 2997 3899126 45 0 7334 0
1791250932507415 19588182599 46 484 64342 183481802 0 1944028 9710191 0 675 0 2998 3899216 45 0 7342 0
1791250933008015 19588683198 46 484 65013 185859591 0 1962316 9861391 0 675 0 3000 3899309 45 0 7347 0
1791250933508402 19589183586 46 484 65903 187617900 0 1992044 10003703 0 675 0 3001 3899400 45 0 7354 0
1791250934013729 19589688913 46 484 66883 189722133 0 2029128 10156587 0 675 0 3002 3899490 45 0 7359 0
1791250934514201 19590189385 47 484 67608 191715726 0 2050464 10321515 0 675 0 3002 3899584 45 0 7362 0
1791250935015104 19590690287 47 484 68191 193004130 0 2066004 10483839 0 675 0 3003 3899677 45 0 7367 0
1791250935516232 19591191416 47 484 68738 195166794 0 2079408 10647011 0 675 0 3003 3899771 45 0 7372 0
1791250936022134 19591697317 47 484 69250 196903222 0 2091744 10807443 0 675 0 3003 3899868 45 0 7375 0
1791250936524048 19592199231 47 484 69776 198073836 0 2104608 10965443 0 675 0 3004 3899962 45 0 7380 0
1791250937028415 19592703598 47 484 70391 199596661 0 2121312 11108755 0 675 0 3005 3900057 45 0 7385 0
1791250937528627 19593203810 47 484 71238 201576792 0 2154512 11245275 0 675 0 3005 3900154 45 0 7388 0
1791250938029650 19593704834 47 484 72003 203205091 0 2181320 11394291 0 675 0 3006 3900247 45 0 7392 0
1791250938533553 19594208736 48 484 72781 205190047 0 2205740 11563615 0 675 0 3007 3900342 45 0 7394 0
1791250939034015 19594709198 48 484 73450 207080673 0 2225120 11732763 0 675 0 3007 3900442 45 0 7394 0
1791250939534279 19595209463 48 484 74033 209116986 0 2239964 11892847 0 676 0 3008 3900535 45 0 7397 0
1791250940039485 19595714669 49 484 74575 210161296 0 2253032 12057227 0 676 0 3008 3900633 45 0 7397 0
1791250940540680 19596215863 49 484 75096 211380201 0 2265788 12218079 0 677 0 3008 3900727 45 0 7399 0
1791250941043381 19596718565 49 484 75585 212836502 0 2276576 12378635 0 678 0 3009 3900819 45 0 7404 0
1791250941545775 19597220959 49 484 76135 213778224 0 2291384 12523139 0 678 0 3009 3900920 45 0 7405 0
1791250942048637 19597723821 49 484 76820 215499300 0 2313796 12667399 0 678 0 3009 3901011 45 0 7410 0
1791250942550670 19598225853 49 484 77541 218011789 0 2337568 12823955 0 678 0 3009 3901106 45 0 7414 0
1791250943051953 19598727137 49 484 78125 220182607 0 2354464 12992163 0 678 0 3009 3901199 45 0 7421 0
1791250943553513 19599228697 49 484 78644 222627835 0 2368324 13154351 0 678 0 3009 3901288 45 0 7431 0
1791250944055037 19599730220 50 484 79116 224772411 0 2379772 13312247 0 679 0 3010 3901381 45 0 7434 0
1791250944555931 19600231114 50 484 79588 226771895 0 2390716 13473063 0 680 0 3011 3901473 45 0 7441 0
1791250945061724 19600736908 50 484 80074 229119310 0 2402716 13630199 0 680 0 3011 3901567 45 0 7447 0
1791250945563605 19601238789 50 484 80642 232166674 0 2419880 13775515 0 680 0 3011 3901660 45 0 7453 0
1791250946064852 19601740035 50 484 81301 234563931 0 2443460 13922487 0 680 0 3012 3901753 45 0 7457 0
1791250946570424 19602245608 51 484 81908 237484088 0 2461940 14084559 0 680 0 3013 3901848 45 0 7461 0
1791250947073082 19602748266 51 484 82507 239887844 0 2479628 14244264 0 680 0 3013 3901944 45 0 7464 0
1791250947574688 19603249872 52 484 82831 241069608 0 2485664 14277099 0 682 0 3015 3902036 45 0 7467 0
1791250948076336 19603751519 52 484 82911 241215298 0 2485664 14284819 0 684 0 3016 3902130 45 0 7469 0
1791250948578688 19604253871 52 484 82990 241318179 0 2485664 14292411 0 686 0 3016 3902224 45 0 7470 0
1791250949081561 19604756745 52 484 83070 241614560 0 2485664 14300131 0 686 0 3016 3902316 45 0 7474 0
1791250949583604 19605258787 52 484 83149 241709816 0 2485664 14307851 0 687 0 3016 3902410 45 0 7475 0
1791250950084757 19605759941 52 484 83228 241797516 0 2485664 14315443 0 687 0 3017 3902506 45 0 7476 0
1791250950585612 19606260796 52 484 83308 241900597 0 2485664 14323163 0 687 0 3017 3902602 45 0 7476 0
1791250951091282 19606766466 52 484 83387 242012225 0 2485664 14330883 0 688 0 3017 3902697 45 0 7476 0
1791250951592641 19607267824 53 484 83468 242103142 0 2485664 14338707 0 688 0 3017 3902791 45 0 7476 0
1791250952094117 19607769300 53 484 83547 242191359 0 2485664 14346427 0 688 0 3017 3902885 45 0 7478 0
1791250952598525 19608273709 53 484 83627 242283950 0 2485664 14354147 0 688 0 3017 3902979 45 0 7478 0
1791250953099370 19608774554 53 484 83706 242385810 0 2485664 14361739 0 688 0 3017 3903071 45 0 7479 0
1791250953599713 19609274897 53 484 83786 242479451 0 2485664 14369459 0 688 0 3017 3903162 45 0 7479 0
1791250954102474 19609777658 53 484 83865 242575525 0 2485664 14377179 0 688 0 3017 3903255 45 0 7480 0
1791250954602795 19610277979 53 484 83944 242663768 0 2485664 14384771 0 688 0 3017 3903349 45 0 7480 0
1791250955107876 19610783060 53 484 84025 242762799 0 2485664 14392619 0 688 0 3017 3903447 45 0 7481 0
1791250955239983 19610915167 53 484 84047 242786529 0 2485664 14394755 0 688 0 3018 3903471 45 0 7481 0
