# hz=100 page_bytes=4096 possible_cpus=2
# program_id=16 jit_bytes=13455 xlated_bytes=7456
# pos:	0
# flags:	02000002
# mnt_id:	10
# ino:	26
# prog_type:	1
# prog_jited:	1
# prog_tag:	5aa2dd3f4c6b3039
# memlock:	8192
# prog_id:	16
# run_time_ns:	0
# run_cnt:	0
# recursion_misses:	0
# verified_insns:	298512
# map=counters type=6 key=4 value=32 max_entries=1
# pos:	0
# flags:	02000002
# mnt_id:	10
# ino:	26
# map_type:	6
# key_size:	4
# value_size:	32
# max_entries:	1
# map_flags:	0x0
# map_extra:	0x0
# memlock:	268
# map_id:	24
# frozen:	0
# map=accounting type=2 key=4 value=24 max_entries=1
# pos:	0
# flags:	02000002
# mnt_id:	10
# ino:	26
# map_type:	2
# key_size:	4
# value_size:	24
# max_entries:	1
# map_flags:	0x0
# map_extra:	0x0
# memlock:	224
# map_id:	25
# frozen:	0
# map=stream_epoch_v1 type=1 key=4 value=4 max_entries=1
# pos:	0
# flags:	02000002
# mnt_id:	10
# ino:	26
# map_type:	1
# key_size:	4
# value_size:	4
# max_entries:	1
# map_flags:	0x0
# map_extra:	0x0
# memlock:	1096
# map_id:	18
# frozen:	0
# map=stream_fault type=6 key=4 value=4 max_entries=1
# pos:	0
# flags:	02000002
# mnt_id:	10
# ino:	26
# map_type:	6
# key_size:	4
# value_size:	4
# max_entries:	1
# map_flags:	0x0
# map_extra:	0x0
# memlock:	220
# map_id:	20
# frozen:	0
# map=stream_losses type=1 key=4 value=4 max_entries=64
# pos:	0
# flags:	02000002
# mnt_id:	10
# ino:	26
# map_type:	1
# key_size:	4
# value_size:	4
# max_entries:	64
# map_flags:	0x0
# map_extra:	0x0
# memlock:	4120
# map_id:	19
# frozen:	0
# map=samples type=27 key=0 value=0 max_entries=262144
# pos:	0
# flags:	02000002
# mnt_id:	10
# ino:	26
# map_type:	27
# key_size:	0
# value_size:	0
# max_entries:	262144
# map_flags:	0x0
# map_extra:	0x0
# memlock:	275148
# map_id:	23
# frozen:	0
# map=flows type=9 key=36 value=32 max_entries=1024
# pos:	0
# flags:	02000002
# mnt_id:	10
# ino:	26
# map_type:	9
# key_size:	36
# value_size:	32
# max_entries:	1024
# map_flags:	0x0
# map_extra:	0x0
# memlock:	107456
# map_id:	22
# frozen:	0
# map=departures type=9 key=40 value=4 max_entries=8192
# pos:	0
# flags:	02000002
# mnt_id:	10
# ino:	26
# map_type:	9
# key_size:	40
# value_size:	4
# max_entries:	8192
# map_flags:	0x0
# map_extra:	0x0
# memlock:	656320
# map_id:	21
# frozen:	0
realtime_us monotonic_us daemon_ticks rss_pages runs runtime_ns ring_full ack_bytes upload_bytes unaccounted host_user host_nice host_system host_idle host_iowait host_irq host_softirq host_steal
1791250505609522 19161284706 37 629 0 0 0 0 2176 0 448 0 2081 3820226 43 0 3822 0
1791250506110626 19161785810 37 629 78 120379 0 0 9896 0 448 0 2081 3820322 43 0 3823 0
1791250506612995 19162288178 37 629 157 244417 0 0 17488 0 448 0 2083 3820419 43 0 3823 0
1791250507120993 19162796176 37 629 238 396899 0 0 25440 0 448 0 2084 3820516 43 0 3825 0
1791250507625040 19163300224 37 629 320 527072 0 0 33160 0 448 0 2084 3820612 43 0 3825 0
1791250508126363 19163801546 37 629 399 653358 0 0 40880 0 448 0 2084 3820709 43 0 3825 0
1791250508626906 19164302089 37 629 478 779533 0 0 48472 0 448 0 2084 3820803 43 0 3826 0
1791250509127863 19164803046 38 629 557 904950 0 0 56192 0 448 0 2084 3820900 43 0 3828 0
1791250509634111 19165309295 38 629 637 1434569 0 0 64016 0 448 0 2085 3820997 43 0 3829 0
1791250510138146 19165813330 38 629 719 1656276 0 0 71820 0 448 0 2085 3821094 43 0 3830 0
1791250510640917 19166316101 38 629 799 2121295 0 0 79540 0 448 0 2085 3821187 43 0 3833 0
1791250511142617 19166817800 38 629 878 2245404 0 0 87132 0 448 0 2085 3821283 43 0 3834 0
1791250511648001 19167323185 38 629 958 2367898 0 0 94852 0 448 0 2086 3821378 43 0 3835 0
1791250512149440 19167824623 38 629 1037 2483230 0 0 102572 0 448 0 2087 3821472 43 0 3835 0
1791250512651816 19168326999 38 629 1116 2584934 0 0 110164 0 448 0 2087 3821566 43 0 3837 0
1791250513154255 19168829439 39 629 1197 2722437 0 0 118116 0 448 0 2087 3821665 43 0 3838 0
1791250513654729 19169329912 39 629 1280 2856179 0 96 126169 0 449 0 2087 3821761 43 0 3838 0
1791250514155459 19169830643 39 629 1505 3623228 0 480 248726 0 449 0 2087 3821850 43 0 3846 0
1791250514655784 19170330968 39 629 1730 4591770 0 480 404902 0 449 0 2087 3821944 43 0 3848 0
1791250515156005 19170831189 39 629 1966 5583233 0 480 574742 0 449 0 2087 3822042 43 0 3849 0
1791250515659116 19171334299 39 629 2198 6818949 0 480 745998 0 449 0 2087 3822135 43 0 3854 0
1791250516163552 19171838735 39 629 2426 8247564 0 480 908118 0 449 0 2088 3822232 43 0 3854 0
1791250516667440 19172342624 39 629 2660 8990900 0 480 1070238 0 449 0 2088 3822328 43 0 3856 0
1791250517172690 19172847874 40 629 2889 9799327 0 480 1229142 0 449 0 2088 3822425 43 0 3857 0
1791250517675086 19173350269 40 629 3112 10658261 0 480 1374510 0 449 0 2088 3822519 43 0 3861 0
1791250518176698 19173851882 40 629 3329 11335982 0 480 1515014 0 449 0 2088 3822616 43 0 3862 0
1791250518676895 19174352078 40 629 3556 12193821 0 480 1670830 0 449 0 2088 3822714 43 0 3864 0
1791250519177465 19174852648 40 629 3793 13162360 0 480 1839126 0 449 0 2088 3822803 43 0 3871 0
1791250519679751 19175354935 40 629 4021 14204376 0 480 2001246 0 450 0 2088 3822897 43 0 3872 0
1791250520184020 19175859204 40 629 4252 15039334 0 480 2164782 0 450 0 2088 3822994 43 0 3872 0
1791250520685760 19176360944 40 629 4477 15750398 0 480 2323814 0 450 0 2089 3823088 43 0 3877 0
1791250521188321 19176863505 40 629 4707 17007217 0 480 2484390 0 450 0 2089 3823181 43 0 3879 0
1791250521691546 19177366730 40 629 4932 17934881 0 480 2640206 0 450 0 2089 3823278 43 0 3881 0
1791250522197765 19177872949 40 629 5151 19026929 0 480 2777854 0 450 0 2089 3823373 43 0 3884 0
1791250522699537 19178374721 41 629 5368 19823433 0 480 2921574 0 450 0 2089 3823467 43 0 3886 0
1791250523202652 19178877836 41 629 5591 20989330 0 480 3078934 0 451 0 2090 3823563 43 0 3888 0
1791250523703648 19179378831 41 629 5828 23068382 0 480 3254950 0 451 0 2091 3823658 43 0 3892 0
1791250524204121 19179879305 41 629 6062 26238359 0 480 3433926 0 451 0 2091 3823754 43 0 3895 0
1791250524705459 19180380643 41 629 6289 27578019 0 480 3592958 0 451 0 2092 3823848 43 0 3898 0
1791250525209157 19180884341 41 629 6498 28936124 0 480 3714934 0 451 0 2095 3823940 43 0 3900 0
1791250525709728 19181384912 43 629 6688 30636564 0 480 3830606 0 453 0 2095 3824033 43 0 3903 0
1791250526210450 19181885633 43 629 6885 32297082 0 480 3960302 0 453 0 2096 3824124 43 0 3907 0
1791250526713998 19182389182 43 629 7106 34199969 0 480 4103766 0 453 0 2096 3824220 43 0 3909 0
1791250527218055 19182893238 43 629 7337 36329413 0 480 4263030 0 453 0 2097 3824316 43 0 3911 0
1791250527718745 19183393929 44 629 7578 38375377 0 480 4429782 0 453 0 2099 3824410 43 0 3913 0
1791250528218964 19183894147 44 629 7809 39939425 0 480 4594862 0 453 0 2099 3824505 43 0 3914 0
1791250528719614 19184394797 44 629 8038 41127694 0 480 4756854 0 453 0 2101 3824596 43 0 3917 0
1791250529220126 19184895310 44 629 8189 41589898 0 768 4798492 0 453 0 2101 3824692 43 0 3919 0
1791250529720657 19185395841 44 629 8267 41705067 0 768 4806212 0 453 0 2101 3824785 43 0 3919 0
1791250530223258 19185898442 44 629 8347 41812322 0 768 4813804 0 453 0 2102 3824882 43 0 3920 0
1791250530730155 19186405339 44 629 8427 41921408 0 768 4821524 0 453 0 2102 3824978 43 0 3922 0
1791250531232159 19186907343 45 629 8506 42040167 0 768 4829244 0 453 0 2102 3825070 43 0 3924 0
1791250531733913 19187409097 45 629 8587 42149706 0 768 4837068 0 453 0 2102 3825166 43 0 3924 0
1791250532238569 19187913753 45 629 8797 42824331 0 6024 4851564 0 453 0 2106 3825256 43 0 3928 0
1791250532740502 19188415686 45 629 9220 44847752 0 25036 4878168 0 453 0 2107 3825347 43 0 3932 0
1791250533241357 19188916540 45 629 9626 46706296 0 40536 4901388 0 453 0 2108 3825444 43 0 3933 0
1791250533749204 19189424387 45 629 10060 48033828 0 57472 4926044 0 453 0 2108 3825541 43 0 3937 0
1791250534250467 19189925651 45 629 10532 50481956 0 76356 4952648 0 453 0 2109 3825639 43 0 3939 0
1791250534751363 19190426547 46 629 11022 52122508 0 96164 4980048 0 453 0 2110 3825732 43 0 3943 0
1791250535252417 19190927600 46 629 11461 53670207 0 113144 5004748 0 454 0 2110 3825825 43 0 3946 0
1791250535752817 19191428001 46 629 11994 55153217 0 134424 5033620 0 454 0 2110 3825920 43 0 3949 0
1791250536258314 19191933497 46 629 12578 57050374 0 157780 5064928 0 454 0 2111 3826017 43 0 3951 0
1791250536758632 19192433816 46 629 13189 58984283 0 183208 5097948 0 454 0 2111 3826114 43 0 3954 0
1791250537258969 19192934153 46 629 13796 61395780 0 206628 5129088 0 454 0 2112 3826207 43 0 3960 0
1791250537763353 19193438536 47 629 14520 64093410 0 236944 5167124 0 454 0 2112 3826300 43 0 3964 0
1791250538265951 19193941135 47 629 15224 66377141 0 265076 5202848 0 454 0 2112 3826390 43 0 3972 0
1791250538767548 19194442732 47 629 15915 68696353 0 291236 5236728 0 454 0 2113 3826483 43 0 3978 0
1791250539271561 19194946744 47 629 16706 72061788 0 321584 5274668 0 454 0 2116 3826572 43 0 3985 0
1791250539772026 19195447209 48 629 17521 74779211 0 353296 5314100 0 454 0 2117 3826666 43 0 3988 0
1791250540275893 19195951076 48 629 18359 76879649 0 386192 5354716 0 454 0 2117 3826758 43 0 3995 0
1791250540777311 19196452494 48 629 19214 80104062 0 417332 5393680 0 454 0 2118 3826851 43 0 4000 0
1791250541283245 19196958429 48 629 20242 85443958 0 456212 5440280 0 454 0 2121 3826943 44 0 4005 0
1791250541783957 19197459140 48 629 21326 88282489 0 495860 5487648 0 454 0 2121 3827036 44 0 4011 0
1791250542284807 19197959991 48 629 22399 91486824 0 537212 5536720 0 454 0 2123 3827124 44 0 4018 0
1791250542785505 19198460689 48 629 23441 95201455 0 576644 5583744 0 455 0 2123 3827214 44 0 4026 0
1791250543288904 19198964087 48 629 24599 99430993 0 622532 5637352 0 456 0 2123 3827305 44 0 4034 0
1791250543791399 19199466583 49 629 25673 103594845 0 662252 5684896 0 456 0 2125 3827394 44 0 4042 0
1791250544292125 19199967309 49 629 26702 106825759 0 699068 5729200 0 456 0 2125 3827486 44 0 4050 0
1791250544793494 19200468678 49 629 27733 110981631 0 734936 5772788 0 456 0 2127 3827572 44 0 4062 0
1791250545294708 19200969891 49 629 28739 113641042 0 769688 5815364 0 456 0 2127 3827661 44 0 4069 0
1791250545798632 19201473816 49 629 29765 117663227 0 804452 5857976 0 456 0 2127 3827759 44 0 4071 0
1791250546301688 19201976871 49 629 30822 121208783 0 844184 5905300 0 456 0 2128 3827845 44 0 4080 0
1791250546803174 19202478357 50 629 31859 125189326 0 880964 5949800 0 456 0 2129 3827937 44 0 4087 0
1791250547304873 19202980056 50 629 32920 128700870 0 919532 5996088 0 458 0 2133 3828022 44 0 4095 0
1791250547805380 19203480564 50 629 34018 131164117 0 963168 6047316 0 458 0 2134 3828116 44 0 4100 0
1791250548305594 19203980778 50 629 35087 134619821 0 1002240 6094108 0 458 0 2134 3828209 44 0 4106 0
1791250548806482 19204481666 51 629 36158 138521584 0 1041888 6141476 0 458 0 2135 3828303 44 0 4110 0
1791250549314111 19204989295 51 629 37264 141661113 0 1082868 6190048 0 458 0 2136 3828397 44 0 4115 0
1791250549814596 19205489780 51 629 38367 144942580 0 1125036 6240168 0 458 0 2138 3828490 44 0 4119 0
1791250550317092 19205992275 51 629 39412 148485766 0 1163040 6285892 0 458 0 2139 3828578 44 0 4130 0
1791250550823132 19206498315 51 629 40486 154517560 0 1202032 6332476 0 458 0 2141 3828664 44 0 4141 0
1791250551325034 19207000217 51 629 41515 161954876 0 1237672 6375836 0 458 0 2145 3828750 44 0 4152 0
1791250551829977 19207505161 52 629 42543 168692332 0 1273264 6419020 0 458 0 2150 3828831 44 0 4165 0
1791250552332886 19208008069 53 629 43460 173542700 0 1297576 6459575 0 458 0 2151 3828918 44 0 4177 0
1791250552833637 19208508821 53 629 43542 173739974 0 1297576 6467527 0 458 0 2152 3829012 44 0 4181 0
1791250553335788 19209010971 53 629 43621 174719142 0 1297576 6475119 0 458 0 2153 3829108 44 0 4184 0
1791250553843800 19209518983 53 629 43701 174927757 0 1297576 6482839 0 458 0 2154 3829204 44 0 4185 0
1791250554344855 19210020039 53 629 43780 175166879 0 1297576 6490559 0 458 0 2154 3829297 44 0 4189 0
1791250554849500 19210524683 54 629 43860 175379995 0 1297576 6498279 0 458 0 2156 3829393 44 0 4190 0
1791250555352967 19211028150 54 629 43966 175786491 0 1298056 6507821 0 458 0 2157 3829487 44 0 4192 0
1791250555853499 19211528682 55 629 44886 181357710 0 1332172 6650733 0 460 0 2159 3829574 44 0 4200 0
1791250556355726 19212030909 55 629 46074 186176301 0 1375084 6806589 0 461 0 2160 3829661 44 0 4210 0
1791250556857063 19212532246 56 629 47280 192487765 0 1417708 6984957 0 461 0 2162 3829752 44 0 4217 0
1791250557358886 19213034069 56 629 48178 196711463 0 1446796 7145285 0 463 0 2162 3829836 44 0 4229 0
1791250557863051 19213538235 56 629 49036 199787786 0 1475596 7303653 0 463 0 2163 3829927 44 0 4237 0
1791250558364648 19214039831 56 629 49880 202143074 0 1504408 7469881 0 463 0 2165 3830019 44 0 4243 0
1791250558866366 19214541550 56 629 50686 204658285 0 1530616 7624241 0 463 0 2165 3830116 44 0 4247 0
1791250559371366 19215046549 56 629 51689 207672060 0 1567832 7763233 0 463 0 2165 3830211 44 0 4250 0
1791250559874498 19215549682 57 629 52723 209782789 0 1607900 7900573 0 463 0 2165 3830305 44 0 4254 0
1791250560380350 19216055533 57 629 53760 212522819 0 1642592 8060561 0 463 0 2165 3830397 44 0 4262 0
1791250560884094 19216559278 57 629 54816 216668468 0 1677668 8232925 0 463 0 2166 3830489 44 0 4269 0
1791250561385551 19217060735 57 629 55751 219878434 0 1707308 8395349 0 463 0 2166 3830583 44 0 4275 0
1791250561886887 19217562071 57 629 56504 222370406 0 1729388 8556261 0 463 0 2166 3830675 44 0 4279 0
1791250562390684 19218065868 57 629 57216 225110311 0 1749644 8720109 0 464 0 2168 3830768 44 0 4283 0
1791250562894572 19218569755 57 629 57917 227241486 0 1769996 8880965 0 464 0 2169 3830865 44 0 4285 0
1791250563397200 19219072383 58 629 58607 229907584 0 1790096 9041801 0 464 0 2170 3830961 44 0 4290 0
1791250563904638 19219579822 58 629 59361 232783581 0 1812764 9183357 0 464 0 2170 3831050 44 0 4298 0
1791250564409028 19220084211 58 629 60339 235792947 0 1852460 9314149 0 464 0 2170 3831141 44 0 4308 0
1791250564910988 19220586172 58 629 61059 239049192 0 1875104 9455553 0 464 0 2170 3831239 44 0 4309 0
1791250565413273 19221088457 59 629 61782 243181140 0 1897076 9621117 0 464 0 2171 3831333 44 0 4313 0
1791250565915335 19221590518 59 629 62380 244853208 0 1913036 9797525 0 465 0 2171 3831426 44 0 4318 0
1791250566419233 19222094417 59 629 62885 246627793 0 1924460 9962037 0 465 0 2171 3831524 44 0 4319 0
1791250566919410 19222594593 59 629 63399 248751414 0 1937516 10123317 0 465 0 2172 3831615 44 0 4325 0
1791250567420321 19223095505 59 629 63899 251060212 0 1950584 10281393 0 465 0 2172 3831708 44 0 4329 0
1791250567924110 19223599293 59 629 64378 252544931 0 1962008 10433321 0 465 0 2172 3831802 44 0 4333 0
1791250568424952 19224100135 59 629 65042 254416212 0 1982752 10566777 0 465 0 2172 3831899 44 0 4334 0
1791250568925464 19224600648 59 629 65795 257798929 0 2009828 10712741 0 465 0 2172 3831994 44 0 4338 0
1791250569426073 19225101257 60 629 66550 260676094 0 2034572 10871685 0 465 0 2172 3832087 44 0 4341 0
1791250569928010 19225603194 60 629 67275 262573182 0 2057456 11045881 0 466 0 2172 3832182 44 0 4343 0
1791250570428268 19226103452 61 629 67973 264808048 0 2078828 11202997 0 467 0 2173 3832272 44 0 4350 0
1791250570931373 19226606556 61 629 68640 267697985 0 2099780 11365997 0 467 0 2173 3832366 44 0 4356 0
1791250571436626 19227111809 61 629 69239 269886220 0 2116124 11528893 0 467 0 2173 3832464 44 0 4359 0
1791250571943793 19227618977 61 629 69791 271681811 0 2131820 11691501 0 469 0 2174 3832560 44 0 4361 0
1791250572444394 19228119578 61 629 70322 273599266 0 2145404 11848549 0 469 0 2174 3832653 44 0 4365 0
1791250572945947 19228621130 61 629 70853 275237706 0 2159804 12000365 0 469 0 2174 3832751 44 0 4367 0
1791250573449615 19229124798 62 629 71525 277113189 0 2182472 12141921 0 469 0 2175 3832846 44 0 4368 0
1791250573954452 19229629636 62 629 72289 279791312 0 2209732 12288069 0 469 0 2175 3832944 44 0 4370 0
1791250574455654 19230130838 62 629 72981 282416144 0 2232460 12452949 0 469 0 2176 3833039 44 0 4374 0
1791250574956877 19230632060 62 629 73567 284488300 0 2249392 12622505 0 469 0 2178 3833130 44 0 4379 0
1791250575457661 19231132845 62 629 74081 286110481 0 2262424 12782089 0 469 0 2179 3833222 44 0 4384 0
1791250575963741 19231638925 63 629 74586 288296642 0 2274424 12945633 0 470 0 2179 3833318 44 0 4386 0
1791250576464256 19232139439 63 629 75096 291000630 0 2287096 13106529 0 470 0 2180 3833412 44 0 4387 0
1791250576970936 19232646119 63 629 75629 292768883 0 2301628 13262981 0 470 0 2180 3833510 44 0 4390 0
1791250577471637 19233146821 63 629 76248 295597084 0 2321228 13406101 0 470 0 2180 3833604 44 0 4392 0
1791250577972696 19233647879 63 629 76942 297863442 0 2347292 13543333 0 470 0 2180 3833700 44 0 4393 0
1791250578474610 19234149794 63 629 77553 299826151 0 2366672 13694057 0 470 0 2180 3833795 44 0 4396 0
1791250578975445 19234650628 63 629 78206 301756577 0 2386628 13860693 0 470 0 2180 3833887 44 0 4401 0
1791250579479097 19235154280 63 629 78824 303751290 0 2405084 14028789 0 471 0 2180 3833978 44 0 4405 0
1791250579979952 19235655135 64 629 79371 305629456 0 2420024 14191953 0 471 0 2181 3834070 44 0 4408 0
1791250580483737 19236158921 64 629 79880 308132353 0 2433032 14352243 0 471 0 2181 3834168 44 0 4410 0
1791250580989016 19236664199 64 629 80163 309047714 0 2436680 14369760 0 471 0 2181 3834260 44 0 4415 0
1791250581490414 19237165597 64 629 80243 309164470 0 2436680 14377480 0 471 0 2181 3834357 44 0 4417 0
1791250581992095 19237667279 64 629 80323 309282537 0 2436680 14385328 0 471 0 2182 3834452 44 0 4418 0
1791250582494035 19238169219 64 629 80403 309802230 0 2436680 14393152 0 472 0 2182 3834547 44 0 4419 0
1791250582995564 19238670748 64 629 80481 309927771 0 2436680 14400744 0 472 0 2182 3834642 44 0 4420 0
1791250583496546 19239171729 64 629 80561 310228944 0 2436680 14408464 0 472 0 2182 3834739 44 0 4422 0
1791250584002030 19239677214 65 629 80642 310371803 0 2436680 14416184 0 472 0 2182 3834836 44 0 4423 0
1791250584502957 19240178141 65 629 80721 310472057 0 2436680 14423904 0 472 0 2182 3834932 44 0 4424 0
1791250585005956 19240681139 65 629 80800 310578263 0 2436680 14431496 0 473 0 2182 3835025 44 0 4427 0
1791250585506352 19241181536 65 629 80880 311014358 0 2436680 14439216 0 474 0 2182 3835118 44 0 4429 0
1791250586007513 19241682696 65 629 80959 311153269 0 2436680 14446936 0 474 0 2182 3835212 44 0 4431 0
1791250586511079 19242186263 65 629 81039 311284437 0 2436680 14454760 0 474 0 2182 3835311 44 0 4432 0
1791250587011938 19242687122 65 629 81118 311394033 0 2436680 14462248 0 475 0 2182 3835406 44 0 4433 0
1791250587513784 19243188968 65 629 81198 311517164 0 2436680 14470200 0 475 0 2183 3835497 44 0 4436 0
1791250588014560 19243689743 65 629 81278 311695282 0 2436680 14477792 0 475 0 2183 3835596 44 0 4436 0
1791250588516250 19244191434 65 629 81359 311822744 0 2436680 14485512 0 475 0 2183 3835691 44 0 4438 0
1791250588610442 19244285625 65 629 81371 311842636 0 2436680 14486824 0 475 0 2183 3835709 44 0 4438 0
