# hz=100 page_bytes=4096 possible_cpus=2
# program_id=52 jit_bytes=13455 xlated_bytes=7456
# pos:	0
# flags:	02000002
# mnt_id:	10
# ino:	26
# prog_type:	1
# prog_jited:	1
# prog_tag:	5aa2dd3f4c6b3039
# memlock:	8192
# prog_id:	52
# run_time_ns:	0
# run_cnt:	0
# recursion_misses:	0
# verified_insns:	298512
# map=counters type=6 key=4 value=32 max_entries=1
# pos:	0
# flags:	02000002
# mnt_id:	10
# ino:	26
# map_type:	6
# key_size:	4
# value_size:	32
# max_entries:	1
# map_flags:	0x0
# map_extra:	0x0
# memlock:	268
# map_id:	82
# frozen:	0
# map=accounting type=2 key=4 value=24 max_entries=1
# pos:	0
# flags:	02000002
# mnt_id:	10
# ino:	26
# map_type:	2
# key_size:	4
# value_size:	24
# max_entries:	1
# map_flags:	0x0
# map_extra:	0x0
# memlock:	224
# map_id:	83
# frozen:	0
# map=stream_epoch_v1 type=1 key=4 value=4 max_entries=1
# pos:	0
# flags:	02000002
# mnt_id:	10
# ino:	26
# map_type:	1
# key_size:	4
# value_size:	4
# max_entries:	1
# map_flags:	0x0
# map_extra:	0x0
# memlock:	1096
# map_id:	76
# frozen:	0
# map=stream_fault type=6 key=4 value=4 max_entries=1
# pos:	0
# flags:	02000002
# mnt_id:	10
# ino:	26
# map_type:	6
# key_size:	4
# value_size:	4
# max_entries:	1
# map_flags:	0x0
# map_extra:	0x0
# memlock:	220
# map_id:	78
# frozen:	0
# map=stream_losses type=1 key=4 value=4 max_entries=64
# pos:	0
# flags:	02000002
# mnt_id:	10
# ino:	26
# map_type:	1
# key_size:	4
# value_size:	4
# max_entries:	64
# map_flags:	0x0
# map_extra:	0x0
# memlock:	4120
# map_id:	77
# frozen:	0
# map=samples type=27 key=0 value=0 max_entries=262144
# pos:	0
# flags:	02000002
# mnt_id:	10
# ino:	26
# map_type:	27
# key_size:	0
# value_size:	0
# max_entries:	262144
# map_flags:	0x0
# map_extra:	0x0
# memlock:	275148
# map_id:	81
# frozen:	0
# map=flows type=9 key=36 value=32 max_entries=1024
# pos:	0
# flags:	02000002
# mnt_id:	10
# ino:	26
# map_type:	9
# key_size:	36
# value_size:	32
# max_entries:	1024
# map_flags:	0x0
# map_extra:	0x0
# memlock:	107456
# map_id:	80
# frozen:	0
# map=departures type=9 key=40 value=4 max_entries=8192
# pos:	0
# flags:	02000002
# mnt_id:	10
# ino:	26
# map_type:	9
# key_size:	40
# value_size:	4
# max_entries:	8192
# map_flags:	0x0
# map_extra:	0x0
# memlock:	656320
# map_id:	79
# frozen:	0
realtime_us monotonic_us daemon_ticks rss_pages runs runtime_ns ring_full ack_bytes upload_bytes unaccounted host_user host_nice host_system host_idle host_iowait host_irq host_softirq host_steal
1791251503773666 20159448850 34 649 0 0 0 0 2432 0 925 0 4194 4005506 49 0 11714 0
1791251504280692 20159955876 34 649 79 393826 0 0 10152 0 925 0 4195 4005600 49 0 11715 0
1791251504782126 20160457310 34 649 159 495049 0 0 17976 0 925 0 4195 4005696 49 0 11716 0
1791251505284326 20160959510 34 649 240 888536 0 0 25696 0 925 0 4195 4005789 49 0 11717 0
1791251505784777 20161459961 34 649 318 991702 0 0 33416 0 925 0 4195 4005883 49 0 11719 0
1791251506284980 20161960163 34 649 398 1125495 0 0 41008 0 925 0 4195 4005979 49 0 11719 0
1791251506786141 20162461325 35 649 478 1368886 0 0 48728 0 925 0 4195 4006076 49 0 11719 0
1791251507287443 20162962627 35 649 557 1470414 0 0 56448 0 925 0 4195 4006169 49 0 11721 0
1791251507790335 20163465518 35 649 636 1609923 0 0 64040 0 925 0 4195 4006261 49 0 11722 0
1791251508292530 20163967713 35 649 718 2035637 0 0 71844 0 925 0 4195 4006354 49 0 11723 0
1791251508799024 20164474207 35 649 797 2128140 0 0 79564 0 926 0 4195 4006450 49 0 11724 0
1791251509303904 20164979088 35 649 878 2243013 0 0 87388 0 927 0 4195 4006547 49 0 11725 0
1791251509805150 20165480333 35 649 958 2349010 0 0 95108 0 927 0 4195 4006641 49 0 11728 0
1791251510312905 20165988088 35 649 1036 2499739 0 0 102700 0 928 0 4195 4006737 49 0 11729 0
1791251510814339 20166489523 35 649 1116 2864438 0 0 110420 0 928 0 4195 4006831 49 0 11730 0
1791251511320118 20166995301 35 649 1195 2976719 0 0 118140 0 928 0 4196 4006928 49 0 11730 0
1791251511822538 20167497722 35 649 1279 3126253 0 96 126297 0 928 0 4196 4007024 49 0 11732 0
1791251512323064 20167998247 36 649 1499 4801528 0 576 247534 0 928 0 4197 4007117 49 0 11736 0
1791251512823718 20168498902 36 649 1724 5899203 0 576 403582 0 929 0 4197 4007209 49 0 11739 0
1791251513324790 20168999974 36 649 1961 6567920 0 576 574966 0 929 0 4198 4007304 49 0 11741 0
1791251513825302 20169500485 36 649 2189 7237239 0 576 744678 0 929 0 4198 4007402 49 0 11742 0
1791251514327800 20170002983 36 649 2419 8275866 0 576 908342 0 929 0 4198 4007495 49 0 11744 0
1791251514829863 20170505047 36 649 2653 9129222 0 576 1067374 0 930 0 4198 4007589 49 0 11747 0
1791251515334246 20171009430 36 649 2884 9925217 0 576 1226278 0 930 0 4198 4007686 49 0 11748 0
1791251515836216 20171511399 37 649 3106 10882498 0 576 1369870 0 930 0 4199 4007777 49 0 11750 0
1791251516336427 20172011611 37 649 3324 12154420 0 576 1513462 0 930 0 4200 4007873 49 0 11750 0
1791251516843730 20172518914 37 649 3555 12930187 0 576 1672366 0 930 0 4200 4007970 49 0 11751 0
1791251517349774 20173024958 37 649 3793 13656074 0 576 1839350 0 930 0 4200 4008068 49 0 11752 0
1791251517851960 20173527144 37 649 4026 14585461 0 576 2001598 0 931 0 4200 4008163 49 0 11754 0
1791251518359546 20174034730 37 649 4259 15081103 0 576 2165134 0 931 0 4200 4008257 49 0 11757 0
1791251518862060 20174537244 37 649 4496 17051390 0 576 2327486 0 932 0 4200 4008351 49 0 11759 0
1791251519363807 20175038991 38 649 4729 17971528 0 576 2486518 0 932 0 4200 4008448 49 0 11761 0
1791251519864056 20175539240 38 649 4948 18762103 0 576 2636158 0 932 0 4200 4008543 49 0 11761 0
1791251520368594 20176043778 38 649 5175 19569578 0 576 2773574 0 932 0 4200 4008639 49 0 11762 0
1791251520871619 20176546803 38 649 5396 21196397 0 576 2921670 0 932 0 4200 4008733 49 0 11766 0
1791251521373598 20177048782 38 649 5632 22310528 0 576 3085334 0 932 0 4200 4008829 49 0 11767 0
1791251521875744 20177550928 38 649 5865 23629085 0 576 3256718 0 932 0 4201 4008921 49 0 11769 0
1791251522375932 20178051116 38 649 6094 24453331 0 576 3417166 0 932 0 4203 4009013 49 0 11771 0
1791251522876744 20178551928 38 649 6326 25171946 0 576 3579286 0 932 0 4204 4009108 49 0 11771 0
1791251523380959 20179056143 39 649 6558 26135136 0 576 3741406 0 933 0 4204 4009202 49 0 11774 0
1791251523882179 20179557363 39 649 6788 27414783 0 576 3898998 0 933 0 4205 4009296 49 0 11776 0
1791251524383423 20180058606 39 649 7004 28771819 0 576 4039270 0 933 0 4205 4009394 49 0 11777 0
1791251524885226 20180560410 39 649 7224 29362466 0 576 4181422 0 934 0 4206 4009490 49 0 11778 0
1791251525386734 20181061918 39 649 7446 29954614 0 576 4337366 0 934 0 4207 4009586 49 0 11778 0
1791251525887252 20181562435 40 649 7677 30499879 0 576 4508622 0 934 0 4207 4009685 49 0 11778 0
1791251526391632 20182066816 40 649 7913 31113835 0 576 4689270 0 934 0 4207 4009783 49 0 11779 0
1791251526893097 20182568280 40 649 8140 31647805 0 576 4846758 0 934 0 4207 4009880 49 0 11780 0
1791251527395015 20183070199 40 649 8317 32015525 0 864 4902154 0 935 0 4207 4009973 49 0 11781 0
1791251527895963 20183571147 40 649 8397 32170232 0 864 4909874 0 935 0 4207 4010072 49 0 11782 0
1791251528396352 20184071536 40 649 8476 32421992 0 864 4917594 0 936 0 4207 4010165 49 0 11785 0
1791251528899192 20184574376 40 649 8557 32524539 0 864 4925418 0 936 0 4207 4010262 49 0 11785 0
1791251529399429 20185074613 40 649 8637 32638815 0 864 4933138 0 936 0 4207 4010359 49 0 11787 0
1791251529899860 20185575044 41 649 8715 32735238 0 864 4940858 0 936 0 4207 4010452 49 0 11787 0
1791251530400419 20186075603 41 649 8826 32973311 0 1536 4950642 0 936 0 4209 4010547 49 0 11789 0
1791251530901791 20186576974 41 649 9232 34338030 0 18788 4975614 0 936 0 4209 4010646 49 0 11790 0
1791251531401956 20187077140 41 649 9593 35113405 0 31952 4996370 0 936 0 4209 4010746 49 0 11790 0
1791251531905360 20187580544 41 649 9968 36266604 0 45916 5018054 0 936 0 4209 4010843 49 0 11792 0
1791251532407368 20188082552 41 649 10377 37391033 0 62212 5041942 0 936 0 4210 4010939 49 0 11794 0
1791251532909746 20188584929 41 649 10809 38513826 0 78760 5066210 0 936 0 4210 4011036 49 0 11797 0
1791251533414559 20189089743 42 649 11270 40631442 0 97048 5092218 0 936 0 4210 4011129 49 0 11801 0
1791251533915018 20189590202 42 649 11799 41956744 0 118392 5121154 0 936 0 4210 4011228 49 0 11802 0
1791251534415461 20190090645 42 649 12316 43285440 0 138216 5148698 0 936 0 4210 4011324 49 0 11803 0
1791251534917657 20190592841 42 649 12866 45001164 0 160872 5179178 0 937 0 4210 4011422 49 0 11803 0
1791251535421244 20191096427 42 649 13427 46613781 0 182424 5208450 0 937 0 4210 4011520 49 0 11803 0
1791251535923212 20191598396 42 649 14099 48906505 0 209864 5243610 0 937 0 4211 4011613 49 0 11809 0
1791251536424013 20192099197 42 649 14781 50580613 0 237140 5278606 0 937 0 4212 4011707 49 0 11813 0
1791251536924239 20192599423 42 649 15462 53026361 0 263288 5312346 0 937 0 4213 4011798 49 0 11820 0
1791251537425014 20193100197 42 649 16085 54987221 0 286616 5343266 0 937 0 4213 4011893 49 0 11824 0
1791251537925956 20193601140 42 649 16644 56108467 0 307436 5371806 0 937 0 4214 4011988 49 0 11826 0
1791251538426230 20194101414 42 649 17273 57869590 0 331280 5403242 0 937 0 4214 4012084 49 0 11830 0
1791251538929928 20194605111 42 649 18036 60216291 0 360836 5440518 0 937 0 4216 4012174 49 0 11836 0
1791251539430287 20195105471 43 649 18866 63242438 0 390824 5478098 0 938 0 4217 4012271 49 0 11837 0
1791251539933320 20195608504 43 649 19820 65847872 0 427580 5522574 0 938 0 4217 4012361 49 0 11845 0
1791251540435546 20196110730 43 649 20756 68638641 0 461480 5564194 0 938 0 4217 4012456 49 0 11850 0
1791251540941427 20196616610 43 649 21824 71970833 0 499880 5610186 0 938 0 4218 4012548 49 0 11857 0
1791251541446472 20197121656 43 649 22855 75249096 0 537224 5655482 0 939 0 4218 4012641 49 0 11861 0
1791251541949357 20197624541 43 649 23881 79838766 0 574376 5700226 0 940 0 4218 4012731 49 0 11869 0
1791251542449967 20198125151 43 649 25014 82451488 0 618596 5752166 0 940 0 4218 4012825 49 0 11876 0
1791251542951947 20198627130 45 649 26105 86072783 0 665532 5806694 0 940 0 4219 4012915 49 0 11885 0
1791251543452243 20199127426 45 649 27101 88348638 0 702780 5851662 0 940 0 4221 4013004 49 0 11893 0
1791251543953288 20199628472 45 649 28201 92213847 0 744828 5901302 0 940 0 4221 4013095 49 0 11902 0
1791251544454651 20200129835 45 649 29292 96003549 0 785916 5950110 0 941 0 4223 4013183 49 0 11910 0
1791251544957734 20200632917 45 649 30322 98527446 0 823512 5995554 0 941 0 4224 4013278 49 0 11915 0
1791251545463512 20201138695 45 649 31397 102152666 0 862752 6042386 0 941 0 4226 4013367 49 0 11923 0
1791251545964067 20201639250 45 649 32447 105692883 0 900672 6088258 0 942 0 4226 4013460 49 0 11929 0
1791251546464251 20202139434 45 649 33502 108588015 0 939360 6134538 0 942 0 4229 4013553 49 0 11933 0
1791251546966387 20202641570 46 649 34530 112631825 0 975708 6178606 0 942 0 4230 4013643 49 0 11943 0
1791251547467642 20203142826 46 649 35579 117582737 0 1016240 6226730 0 942 0 4230 4013728 49 0 11954 0
1791251547973007 20203648191 46 649 36581 121010012 0 1051964 6270174 0 942 0 4233 4013822 49 0 11957 0
1791251548473530 20204148714 46 649 37591 125468320 0 1087328 6313130 0 942 0 4234 4013914 49 0 11963 0
1791251548974572 20204649756 46 649 38582 129854909 0 1121336 6354858 0 942 0 4234 4014004 49 0 11973 0
1791251549475145 20205150329 47 649 39568 132012987 0 1154948 6396062 0 942 0 4234 4014093 49 0 11983 0
1791251549976651 20205651834 47 649 40616 135133579 0 1191968 6440802 0 942 0 4235 4014188 49 0 11988 0
1791251550482671 20206157854 47 649 41680 138156757 0 1229792 6486443 0 942 0 4235 4014287 49 0 11989 0
1791251550984544 20206659728 47 649 42057 139119111 0 1232192 6508303 0 942 0 4236 4014380 49 0 11990 0
1791251551486006 20207161190 47 649 42136 139267467 0 1232192 6516023 0 942 0 4237 4014475 49 0 11990 0
1791251551990427 20207665611 47 649 42216 139410308 0 1232192 6523743 0 942 0 4237 4014566 49 0 11990 0
1791251552490736 20208165920 47 649 42295 139552870 0 1232192 6531335 0 942 0 4237 4014660 49 0 11991 0
1791251552996110 20208671293 47 649 42375 139698089 0 1232192 6539287 0 942 0 4237 4014753 49 0 11993 0
1791251553497366 20209172550 47 649 42453 139989021 0 1232192 6546647 0 942 0 4237 4014849 49 0 11994 0
1791251554002062 20209677246 48 649 43028 142360053 0 1249604 6640485 0 942 0 4237 4014941 49 0 12001 0
1791251554504233 20210179417 48 649 44120 144335942 0 1283828 6751781 0 942 0 4237 4015034 49 0 12007 0
1791251555006517 20210681701 48 649 45154 148340315 0 1312340 6863901 0 942 0 4238 4015127 49 0 12015 0
1791251555510345 20211185529 48 649 46271 150871327 0 1346084 6988741 0 942 0 4239 4015219 49 0 12020 0
1791251556011676 20211686860 48 649 47414 154178676 0 1390364 7127077 0 943 0 4240 4015312 49 0 12025 0
1791251556514824 20212190008 48 649 48604 158424007 0 1433448 7276697 0 943 0 4242 4015397 49 0 12039 0
1791251557017112 20212692295 48 649 49813 162464576 0 1475052 7455589 0 943 0 4245 4015490 49 0 12045 0
1791251557518062 20213193246 48 649 50674 164242156 0 1502016 7623057 0 943 0 4246 4015583 49 0 12048 0
1791251558021026 20213696209 49 649 51444 168203965 0 1524888 7783577 0 943 0 4246 4015676 49 0 12056 0
1791251558522004 20214197188 49 649 52196 170270766 0 1547160 7942905 0 943 0 4246 4015768 49 0 12064 0
1791251559025789 20214700973 49 649 52924 173063180 0 1567992 8098169 0 943 0 4247 4015861 49 0 12069 0
1791251559526066 20215201250 49 649 53881 175340571 0 1601236 8233317 0 944 0 4247 4015959 49 0 12070 0
1791251560028143 20215703327 49 649 54854 178341491 0 1635664 8369649 0 944 0 4247 4016054 49 0 12075 0
1791251560528430 20216203614 49 649 55851 182446823 0 1669672 8519329 0 944 0 4247 4016144 49 0 12085 0
1791251561034623 20216709807 50 649 56913 186103828 0 1703068 8688597 0 944 0 4249 4016233 49 0 12093 0
1791251561535692 20217210875 50 649 57833 188719431 0 1731724 8853125 0 944 0 4249 4016330 49 0 12097 0
1791251562038755 20217713939 50 649 58572 191948691 0 1753660 9018525 0 944 0 4249 4016422 49 0 12104 0
1791251562542900 20218218084 50 649 59213 193436528 0 1771384 9183161 0 944 0 4249 4016520 49 0 12104 0
1791251563045148 20218720331 50 649 59816 196092816 0 1787224 9342465 0 944 0 4251 4016609 49 0 12111 0
1791251563545545 20219220729 50 649 60410 197763957 0 1802872 9500161 0 944 0 4251 4016706 49 0 12111 0
1791251564046437 20219721620 50 649 61077 200621237 0 1821880 9644233 0 944 0 4251 4016800 49 0 12118 0
1791251564548321 20220223505 50 649 62069 203024469 0 1860776 9783361 0 945 0 4251 4016894 49 0 12122 0
1791251565052288 20220727472 51 649 62884 205836720 0 1888364 9928293 0 945 0 4251 4016989 49 0 12128 0
1791251565554123 20221229307 51 649 63741 208417628 0 1915904 10096209 0 945 0 4251 4017085 49 0 12131 0
1791251566056894 20221732077 52 649 64428 210702373 0 1936340 10263453 0 946 0 4251 4017176 49 0 12137 0
1791251566557370 20222232553 52 649 64931 212315305 0 1948920 10428761 0 946 0 4251 4017271 49 0 12141 0
1791251567057881 20222733065 52 649 65406 214403096 0 1959816 10586337 0 946 0 4251 4017367 49 0 12144 0
1791251567563759 20223238943 52 649 65870 216244713 0 1969668 10750589 0 947 0 4252 4017459 49 0 12148 0
1791251568064005 20223739189 52 649 66324 217819772 0 1979844 10909093 0 947 0 4252 4017554 49 0 12149 0
1791251568566799 20224241983 52 649 66845 219631627 0 1993092 11058213 0 947 0 4253 4017647 49 0 12154 0
1791251569068130 20224743314 53 649 67621 221911574 0 2020252 11196541 0 947 0 4254 4017741 49 0 12157 0
1791251569569184 20225244368 53 649 68318 224146790 0 2043504 11337137 0 947 0 4256 4017831 49 0 12162 0
1791251570070932 20225746115 53 649 69113 225650832 0 2070024 11502489 0 947 0 4256 4017927 49 0 12165 0
1791251570574867 20226250050 53 649 69760 228156587 0 2088564 11678517 0 948 0 4257 4018018 49 0 12170 0
1791251571076493 20226751677 53 649 70293 229920013 0 2102832 11839465 0 948 0 4257 4018114 49 0 12175 0
1791251571580667 20227255850 53 649 70804 231551079 0 2116104 12002737 0 948 0 4257 4018206 49 0 12179 0
1791251572083630 20227758813 53 649 71290 233150030 0 2128452 12161637 0 948 0 4257 4018301 49 0 12182 0
1791251572584579 20228259763 53 649 71757 234384622 0 2139804 12318125 0 948 0 4258 4018397 49 0 12183 0
1791251573085955 20228761139 54 649 72283 236060038 0 2154576 12456417 0 948 0 4259 4018494 49 0 12185 0
1791251573593743 20229268927 54 649 73000 239212561 0 2179552 12597065 0 948 0 4259 4018591 49 0 12188 0
1791251574094304 20229769488 54 649 73711 242063875 0 2203252 12753549 0 948 0 4260 4018684 49 0 12193 0
1791251574598508 20230273692 54 649 74466 244808445 0 2228612 12914653 0 948 0 4261 4018783 49 0 12194 0
1791251575101752 20230776935 54 649 75107 247578039 0 2247776 13086673 0 949 0 4262 4018878 49 0 12197 0
1791251575603142 20231278326 54 649 75658 249087834 0 2261504 13251713 0 949 0 4262 4018972 49 0 12202 0
1791251576103289 20231778472 54 649 76206 252008540 0 2276408 13411857 0 949 0 4263 4019069 49 0 12204 0
1791251576603844 20232279027 54 649 76744 255087878 0 2290328 13572225 0 949 0 4263 4019162 49 0 12209 0
1791251577107066 20232782249 55 649 77296 257243305 0 2305688 13729737 0 949 0 4263 4019257 49 0 12213 0
1791251577613250 20233288434 55 649 77894 258767308 0 2324608 13879897 0 949 0 4263 4019356 49 0 12215 0
1791251578113800 20233788984 55 649 78618 260649016 0 2352572 14012853 0 949 0 4263 4019449 49 0 12217 0
1791251578614589 20234289772 55 649 79217 262691999 0 2371176 14157937 0 949 0 4265 4019543 49 0 12219 0
1791251579120079 20234795262 55 649 79654 264066626 0 2383504 14218278 0 949 0 4266 4019640 49 0 12220 0
1791251579621954 20235297137 55 649 79734 264181035 0 2383504 14225998 0 949 0 4267 4019732 49 0 12221 0
1791251580122920 20235798104 55 649 79814 264287410 0 2383504 14233590 0 950 0 4267 4019825 49 0 12222 0
1791251580623179 20236298363 55 649 79892 264543298 0 2383504 14241310 0 951 0 4267 4019921 49 0 12222 0
1791251581124199 20236799383 55 649 79972 264639167 0 2383504 14249030 0 951 0 4267 4020018 49 0 12222 0
1791251581627933 20237303117 56 649 80052 264769703 0 2383504 14256622 0 951 0 4267 4020111 49 0 12224 0
1791251582129692 20237804875 56 649 80132 264965063 0 2383504 14264342 0 951 0 4267 4020206 49 0 12228 0
1791251582629917 20238305101 56 649 80211 265141902 0 2383504 14272062 0 951 0 4268 4020301 49 0 12228 0
1791251583132392 20238807575 56 649 80290 265346732 0 2383504 14279654 0 951 0 4268 4020397 49 0 12229 0
1791251583633953 20239309137 56 649 80369 265507676 0 2383504 14287374 0 951 0 4268 4020490 49 0 12230 0
1791251584135509 20239810693 56 649 80448 265703085 0 2383504 14294966 0 952 0 4270 4020584 49 0 12231 0
1791251584641352 20240316536 56 649 80527 265854003 0 2383504 14302686 0 952 0 4270 4020679 49 0 12235 0
1791251585142569 20240817752 57 649 80607 265982547 0 2383504 14310510 0 952 0 4270 4020771 49 0 12235 0
1791251585648329 20241323513 57 649 80687 266096550 0 2383504 14318230 0 952 0 4270 4020868 49 0 12235 0
1791251586153386 20241828569 57 649 80766 266211163 0 2383504 14325822 0 952 0 4270 4020960 49 0 12235 0
1791251586656847 20242332031 57 649 80847 266344195 0 2383504 14333670 0 952 0 4270 4021053 49 0 12236 0
1791251586885605 20242560789 57 649 80885 266403866 0 2383504 14337350 0 954 0 4270 4021095 49 0 12237 0
