# hz=100 page_bytes=4096 possible_cpus=2
realtime_us monotonic_us daemon_ticks rss_pages runs runtime_ns ring_full ack_bytes upload_bytes unaccounted host_user host_nice host_system host_idle host_iowait host_irq host_softirq host_steal
1791250239941515 18895616699 0 307 0 0 0 0 0 0 350 0 1617 3770794 42 0 1744 0
1791250240442562 18896117746 0 307 0 0 0 0 0 0 350 0 1618 3770890 42 0 1744 0
1791250240946364 18896621547 0 307 0 0 0 0 0 0 350 0 1618 3770987 42 0 1746 0
1791250241446752 18897121935 0 307 0 0 0 0 0 0 350 0 1618 3771081 42 0 1748 0
1791250241949112 18897624296 0 307 0 0 0 0 0 0 350 0 1618 3771176 42 0 1749 0
1791250242451754 18898126937 0 307 0 0 0 0 0 0 350 0 1618 3771273 42 0 1749 0
1791250242954216 18898629399 1 307 0 0 0 0 0 0 350 0 1618 3771368 42 0 1751 0
1791250243454648 18899129832 1 307 0 0 0 0 0 0 351 0 1619 3771460 42 0 1754 0
1791250243956947 18899632131 1 307 0 0 0 0 0 0 351 0 1619 3771558 42 0 1756 0
1791250244462297 18900137480 1 307 0 0 0 0 0 0 351 0 1619 3771655 42 0 1756 0
1791250244962511 18900637694 1 307 0 0 0 0 0 0 352 0 1619 3771747 42 0 1758 0
1791250245463410 18901138594 1 307 0 0 0 0 0 0 353 0 1619 3771840 42 0 1759 0
1791250245964675 18901639858 1 307 0 0 0 0 0 0 353 0 1621 3771932 43 0 1760 0
1791250246467429 18902142613 1 307 0 0 0 0 0 0 353 0 1621 3772030 43 0 1761 0
1791250246970875 18902646059 1 307 0 0 0 0 0 0 354 0 1622 3772126 43 0 1762 0
1791250247475767 18903150951 1 307 0 0 0 0 0 0 354 0 1622 3772222 43 0 1762 0
1791250247981600 18903656783 1 307 0 0 0 0 0 0 354 0 1623 3772317 43 0 1762 0
1791250248484854 18904160038 1 307 0 0 0 0 0 0 354 0 1623 3772415 43 0 1762 0
1791250248989186 18904664370 1 307 0 0 0 0 0 0 354 0 1624 3772508 43 0 1767 0
1791250249490438 18905165621 1 307 0 0 0 0 0 0 354 0 1625 3772597 43 0 1774 0
1791250249992881 18905668064 1 307 0 0 0 0 0 0 354 0 1625 3772691 43 0 1778 0
1791250250494520 18906169704 1 307 0 0 0 0 0 0 355 0 1627 3772781 43 0 1783 0
1791250251000965 18906676149 1 307 0 0 0 0 0 0 355 0 1628 3772872 43 0 1789 0
1791250251503384 18907178567 2 307 0 0 0 0 0 0 355 0 1629 3772962 43 0 1794 0
1791250252004526 18907679709 2 307 0 0 0 0 0 0 355 0 1630 3773050 43 0 1802 0
1791250252505259 18908180443 2 307 0 0 0 0 0 0 355 0 1631 3773147 43 0 1804 0
1791250253006311 18908681494 2 307 0 0 0 0 0 0 355 0 1632 3773242 43 0 1806 0
1791250253510952 18909186136 2 307 0 0 0 0 0 0 356 0 1634 3773334 43 0 1810 0
1791250254014214 18909689398 2 307 0 0 0 0 0 0 356 0 1634 3773428 43 0 1813 0
1791250254514885 18910190068 2 307 0 0 0 0 0 0 356 0 1634 3773520 43 0 1818 0
1791250255020780 18910695963 4 307 0 0 0 0 0 0 357 0 1635 3773614 43 0 1822 0
1791250255523691 18911198875 4 307 0 0 0 0 0 0 357 0 1637 3773708 43 0 1823 0
1791250256028511 18911703694 4 307 0 0 0 0 0 0 357 0 1638 3773800 43 0 1829 0
1791250256531137 18912206320 4 307 0 0 0 0 0 0 357 0 1639 3773892 43 0 1834 0
1791250257032945 18912708128 4 307 0 0 0 0 0 0 357 0 1641 3773982 43 0 1839 0
1791250257533724 18913208908 4 307 0 0 0 0 0 0 357 0 1643 3774074 43 0 1843 0
1791250258033999 18913709182 4 307 0 0 0 0 0 0 357 0 1644 3774169 43 0 1844 0
1791250258535799 18914210983 4 307 0 0 0 0 0 0 357 0 1644 3774265 43 0 1846 0
1791250259040396 18914715580 4 307 0 0 0 0 0 0 357 0 1645 3774361 43 0 1847 0
1791250259541913 18915217096 4 307 0 0 0 0 0 0 357 0 1645 3774455 43 0 1848 0
1791250260042855 18915718038 4 307 0 0 0 0 0 0 357 0 1645 3774552 43 0 1849 0
1791250260545708 18916220892 4 307 0 0 0 0 0 0 357 0 1647 3774645 43 0 1852 0
1791250261051637 18916726820 4 307 0 0 0 0 0 0 357 0 1647 3774737 43 0 1856 0
1791250261552608 18917227792 4 307 0 0 0 0 0 0 357 0 1647 3774833 43 0 1856 0
1791250262055519 18917730703 6 307 0 0 0 0 0 0 357 0 1648 3774926 43 0 1859 0
1791250262556545 18918231728 6 307 0 0 0 0 0 0 357 0 1650 3775022 43 0 1862 0
1791250263057810 18918732992 6 307 0 0 0 0 0 0 357 0 1650 3775118 43 0 1862 0
1791250263564171 18919239354 6 307 0 0 0 0 0 0 358 0 1650 3775213 43 0 1864 0
1791250264066507 18919741690 6 307 0 0 0 0 0 0 358 0 1651 3775310 43 0 1865 0
1791250264571516 18920246700 6 307 0 0 0 0 0 0 358 0 1651 3775400 43 0 1865 0
1791250265074889 18920750072 6 307 0 0 0 0 0 0 358 0 1651 3775493 43 0 1868 0
1791250265575397 18921250581 6 307 0 0 0 0 0 0 359 0 1652 3775589 43 0 1868 0
1791250266075885 18921751068 6 307 0 0 0 0 0 0 359 0 1654 3775681 43 0 1871 0
1791250266578267 18922253451 6 307 0 0 0 0 0 0 359 0 1655 3775772 43 0 1873 0
1791250267080351 18922755534 6 307 0 0 0 0 0 0 359 0 1655 3775867 43 0 1876 0
1791250267581927 18923257111 6 307 0 0 0 0 0 0 359 0 1655 3775963 43 0 1879 0
1791250268083714 18923758898 6 307 0 0 0 0 0 0 360 0 1655 3776059 43 0 1880 0
1791250268589328 18924264511 6 307 0 0 0 0 0 0 360 0 1655 3776157 43 0 1882 0
1791250269090371 18924765555 6 307 0 0 0 0 0 0 360 0 1655 3776248 43 0 1885 0
1791250269590900 18925266084 6 307 0 0 0 0 0 0 360 0 1655 3776344 43 0 1888 0
1791250270092072 18925767255 6 307 0 0 0 0 0 0 360 0 1655 3776435 43 0 1892 0
1791250270592745 18926267928 8 307 0 0 0 0 0 0 360 0 1656 3776532 43 0 1894 0
1791250271094198 18926769382 8 307 0 0 0 0 0 0 360 0 1656 3776630 43 0 1896 0
1791250271594914 18927270098 8 307 0 0 0 0 0 0 360 0 1657 3776728 43 0 1897 0
1791250272095755 18927770939 8 307 0 0 0 0 0 0 360 0 1657 3776826 43 0 1900 0
1791250272597218 18928272401 8 307 0 0 0 0 0 0 360 0 1658 3776920 43 0 1903 0
1791250273104302 18928779485 8 307 0 0 0 0 0 0 360 0 1660 3777012 43 0 1908 0
1791250273604761 18929279944 8 307 0 0 0 0 0 0 360 0 1660 3777109 43 0 1911 0
1791250274106603 18929781787 8 307 0 0 0 0 0 0 361 0 1661 3777203 43 0 1915 0
1791250274607172 18930282356 8 307 0 0 0 0 0 0 361 0 1662 3777296 43 0 1921 0
1791250275111509 18930786692 8 307 0 0 0 0 0 0 361 0 1662 3777389 43 0 1927 0
1791250275612356 18931287540 8 307 0 0 0 0 0 0 361 0 1663 3777480 43 0 1933 0
1791250276113935 18931789119 8 307 0 0 0 0 0 0 361 0 1664 3777573 43 0 1937 0
1791250276616717 18932291901 8 307 0 0 0 0 0 0 361 0 1667 3777665 43 0 1943 0
1791250277119495 18932794678 8 307 0 0 0 0 0 0 361 0 1668 3777755 43 0 1950 0
1791250277623639 18933298822 8 307 0 0 0 0 0 0 361 0 1668 3777846 43 0 1959 0
1791250278124404 18933799587 8 307 0 0 0 0 0 0 362 0 1669 3777936 43 0 1967 0
1791250278626565 18934301749 8 307 0 0 0 0 0 0 362 0 1670 3778028 43 0 1975 0
1791250279128171 18934803355 9 307 0 0 0 0 0 0 362 0 1672 3778115 43 0 1984 0
1791250279636351 18935311535 9 307 0 0 0 0 0 0 362 0 1672 3778208 43 0 1992 0
1791250280137064 18935812248 9 307 0 0 0 0 0 0 362 0 1674 3778300 43 0 1999 0
1791250280641953 18936317136 9 307 0 0 0 0 0 0 362 0 1674 3778394 43 0 2004 0
1791250281145050 18936820233 9 307 0 0 0 0 0 0 362 0 1674 3778489 43 0 2010 0
1791250281648026 18937323209 9 307 0 0 0 0 0 0 362 0 1675 3778577 43 0 2019 0
1791250282152356 18937827539 9 307 0 0 0 0 0 0 362 0 1677 3778669 43 0 2024 0
1791250282653815 18938328999 9 307 0 0 0 0 0 0 362 0 1678 3778762 43 0 2028 0
1791250283154367 18938829551 9 307 0 0 0 0 0 0 362 0 1679 3778853 43 0 2035 0
1791250283656029 18939331212 10 307 0 0 0 0 0 0 362 0 1679 3778949 43 0 2040 0
1791250284166263 18939841446 10 307 0 0 0 0 0 0 363 0 1681 3779041 43 0 2046 0
1791250284670212 18940345396 10 307 0 0 0 0 0 0 364 0 1682 3779129 43 0 2056 0
1791250285170755 18940845939 10 307 0 0 0 0 0 0 364 0 1683 3779215 43 0 2070 0
1791250285672739 18941347923 10 307 0 0 0 0 0 0 364 0 1685 3779298 43 0 2085 0
1791250286173816 18941849000 10 307 0 0 0 0 0 0 364 0 1686 3779388 43 0 2093 0
1791250286680586 18942355770 10 307 0 0 0 0 0 0 365 0 1687 3779475 43 0 2105 0
1791250287184515 18942859699 11 307 0 0 0 0 0 0 366 0 1687 3779566 43 0 2110 0
1791250287685438 18943360621 11 307 0 0 0 0 0 0 367 0 1688 3779664 43 0 2111 0
1791250288185954 18943861138 12 307 0 0 0 0 0 0 367 0 1689 3779754 43 0 2113 0
1791250288686466 18944361650 12 307 0 0 0 0 0 0 368 0 1689 3779848 43 0 2115 0
1791250289188950 18944864134 12 307 0 0 0 0 0 0 368 0 1690 3779942 43 0 2118 0
1791250289691738 18945366921 12 307 0 0 0 0 0 0 369 0 1690 3780040 43 0 2118 0
1791250290194400 18945869584 12 307 0 0 0 0 0 0 369 0 1693 3780134 43 0 2119 0
1791250290696957 18946372141 12 307 0 0 0 0 0 0 369 0 1693 3780232 43 0 2123 0
1791250291197407 18946872590 12 307 0 0 0 0 0 0 369 0 1693 3780318 43 0 2136 0
1791250291703579 18947378763 12 307 0 0 0 0 0 0 370 0 1693 3780409 43 0 2144 0
1791250292204064 18947879247 12 307 0 0 0 0 0 0 370 0 1693 3780501 43 0 2150 0
1791250292705019 18948380202 13 307 0 0 0 0 0 0 370 0 1694 3780592 43 0 2156 0
1791250293207875 18948883059 13 307 0 0 0 0 0 0 370 0 1695 3780684 43 0 2162 0
1791250293708863 18949384047 13 307 0 0 0 0 0 0 371 0 1696 3780774 43 0 2169 0
1791250294209333 18949884517 13 307 0 0 0 0 0 0 371 0 1696 3780869 43 0 2174 0
1791250294714291 18950389474 13 307 0 0 0 0 0 0 371 0 1697 3780962 43 0 2179 0
1791250295221123 18950896306 13 307 0 0 0 0 0 0 371 0 1698 3781054 43 0 2185 0
1791250295722492 18951397676 13 307 0 0 0 0 0 0 371 0 1698 3781148 43 0 2189 0
1791250296224327 18951899511 13 307 0 0 0 0 0 0 371 0 1698 3781242 43 0 2193 0
1791250296725464 18952400648 13 307 0 0 0 0 0 0 371 0 1698 3781338 43 0 2197 0
1791250297225780 18952900963 14 307 0 0 0 0 0 0 371 0 1699 3781431 43 0 2202 0
1791250297730310 18953405494 14 307 0 0 0 0 0 0 371 0 1701 3781524 43 0 2206 0
1791250298232172 18953907355 14 307 0 0 0 0 0 0 371 0 1702 3781614 43 0 2209 0
1791250298733608 18954408792 14 307 0 0 0 0 0 0 371 0 1703 3781709 43 0 2213 0
1791250299236299 18954911483 14 307 0 0 0 0 0 0 371 0 1703 3781804 43 0 2217 0
1791250299739434 18955414618 14 307 0 0 0 0 0 0 371 0 1703 3781898 43 0 2223 0
1791250300240430 18955915613 14 307 0 0 0 0 0 0 371 0 1703 3781992 43 0 2226 0
1791250300744600 18956419783 14 307 0 0 0 0 0 0 371 0 1703 3782088 43 0 2227 0
1791250301248401 18956923585 14 307 0 0 0 0 0 0 371 0 1703 3782186 43 0 2229 0
1791250301751805 18957426988 14 307 0 0 0 0 0 0 371 0 1703 3782283 43 0 2230 0
1791250302253507 18957928691 15 307 0 0 0 0 0 0 371 0 1704 3782377 43 0 2231 0
1791250302759827 18958435011 15 307 0 0 0 0 0 0 372 0 1704 3782474 43 0 2231 0
1791250303263717 18958938901 15 307 0 0 0 0 0 0 372 0 1704 3782572 43 0 2232 0
1791250303765128 18959440312 15 307 0 0 0 0 0 0 372 0 1704 3782667 43 0 2234 0
1791250304269300 18959944484 15 307 0 0 0 0 0 0 372 0 1705 3782763 43 0 2237 0
1791250304771269 18960446453 15 307 0 0 0 0 0 0 372 0 1706 3782860 43 0 2238 0
1791250305271542 18960946725 15 307 0 0 0 0 0 0 372 0 1707 3782948 43 0 2246 0
1791250305776642 18961451826 15 307 0 0 0 0 0 0 372 0 1707 3783046 43 0 2247 0
1791250306280917 18961956101 15 307 0 0 0 0 0 0 372 0 1707 3783139 43 0 2251 0
1791250306781652 18962456835 15 307 0 0 0 0 0 0 372 0 1707 3783235 43 0 2255 0
1791250307284925 18962960109 15 307 0 0 0 0 0 0 372 0 1707 3783333 43 0 2256 0
1791250307785161 18963460344 16 307 0 0 0 0 0 0 373 0 1707 3783427 43 0 2261 0
1791250308288043 18963963227 16 307 0 0 0 0 0 0 373 0 1708 3783522 43 0 2261 0
1791250308788785 18964463969 16 307 0 0 0 0 0 0 373 0 1709 3783617 43 0 2264 0
1791250309293021 18964968204 16 307 0 0 0 0 0 0 373 0 1709 3783710 43 0 2264 0
1791250309795154 18965470338 16 307 0 0 0 0 0 0 373 0 1710 3783804 43 0 2267 0
1791250310298143 18965973327 16 307 0 0 0 0 0 0 373 0 1710 3783900 43 0 2271 0
1791250310798521 18966473705 16 307 0 0 0 0 0 0 373 0 1710 3783997 43 0 2272 0
1791250311304309 18966979493 16 307 0 0 0 0 0 0 373 0 1710 3784095 43 0 2273 0
1791250311805183 18967480367 16 307 0 0 0 0 0 0 373 0 1710 3784192 43 0 2278 0
1791250312306959 18967982142 17 307 0 0 0 0 0 0 373 0 1710 3784287 43 0 2278 0
1791250312808825 18968484009 17 307 0 0 0 0 0 0 373 0 1710 3784379 43 0 2284 0
1791250313310284 18968985468 17 307 0 0 0 0 0 0 373 0 1710 3784472 43 0 2287 0
1791250313813813 18969488997 17 307 0 0 0 0 0 0 373 0 1711 3784565 43 0 2289 0
1791250314314416 18969989600 17 307 0 0 0 0 0 0 373 0 1714 3784656 43 0 2292 0
1791250314815795 18970490979 17 307 0 0 0 0 0 0 373 0 1714 3784749 43 0 2298 0
1791250315321010 18970996193 18 307 0 0 0 0 0 0 374 0 1714 3784842 43 0 2301 0
1791250315826485 18971501669 18 307 0 0 0 0 0 0 374 0 1715 3784934 43 0 2304 0
1791250316333051 18972008234 18 307 0 0 0 0 0 0 374 0 1716 3785028 43 0 2305 0
1791250316836104 18972511287 18 307 0 0 0 0 0 0 375 0 1717 3785123 43 0 2306 0
1791250317339190 18973014373 18 307 0 0 0 0 0 0 375 0 1718 3785219 43 0 2307 0
1791250317839994 18973515178 18 307 0 0 0 0 0 0 375 0 1719 3785315 43 0 2307 0
1791250318340978 18974016161 18 307 0 0 0 0 0 0 375 0 1721 3785409 43 0 2310 0
1791250318842467 18974517651 19 307 0 0 0 0 0 0 375 0 1722 3785501 43 0 2313 0
1791250319343063 18975018247 19 307 0 0 0 0 0 0 375 0 1723 3785597 43 0 2314 0
1791250319846633 18975521817 19 307 0 0 0 0 0 0 375 0 1723 3785691 43 0 2317 0
1791250320353197 18976028381 19 307 0 0 0 0 0 0 375 0 1723 3785787 43 0 2317 0
1791250320854208 18976529392 19 307 0 0 0 0 0 0 375 0 1727 3785877 43 0 2318 0
1791250321355377 18977030561 19 307 0 0 0 0 0 0 375 0 1727 3785973 43 0 2320 0
1791250321856165 18977531349 19 307 0 0 0 0 0 0 375 0 1727 3786070 43 0 2321 0
1791250322356591 18978031774 19 307 0 0 0 0 0 0 375 0 1727 3786163 43 0 2321 0
1791250322863182 18978538365 19 307 0 0 0 0 0 0 375 0 1728 3786257 43 0 2323 0
1791250323127366 18978802550 19 307 0 0 0 0 0 0 375 0 1730 3786305 43 0 2324 0
