# hz=100 page_bytes=4096 possible_cpus=2
# program_id=84 jit_bytes=8483 xlated_bytes=4776
# pos:	0
# flags:	02000002
# mnt_id:	10
# ino:	26
# prog_type:	1
# prog_jited:	1
# prog_tag:	1a92932acb008231
# memlock:	8192
# prog_id:	84
# run_time_ns:	0
# run_cnt:	0
# recursion_misses:	0
# verified_insns:	199283
# map=counters type=6 key=4 value=32 max_entries=1
# pos:	0
# flags:	02000002
# mnt_id:	10
# ino:	26
# map_type:	6
# key_size:	4
# value_size:	32
# max_entries:	1
# map_flags:	0x0
# map_extra:	0x0
# memlock:	268
# map_id:	120
# frozen:	0
# map=accounting type=2 key=4 value=24 max_entries=1
# pos:	0
# flags:	02000002
# mnt_id:	10
# ino:	26
# map_type:	2
# key_size:	4
# value_size:	24
# max_entries:	1
# map_flags:	0x0
# map_extra:	0x0
# memlock:	224
# map_id:	121
# frozen:	0
# map=flows type=9 key=36 value=32 max_entries=1024
# pos:	0
# flags:	02000002
# mnt_id:	10
# ino:	26
# map_type:	9
# key_size:	36
# value_size:	32
# max_entries:	1024
# map_flags:	0x0
# map_extra:	0x0
# memlock:	107456
# map_id:	118
# frozen:	0
# map=departures type=9 key=40 value=8 max_entries=8192
# pos:	0
# flags:	02000002
# mnt_id:	10
# ino:	26
# map_type:	9
# key_size:	40
# value_size:	8
# max_entries:	8192
# map_flags:	0x0
# map_extra:	0x0
# memlock:	656320
# map_id:	117
# frozen:	0
# map=samples type=27 key=0 value=0 max_entries=262144
# pos:	0
# flags:	02000002
# mnt_id:	10
# ino:	26
# map_type:	27
# key_size:	0
# value_size:	0
# max_entries:	262144
# map_flags:	0x0
# map_extra:	0x0
# memlock:	275148
# map_id:	119
# frozen:	0
realtime_us monotonic_us daemon_ticks rss_pages runs runtime_ns ring_full ack_bytes upload_bytes unaccounted host_user host_nice host_system host_idle host_iowait host_irq host_softirq host_steal
1791255229004606 23884679790 25 469 0 0 0 0 2688 0 1535 0 6368 4734972 57 0 20104 0
1791255229509538 23885184722 25 469 80 114492 0 0 10640 0 1536 0 6369 4735065 57 0 20106 0
1791255230012398 23885687581 25 469 160 212108 0 0 18360 0 1536 0 6369 4735162 57 0 20106 0
1791255230513982 23886189165 26 469 240 594963 0 0 25952 0 1536 0 6369 4735257 57 0 20110 0
1791255231015267 23886690451 26 469 319 729999 0 0 33672 0 1537 0 6369 4735352 57 0 20112 0
1791255231515959 23887191143 26 469 398 849010 0 0 41264 0 1537 0 6369 4735450 57 0 20113 0
1791255232017581 23887692765 26 469 478 960433 0 0 48984 0 1537 0 6370 4735545 57 0 20114 0
1791255232523594 23888198777 26 469 557 1174876 0 0 56704 0 1537 0 6370 4735637 57 0 20116 0
1791255233024365 23888699549 26 469 636 1293388 0 0 64296 0 1537 0 6370 4735733 57 0 20117 0
1791255233526012 23889201196 26 469 717 1397914 0 0 72100 0 1537 0 6372 4735828 57 0 20118 0
1791255234026906 23889702089 26 469 799 1515557 0 0 80052 0 1537 0 6372 4735924 57 0 20120 0
1791255234528114 23890203298 26 469 877 1623888 0 0 87644 0 1537 0 6372 4736018 57 0 20124 0
1791255235030352 23890705536 27 469 956 1717008 0 0 95364 0 1537 0 6372 4736111 57 0 20125 0
1791255235531557 23891206740 27 469 1037 1812685 0 0 103084 0 1537 0 6373 4736204 57 0 20126 0
1791255236032437 23891707621 27 469 1116 2177360 0 0 110676 0 1537 0 6373 4736298 57 0 20128 0
1791255236537187 23892212371 27 469 1195 2264287 0 0 118396 0 1537 0 6373 4736397 57 0 20129 0
1791255237040589 23892715773 27 469 1279 2532615 0 96 126449 0 1537 0 6373 4736491 57 0 20133 0
1791255237542870 23893218054 27 469 1492 3570225 0 576 247790 0 1537 0 6374 4736588 57 0 20135 0
1791255238048244 23893723427 27 469 1726 4079763 0 576 405278 0 1537 0 6374 4736684 57 0 20138 0
1791255238548975 23894224158 27 469 1961 5348371 0 576 574990 0 1538 0 6374 4736778 57 0 20140 0
1791255239051416 23894726600 27 469 2212 6195578 0 576 738886 0 1539 0 6374 4736870 57 0 20145 0
1791255239553398 23895228582 27 469 2444 7585188 0 576 902550 0 1539 0 6374 4736962 57 0 20150 0
1791255240060956 23895736139 27 469 2671 8146402 0 576 1055406 0 1539 0 6374 4737061 57 0 20152 0
1791255240561969 23896237153 27 469 2881 8746209 0 576 1189606 0 1540 0 6375 4737155 57 0 20154 0
1791255241062450 23896737633 27 469 3093 9321927 0 576 1334742 0 1540 0 6375 4737250 57 0 20157 0
1791255241565724 23897240908 28 469 3322 9845783 0 576 1496734 0 1540 0 6375 4737347 57 0 20159 0
1791255242066069 23897741252 28 469 3560 11732552 0 576 1672750 0 1540 0 6376 4737438 57 0 20166 0
1791255242567802 23898242986 28 469 3791 12585871 0 576 1842590 0 1540 0 6376 4737532 57 0 20170 0
1791255243073271 23898748454 28 469 4001 13400124 0 576 1967526 0 1540 0 6377 4737626 57 0 20174 0
1791255243574413 23899249596 28 469 4189 14281890 0 576 2072750 0 1540 0 6377 4737723 57 0 20177 0
1791255244075534 23899750718 28 469 4379 15000425 0 576 2188550 0 1540 0 6377 4737817 57 0 20180 0
1791255244582343 23900257527 28 469 4578 15777374 0 576 2318118 0 1540 0 6378 4737915 57 0 20180 0
1791255245086225 23900761409 28 469 4788 16257986 0 576 2460166 0 1540 0 6379 4738014 57 0 20180 0
1791255245589553 23901264736 28 469 5011 17052282 0 576 2616110 0 1541 0 6379 4738110 57 0 20182 0
1791255246092572 23901767755 28 469 5249 17893168 0 576 2787494 0 1541 0 6379 4738202 57 0 20187 0
1791255246594111 23902269295 29 469 5481 18333570 0 576 2959110 0 1541 0 6379 4738298 57 0 20189 0
1791255247100611 23902775794 29 469 5706 19266762 0 576 3108878 0 1541 0 6379 4738397 57 0 20191 0
1791255247604718 23903279902 29 469 5910 19851561 0 576 3238446 0 1541 0 6379 4738493 57 0 20195 0
1791255248106560 23903781744 29 469 6120 20658958 0 576 3380494 0 1541 0 6380 4738587 57 0 20195 0
1791255248612954 23904288138 29 469 6346 21453478 0 576 3537982 0 1542 0 6381 4738681 57 0 20199 0
1791255249117087 23904792271 29 469 6585 22410670 0 576 3714102 0 1542 0 6381 4738778 57 0 20202 0
1791255249622063 23905297247 29 469 6825 23620690 0 576 3900926 0 1542 0 6382 4738872 57 0 20204 0
1791255250122880 23905798063 29 469 7040 24637858 0 576 4041430 0 1542 0 6382 4738967 57 0 20206 0
1791255250623893 23906299077 29 469 7236 25498161 0 576 4143206 0 1542 0 6382 4739060 57 0 20210 0
1791255251126791 23906801975 31 469 7423 26604823 0 576 4251286 0 1542 0 6382 4739154 57 0 20215 0
1791255251633531 23907308715 31 469 7614 27059157 0 576 4370046 0 1542 0 6382 4739248 57 0 20221 0
1791255252136412 23907811595 31 469 7822 27823182 0 576 4501615 0 1542 0 6383 4739342 57 0 20224 0
1791255252643445 23908318629 31 469 7935 27983325 0 960 4522770 0 1542 0 6383 4739439 57 0 20226 0
1791255253148531 23908823714 31 469 8015 28085799 0 960 4530594 0 1542 0 6384 4739532 57 0 20227 0
1791255253650698 23909325882 31 469 8095 28182465 0 960 4538314 0 1542 0 6384 4739626 57 0 20227 0
1791255254152608 23909827792 31 469 8174 28316238 0 960 4546034 0 1542 0 6384 4739721 57 0 20230 0
1791255254652910 23910328093 31 469 8253 28429609 0 960 4553626 0 1543 0 6384 4739819 57 0 20230 0
1791255255155103 23910830286 31 469 8333 28535423 0 960 4561346 0 1544 0 6384 4739916 57 0 20231 0
1791255255664180 23911339364 31 469 8933 30131834 0 25836 4595462 0 1544 0 6384 4740013 57 0 20236 0
1791255256165552 23911840736 32 469 10066 32854820 0 72972 4650190 0 1544 0 6384 4740106 57 0 20243 0
1791255256666874 23912342057 32 469 11152 35332769 0 116460 4701398 0 1544 0 6384 4740197 57 0 20253 0
1791255257167972 23912843156 32 469 12273 38053006 0 162348 4755110 0 1546 0 6385 4740281 57 0 20265 0
1791255257669884 23913345068 32 469 13386 41084995 0 207948 4808430 0 1546 0 6385 4740373 57 0 20273 0
1791255258173810 23913848993 32 469 14465 44081488 0 250956 4859030 0 1546 0 6385 4740463 57 0 20283 0
1791255258676410 23914351594 32 469 15582 47008870 0 299568 4915362 0 1547 0 6386 4740552 57 0 20293 0
1791255259180028 23914855212 32 469 16560 49316273 0 341336 4964850 0 1547 0 6386 4740644 57 0 20300 0
1791255259683082 23915358265 32 469 17561 51660860 0 381132 5012238 0 1547 0 6386 4740740 57 0 20304 0
1791255260187649 23915862833 32 469 18611 54547284 0 420204 5059158 0 1547 0 6386 4740830 57 0 20312 0
1791255260689869 23916365053 32 469 19684 57441230 0 458904 5105682 0 1547 0 6386 4740921 57 0 20321 0
1791255261190501 23916865685 33 469 20716 60700652 0 495084 5149222 0 1547 0 6386 4741006 57 0 20335 0
1791255261693856 23917369040 33 469 21720 63237937 0 529356 5191214 0 1547 0 6387 4741095 57 0 20343 0
1791255262197034 23917872218 33 469 22758 65629424 0 566412 5236222 0 1547 0 6387 4741188 57 0 20352 0
1791255262702574 23918377758 33 469 23794 68812321 0 602688 5280218 0 1547 0 6390 4741280 57 0 20357 0
1791255263205303 23918880487 33 469 24793 71161320 0 637860 5323110 0 1547 0 6392 4741371 57 0 20365 0
1791255263705650 23919380833 33 469 25893 73106925 0 681500 5374342 0 1547 0 6392 4741464 57 0 20373 0
1791255264207460 23919882644 33 469 27022 75046312 0 727688 5428250 0 1547 0 6392 4741557 57 0 20380 0
1791255264707723 23920382907 33 469 28034 77483093 0 763820 5471974 0 1547 0 6392 4741651 57 0 20385 0
1791255265208945 23920884129 34 469 29096 81491443 0 800432 5516306 0 1548 0 6394 4741738 57 0 20395 0
1791255265712303 23921387487 34 469 30156 84436714 0 837668 5561494 0 1548 0 6395 4741832 57 0 20401 0
1791255266212925 23921888109 34 469 31194 88139386 0 874040 5605458 0 1548 0 6395 4741924 57 0 20407 0
1791255266714903 23922390086 34 469 32228 90620836 0 910808 5649946 0 1548 0 6395 4742016 57 0 20413 0
1791255267215860 23922891044 34 469 33231 93179035 0 946040 5692770 0 1548 0 6396 4742110 57 0 20419 0
1791255267716726 23923391909 34 469 34377 96119377 0 993760 5748210 0 1548 0 6397 4742199 57 0 20428 0
1791255268224105 23923899289 34 469 35472 98400302 0 1036900 5798942 0 1548 0 6399 4742293 57 0 20433 0
1791255268727337 23924402520 34 469 36497 101296345 0 1073932 5843694 0 1548 0 6399 4742383 57 0 20444 0
1791255269230058 23924905242 34 469 37540 103681977 0 1110496 5887978 0 1549 0 6400 4742465 57 0 20459 0
1791255269734113 23925409296 34 469 38562 106806383 0 1145824 5931130 0 1549 0 6403 4742552 57 0 20469 0
1791255270240726 23925915910 34 469 39628 109115790 0 1183264 5976290 0 1549 0 6405 4742647 57 0 20474 0
1791255270744787 23926419970 35 469 40638 110917510 0 1218400 6019146 0 1549 0 6405 4742738 57 0 20482 0
1791255271247823 23926923007 35 469 41717 113515861 0 1256992 6065330 0 1549 0 6408 4742832 57 0 20487 0
1791255271748709 23927423892 35 469 42867 116743585 0 1304812 6120870 0 1549 0 6410 4742920 57 0 20495 0
1791255272249204 23927924388 35 469 43754 119183478 0 1337800 6161682 0 1550 0 6412 4743006 57 0 20506 0
1791255272750870 23928426054 35 469 44725 122045072 0 1372600 6204202 0 1550 0 6412 4743098 57 0 20513 0
1791255273252751 23928927935 35 469 45789 124787063 0 1411756 6250950 0 1550 0 6412 4743191 57 0 20520 0
1791255273753705 23929428889 36 469 46801 128031519 0 1446040 6292954 0 1550 0 6412 4743284 57 0 20527 0
1791255274257732 23929932916 36 469 47821 131703872 0 1480780 6335414 0 1550 0 6412 4743372 57 0 20541 0
1791255274764141 23930439324 36 469 48835 134211885 0 1516108 6378334 0 1553 0 6412 4743459 57 0 20550 0
1791255275265461 23930940645 36 469 49863 136579653 0 1552300 6422246 0 1553 0 6413 4743551 57 0 20556 0
1791255275765755 23931440938 36 469 50638 139505695 0 1568908 6457256 0 1554 0 6414 4743644 57 0 20562 0
1791255276268013 23931943197 36 469 50718 139603734 0 1568908 6465208 0 1554 0 6414 4743738 57 0 20562 0
1791255276768946 23932444129 36 469 50797 139675375 0 1568908 6472800 0 1554 0 6414 4743833 57 0 20564 0
1791255277273350 23932948534 36 469 50876 139984033 0 1568908 6480520 0 1554 0 6414 4743929 57 0 20564 0
1791255277774818 23933450002 37 469 50957 140073662 0 1568908 6488240 0 1554 0 6414 4744021 57 0 20565 0
1791255278276609 23933951793 37 469 51036 140157791 0 1568908 6495832 0 1554 0 6414 4744120 57 0 20565 0
1791255278782927 23934458111 37 469 51185 140473870 0 1570156 6524098 0 1555 0 6416 4744213 57 0 20567 0
1791255279283762 23934958946 37 469 52122 143178051 0 1604572 6668010 0 1556 0 6416 4744303 57 0 20574 0
1791255279790790 23935465974 37 469 53269 145587829 0 1644508 6828506 0 1557 0 6416 4744393 57 0 20585 0
1791255280291324 23935966508 37 469 54474 148681295 0 1686556 7003570 0 1557 0 6417 4744480 57 0 20597 0
1791255280793919 23936469102 38 469 55541 151861987 0 1723804 7159578 0 1557 0 6418 4744569 57 0 20607 0
1791255281294420 23936969604 38 469 56605 153946935 0 1761052 7321890 0 1558 0 6418 4744662 57 0 20613 0
1791255281795108 23937470291 38 469 57688 156798462 0 1799260 7464962 0 1558 0 6419 4744750 57 0 20621 0
1791255282295695 23937970878 38 469 58854 159479299 0 1839868 7582770 0 1558 0 6421 4744839 57 0 20632 0
1791255282796416 23938471600 38 469 59949 162180081 0 1879664 7702726 0 1559 0 6421 4744932 57 0 20637 0
1791255283297415 23938972599 38 469 61114 163959893 0 1933424 7844366 0 1559 0 6421 4745027 57 0 20641 0
1791255283798666 23939473849 38 469 61926 165459860 0 1961632 8005358 0 1560 0 6421 4745119 57 0 20646 0
1791255284302625 23939977809 39 469 62723 168466926 0 1986964 8178914 0 1560 0 6421 4745213 57 0 20651 0
1791255284803450 23940478634 39 469 63247 170127105 0 2000392 8341982 0 1560 0 6421 4745302 57 0 20660 0
1791255285305978 23940981162 39 469 63736 171069474 0 2011164 8500978 0 1560 0 6421 4745400 57 0 20662 0
1791255285807212 23941482396 39 469 64379 172302585 0 2029080 8636238 0 1560 0 6421 4745494 57 0 20668 0
1791255286313915 23941989099 39 469 65367 175392425 0 2059476 8776490 0 1561 0 6423 4745582 57 0 20677 0
1791255286816300 23942491484 39 469 66432 178781405 0 2093012 8907170 0 1561 0 6425 4745670 57 0 20686 0
1791255287326226 23943001410 39 469 67575 181299625 0 2129780 9072090 0 1562 0 6428 4745763 57 0 20692 0
1791255287831399 23943506582 39 469 68729 186896324 0 2165780 9250138 0 1562 0 6429 4745849 57 0 20701 0
1791255288332917 23944008101 39 469 69640 190197104 0 2195384 9413942 0 1562 0 6431 4745934 57 0 20714 0
1791255288835000 23944510184 40 469 70567 191714990 0 2223344 9536190 0 1562 0 6431 4746022 57 0 20722 0
1791255289340872 23945016056 40 469 71604 195447008 0 2254832 9649510 0 1562 0 6432 4746106 57 0 20739 0
1791255289843771 23945518954 40 469 72732 197675892 0 2296436 9774490 0 1562 0 6434 4746198 57 0 20744 0
1791255290344511 23946019695 40 469 73778 200311082 0 2330708 9910538 0 1562 0 6435 4746289 57 0 20752 0
1791255290847192 23946522375 40 469 74850 203418529 0 2365292 10053202 0 1562 0 6437 4746374 57 0 20764 0
1791255291350595 23947025779 41 469 75938 206442408 0 2398964 10219530 0 1562 0 6438 4746454 57 0 20780 0
1791255291854304 23947529488 41 469 76896 209041505 0 2427968 10398534 0 1562 0 6439 4746551 57 0 20783 0
1791255292354608 23948029792 41 469 77562 210883561 0 2446532 10551298 0 1562 0 6440 4746644 57 0 20788 0
1791255292859491 23948534674 41 469 78512 212547858 0 2473976 10679102 0 1562 0 6440 4746740 57 0 20792 0
1791255293363100 23949038284 42 469 79555 215238035 0 2504696 10800918 0 1563 0 6441 4746829 57 0 20800 0
1791255293864590 23949539774 42 469 80639 217483393 0 2538680 10938222 0 1563 0 6441 4746917 57 0 20810 0
1791255294365529 23950040713 42 469 81741 220202103 0 2572472 11092446 0 1563 0 6441 4747005 57 0 20823 0
1791255294868849 23950544033 42 469 82974 223090697 0 2616532 11264658 0 1563 0 6442 4747099 57 0 20827 0
1791255295369094 23951044278 42 469 83769 224336917 0 2640400 11429134 0 1563 0 6443 4747190 57 0 20833 0
1791255295870238 23951545420 42 469 84380 225923854 0 2656180 11590050 0 1563 0 6444 4747280 57 0 20840 0
1791255296370534 23952045718 42 469 85002 228794043 0 2672596 11745066 0 1563 0 6445 4747371 57 0 20846 0
1791255296872130 23952547314 42 469 85944 232225031 0 2702320 11876926 0 1564 0 6447 4747460 57 0 20854 0
1791255297372834 23953048016 43 469 87022 236582727 0 2736112 12012494 0 1566 0 6447 4747548 57 0 20862 0
1791255297876526 23953551709 43 469 88175 239933413 0 2772352 12164534 0 1566 0 6448 4747642 57 0 20869 0
1791255298384921 23954060104 43 469 89230 244747613 0 2803456 12326750 0 1568 0 6452 4747724 57 0 20878 0
1791255298887008 23954562192 44 469 90372 248932905 0 2837824 12495574 0 1569 0 6457 4747804 57 0 20894 0
1791255299388012 23955063195 44 469 91464 253772708 0 2870800 12653486 0 1570 0 6461 4747879 57 0 20913 0
1791255299893653 23955568837 44 469 92420 256903019 0 2899408 12819510 0 1570 0 6462 4747962 57 0 20929 0
1791255300394018 23956069201 45 469 93307 260092026 0 2925232 12979766 0 1570 0 6465 4748053 57 0 20935 0
1791255300899529 23956574712 46 469 94298 263244900 0 2954512 13107734 0 1572 0 6465 4748138 57 0 20950 0
1791255301403609 23957078793 46 469 95429 266659441 0 2990032 13231262 0 1572 0 6465 4748228 57 0 20960 0
1791255301904258 23957579442 47 469 96565 269921766 0 3028952 13365910 0 1572 0 6466 4748323 57 0 20963 0
1791255302408973 23958084157 47 469 97698 272507366 0 3070732 13509826 0 1573 0 6466 4748417 57 0 20969 0
1791255302913136 23958588320 47 469 98756 275223181 0 3105820 13652866 0 1573 0 6466 4748512 57 0 20973 0
1791255303414237 23959089421 47 469 99907 277822195 0 3140860 13826866 0 1574 0 6468 4748601 57 0 20981 0
1791255303916051 23959591235 47 469 100814 280072553 0 3168760 13969223 0 1574 0 6469 4748695 57 0 20988 0
1791255304422712 23960097896 47 469 101132 280807793 0 3171952 13986424 0 1575 0 6470 4748786 57 0 20991 0
1791255304924668 23960599852 47 469 101212 280900709 0 3171952 13994144 0 1575 0 6470 4748884 57 0 20992 0
1791255305429643 23961104826 47 469 101291 281005793 0 3171952 14001736 0 1576 0 6470 4748981 57 0 20993 0
1791255305933006 23961608189 47 469 101372 281499649 0 3171952 14009688 0 1576 0 6470 4749081 57 0 20993 0
1791255306437697 23962112881 48 469 101451 281612505 0 3171952 14017280 0 1576 0 6470 4749176 57 0 20995 0
1791255306938068 23962613251 48 469 101530 281722876 0 3171952 14025000 0 1576 0 6470 4749271 57 0 20997 0
1791255307446388 23963121572 48 469 101610 281963680 0 3171952 14032824 0 1577 0 6470 4749365 57 0 21000 0
1791255307946690 23963621874 48 469 101689 282170650 0 3171952 14040544 0 1578 0 6471 4749457 57 0 21000 0
1791255308448720 23964123904 48 469 101768 282294141 0 3171952 14048136 0 1578 0 6471 4749556 57 0 21000 0
1791255308949525 23964624709 48 469 101848 282608336 0 3171952 14055856 0 1578 0 6472 4749652 57 0 21003 0
1791255309455455 23965130639 48 469 101927 282730787 0 3171952 14063448 0 1578 0 6472 4749752 57 0 21003 0
1791255309962115 23965637299 49 469 102007 282945635 0 3171952 14071168 0 1578 0 6472 4749848 57 0 21004 0
1791255310462709 23966137893 49 469 102086 283074860 0 3171952 14078888 0 1578 0 6472 4749942 57 0 21006 0
1791255310963426 23966638610 49 469 102165 283166280 0 3171952 14086480 0 1578 0 6472 4750035 57 0 21008 0
1791255311467161 23967142345 49 469 102244 283271107 0 3171952 14094200 0 1578 0 6472 4750136 57 0 21008 0
1791255311967406 23967642589 49 469 102325 283387686 0 3171952 14102024 0 1579 0 6472 4750230 57 0 21011 0
1791255312009413 23967684597 49 469 102332 283398748 0 3171952 14102744 0 1579 0 6473 4750236 57 0 21011 0
