# hz=100 page_bytes=4096 possible_cpus=2
realtime_us monotonic_us daemon_ticks rss_pages runs runtime_ns ring_full ack_bytes upload_bytes unaccounted host_user host_nice host_system host_idle host_iowait host_irq host_softirq host_steal
1791252675316915 21330992099 0 311 0 0 0 0 0 0 1296 0 5543 4230832 53 0 16738 0
1791252675818269 21331493452 0 311 0 0 0 0 0 0 1296 0 5543 4230927 53 0 16739 0
1791252676318792 21331993976 0 311 0 0 0 0 0 0 1297 0 5543 4231020 53 0 16741 0
1791252676823087 21332498271 0 311 0 0 0 0 0 0 1298 0 5544 4231112 53 0 16742 0
1791252677323516 21332998700 0 311 0 0 0 0 0 0 1299 0 5544 4231208 53 0 16742 0
1791252677824932 21333500115 1 311 0 0 0 0 0 0 1299 0 5544 4231303 53 0 16743 0
1791252678325789 21334000973 1 311 0 0 0 0 0 0 1299 0 5544 4231400 53 0 16745 0
1791252678827085 21334502268 1 311 0 0 0 0 0 0 1299 0 5544 4231495 53 0 16748 0
1791252679332861 21335008045 1 311 0 0 0 0 0 0 1299 0 5544 4231590 53 0 16748 0
1791252679837858 21335513041 1 311 0 0 0 0 0 0 1300 0 5545 4231687 53 0 16749 0
1791252680342147 21336017331 1 311 0 0 0 0 0 0 1300 0 5545 4231786 53 0 16749 0
1791252680844750 21336519934 1 311 0 0 0 0 0 0 1300 0 5545 4231880 53 0 16749 0
1791252681345639 21337020823 1 311 0 0 0 0 0 0 1300 0 5545 4231976 53 0 16750 0
1791252681846036 21337521219 1 311 0 0 0 0 0 0 1300 0 5545 4232068 53 0 16752 0
1791252682346736 21338021920 1 311 0 0 0 0 0 0 1300 0 5545 4232162 53 0 16755 0
1791252682849649 21338524833 1 311 0 0 0 0 0 0 1300 0 5545 4232260 53 0 16755 0
1791252683350216 21339025400 2 311 0 0 0 0 0 0 1300 0 5545 4232359 53 0 16755 0
1791252683854122 21339529306 2 311 0 0 0 0 0 0 1300 0 5545 4232453 53 0 16761 0
1791252684355891 21340031074 2 311 0 0 0 0 0 0 1301 0 5546 4232548 53 0 16765 0
1791252684856562 21340531745 2 311 0 0 0 0 0 0 1301 0 5547 4232640 53 0 16772 0
1791252685358593 21341033776 2 311 0 0 0 0 0 0 1301 0 5547 4232736 53 0 16773 0
1791252685860720 21341535904 2 311 0 0 0 0 0 0 1301 0 5547 4232829 53 0 16778 0
1791252686361466 21342036649 3 311 0 0 0 0 0 0 1301 0 5547 4232921 53 0 16783 0
1791252686863716 21342538899 3 311 0 0 0 0 0 0 1301 0 5549 4233015 53 0 16787 0
1791252687365140 21343040323 3 311 0 0 0 0 0 0 1301 0 5550 4233106 53 0 16793 0
1791252687872304 21343547488 3 311 0 0 0 0 0 0 1301 0 5551 4233197 53 0 16800 0
1791252688373768 21344048951 3 311 0 0 0 0 0 0 1301 0 5551 4233295 53 0 16800 0
1791252688877121 21344552305 3 311 0 0 0 0 0 0 1301 0 5551 4233392 53 0 16802 0
1791252689383122 21345058306 3 311 0 0 0 0 0 0 1301 0 5551 4233486 53 0 16805 0
1791252689884030 21345559213 3 311 0 0 0 0 0 0 1301 0 5551 4233581 53 0 16806 0
1791252690384818 21346060002 4 311 0 0 0 0 0 0 1302 0 5551 4233677 53 0 16808 0
1791252690885566 21346560750 4 311 0 0 0 0 0 0 1302 0 5551 4233775 53 0 16810 0
1791252691387094 21347062278 4 311 0 0 0 0 0 0 1302 0 5551 4233871 53 0 16811 0
1791252691888013 21347563197 4 311 0 0 0 0 0 0 1302 0 5552 4233965 53 0 16814 0
1791252692394019 21348069203 4 311 0 0 0 0 0 0 1302 0 5553 4234061 53 0 16814 0
1791252692894457 21348569641 4 311 0 0 0 0 0 0 1302 0 5553 4234156 53 0 16817 0
1791252693396155 21349071338 4 311 0 0 0 0 0 0 1302 0 5554 4234250 53 0 16819 0
1791252693897021 21349572205 4 311 0 0 0 0 0 0 1302 0 5554 4234347 53 0 16819 0
1791252694398083 21350073267 4 311 0 0 0 0 0 0 1302 0 5554 4234442 53 0 16821 0
1791252694898619 21350573802 4 311 0 0 0 0 0 0 1302 0 5554 4234543 53 0 16821 0
1791252695399155 21351074339 4 311 0 0 0 0 0 0 1302 0 5554 4234639 53 0 16822 0
1791252695899935 21351575119 4 311 0 0 0 0 0 0 1303 0 5554 4234733 53 0 16825 0
1791252696403351 21352078534 4 311 0 0 0 0 0 0 1303 0 5554 4234828 53 0 16828 0
1791252696904384 21352579568 4 311 0 0 0 0 0 0 1303 0 5554 4234924 53 0 16831 0
1791252697405444 21353080628 5 311 0 0 0 0 0 0 1303 0 5554 4235023 53 0 16832 0
1791252697907540 21353582724 5 311 0 0 0 0 0 0 1303 0 5554 4235120 53 0 16833 0
1791252698408086 21354083270 5 311 0 0 0 0 0 0 1303 0 5555 4235214 53 0 16834 0
1791252698908903 21354584086 5 311 0 0 0 0 0 0 1304 0 5555 4235307 53 0 16835 0
1791252699411381 21355086565 5 311 0 0 0 0 0 0 1304 0 5555 4235404 53 0 16835 0
1791252699911887 21355587071 5 311 0 0 0 0 0 0 1304 0 5555 4235499 53 0 16836 0
1791252700412742 21356087925 5 311 0 0 0 0 0 0 1304 0 5555 4235594 53 0 16837 0
1791252700914355 21356589539 5 311 0 0 0 0 0 0 1304 0 5555 4235688 53 0 16839 0
1791252701414775 21357089959 5 311 0 0 0 0 0 0 1304 0 5555 4235785 53 0 16839 0
1791252701918132 21357593315 5 311 0 0 0 0 0 0 1304 0 5556 4235879 53 0 16839 0
1791252702419889 21358095073 5 311 0 0 0 0 0 0 1304 0 5556 4235976 53 0 16840 0
1791252702923431 21358598614 6 311 0 0 0 0 0 0 1304 0 5556 4236072 53 0 16843 0
1791252703423650 21359098833 6 311 0 0 0 0 0 0 1304 0 5556 4236166 53 0 16849 0
1791252703924672 21359599856 6 311 0 0 0 0 0 0 1304 0 5558 4236262 53 0 16850 0
1791252704425488 21360100672 6 311 0 0 0 0 0 0 1304 0 5558 4236361 53 0 16851 0
1791252704927327 21360602510 6 311 0 0 0 0 0 0 1304 0 5558 4236457 53 0 16854 0
1791252705428519 21361103703 6 311 0 0 0 0 0 0 1304 0 5559 4236552 53 0 16856 0
1791252705930767 21361605951 6 311 0 0 0 0 0 0 1304 0 5560 4236643 53 0 16861 0
1791252706431674 21362106857 6 311 0 0 0 0 0 0 1304 0 5562 4236739 53 0 16863 0
1791252706934262 21362609446 6 311 0 0 0 0 0 0 1304 0 5564 4236835 53 0 16865 0
1791252707438168 21363113352 6 311 0 0 0 0 0 0 1304 0 5565 4236930 53 0 16868 0
1791252707942229 21363617413 6 311 0 0 0 0 0 0 1304 0 5566 4237027 53 0 16871 0
1791252708443039 21364118222 6 311 0 0 0 0 0 0 1304 0 5567 4237121 53 0 16875 0
1791252708944680 21364619864 7 311 0 0 0 0 0 0 1304 0 5567 4237216 53 0 16877 0
1791252709446204 21365121388 7 311 0 0 0 0 0 0 1304 0 5568 4237314 53 0 16879 0
1791252709947915 21365623099 7 311 0 0 0 0 0 0 1304 0 5568 4237409 53 0 16883 0
1791252710449704 21366124888 7 311 0 0 0 0 0 0 1304 0 5568 4237503 53 0 16887 0
1791252710954116 21366629300 7 311 0 0 0 0 0 0 1304 0 5568 4237600 53 0 16890 0
1791252711454460 21367129643 8 311 0 0 0 0 0 0 1304 0 5570 4237691 53 0 16896 0
1791252711955664 21367630848 8 311 0 0 0 0 0 0 1304 0 5571 4237782 53 0 16906 0
1791252712463327 21368138511 8 311 0 0 0 0 0 0 1305 0 5571 4237868 53 0 16918 0
1791252712963638 21368638822 8 311 0 0 0 0 0 0 1305 0 5574 4237953 53 0 16927 0
1791252713465664 21369140848 8 311 0 0 0 0 0 0 1305 0 5574 4238045 53 0 16936 0
1791252713965905 21369641088 8 311 0 0 0 0 0 0 1305 0 5576 4238135 53 0 16944 0
1791252714466851 21370142035 8 311 0 0 0 0 0 0 1305 0 5577 4238228 53 0 16951 0
1791252714967980 21370643163 8 311 0 0 0 0 0 0 1305 0 5579 4238318 53 0 16959 0
1791252715473824 21371149007 8 311 0 0 0 0 0 0 1306 0 5579 4238411 53 0 16964 0
1791252715974406 21371649590 8 311 0 0 0 0 0 0 1306 0 5581 4238499 53 0 16973 0
1791252716479789 21372154973 8 311 0 0 0 0 0 0 1306 0 5582 4238593 53 0 16979 0
1791252716982974 21372658158 8 311 0 0 0 0 0 0 1306 0 5582 4238685 53 0 16987 0
1791252717486706 21373161890 8 311 0 0 0 0 0 0 1306 0 5583 4238778 53 0 16993 0
1791252717991474 21373666658 8 311 0 0 0 0 0 0 1306 0 5583 4238871 53 0 16998 0
1791252718492035 21374167219 8 311 0 0 0 0 0 0 1307 0 5583 4238967 53 0 17001 0
1791252718994606 21374669790 9 311 0 0 0 0 0 0 1307 0 5583 4239059 53 0 17008 0
1791252719495873 21375171057 9 311 0 0 0 0 0 0 1307 0 5583 4239151 53 0 17017 0
1791252719996373 21375671556 9 311 0 0 0 0 0 0 1307 0 5583 4239240 53 0 17027 0
1791252720497193 21376172376 9 311 0 0 0 0 0 0 1307 0 5584 4239331 53 0 17034 0
1791252720999953 21376675136 9 311 0 0 0 0 0 0 1308 0 5585 4239423 53 0 17039 0
1791252721500978 21377176162 9 311 0 0 0 0 0 0 1308 0 5585 4239519 53 0 17043 0
1791252722001426 21377676610 9 311 0 0 0 0 0 0 1308 0 5586 4239610 53 0 17050 0
1791252722502160 21378177344 9 311 0 0 0 0 0 0 1308 0 5586 4239705 53 0 17050 0
1791252723002875 21378678058 9 311 0 0 0 0 0 0 1308 0 5587 4239800 53 0 17051 0
1791252723507290 21379182474 9 311 0 0 0 0 0 0 1308 0 5587 4239899 53 0 17052 0
1791252724013371 21379688554 9 311 0 0 0 0 0 0 1308 0 5587 4239995 53 0 17053 0
1791252724514212 21380189395 10 311 0 0 0 0 0 0 1308 0 5587 4240093 53 0 17055 0
1791252725015212 21380690396 10 311 0 0 0 0 0 0 1308 0 5587 4240190 53 0 17058 0
1791252725516163 21381191347 10 311 0 0 0 0 0 0 1308 0 5588 4240284 53 0 17061 0
1791252726017411 21381692595 10 311 0 0 0 0 0 0 1308 0 5590 4240374 53 0 17069 0
1791252726524164 21382199347 10 311 0 0 0 0 0 0 1308 0 5590 4240469 53 0 17073 0
1791252727028424 21382703608 10 311 0 0 0 0 0 0 1309 0 5591 4240565 53 0 17076 0
1791252727529798 21383204982 10 311 0 0 0 0 0 0 1309 0 5591 4240658 53 0 17081 0
1791252728033377 21383708561 10 311 0 0 0 0 0 0 1310 0 5592 4240750 53 0 17087 0
1791252728536759 21384211943 10 311 0 0 0 0 0 0 1310 0 5593 4240849 53 0 17088 0
1791252729039104 21384714288 11 311 0 0 0 0 0 0 1310 0 5593 4240941 53 0 17096 0
1791252729540800 21385215984 11 311 0 0 0 0 0 0 1310 0 5593 4241030 53 0 17107 0
1791252730043053 21385718237 11 311 0 0 0 0 0 0 1310 0 5593 4241121 53 0 17114 0
1791252730543531 21386218715 11 311 0 0 0 0 0 0 1310 0 5597 4241205 53 0 17125 0
1791252731048635 21386723819 11 311 0 0 0 0 0 0 1311 0 5597 4241299 53 0 17131 0
1791252731553889 21387229073 11 311 0 0 0 0 0 0 1311 0 5598 4241393 53 0 17136 0
1791252732059511 21387734694 11 311 0 0 0 0 0 0 1311 0 5598 4241489 53 0 17142 0
1791252732560629 21388235813 11 311 0 0 0 0 0 0 1311 0 5600 4241579 53 0 17150 0
1791252733061509 21388736692 12 311 0 0 0 0 0 0 1312 0 5601 4241675 53 0 17151 0
1791252733565184 21389240367 12 311 0 0 0 0 0 0 1312 0 5601 4241766 53 0 17160 0
1791252734065671 21389740854 12 311 0 0 0 0 0 0 1312 0 5602 4241862 53 0 17164 0
1791252734569654 21390244837 12 311 0 0 0 0 0 0 1312 0 5603 4241953 53 0 17171 0
1791252735071858 21390747042 12 311 0 0 0 0 0 0 1312 0 5604 4242046 53 0 17178 0
1791252735573274 21391248457 12 311 0 0 0 0 0 0 1312 0 5605 4242141 53 0 17181 0
1791252736073719 21391748903 12 311 0 0 0 0 0 0 1312 0 5605 4242233 53 0 17187 0
1791252736574038 21392249222 12 311 0 0 0 0 0 0 1312 0 5606 4242330 53 0 17189 0
1791252737075017 21392750200 12 311 0 0 0 0 0 0 1313 0 5607 4242422 53 0 17193 0
1791252737576220 21393251404 13 311 0 0 0 0 0 0 1313 0 5607 4242517 53 0 17197 0
1791252738076819 21393752003 13 311 0 0 0 0 0 0 1313 0 5607 4242610 53 0 17203 0
1791252738581538 21394256722 13 311 0 0 0 0 0 0 1313 0 5608 4242701 53 0 17207 0
1791252739082236 21394757419 13 311 0 0 0 0 0 0 1313 0 5609 4242796 53 0 17211 0
1791252739587415 21395262598 13 311 0 0 0 0 0 0 1313 0 5609 4242890 53 0 17217 0
1791252740088272 21395763456 13 311 0 0 0 0 0 0 1313 0 5609 4242983 53 0 17222 0
1791252740591340 21396266524 13 311 0 0 0 0 0 0 1313 0 5609 4243080 53 0 17223 0
1791252741091486 21396766670 13 311 0 0 0 0 0 0 1313 0 5609 4243175 53 0 17227 0
1791252741593825 21397269009 13 311 0 0 0 0 0 0 1313 0 5609 4243267 53 0 17233 0
1791252742094469 21397769652 13 311 0 0 0 0 0 0 1314 0 5610 4243362 53 0 17233 0
1791252742595469 21398270653 14 311 0 0 0 0 0 0 1314 0 5611 4243457 53 0 17238 0
1791252743096185 21398771368 14 311 0 0 0 0 0 0 1314 0 5612 4243546 53 0 17244 0
1791252743597712 21399272895 14 311 0 0 0 0 0 0 1315 0 5615 4243634 53 0 17250 0
1791252744098126 21399773309 14 311 0 0 0 0 0 0 1315 0 5616 4243726 53 0 17256 0
1791252744598495 21400273679 14 311 0 0 0 0 0 0 1315 0 5616 4243824 53 0 17259 0
1791252745103995 21400779178 14 311 0 0 0 0 0 0 1315 0 5618 4243909 53 0 17272 0
1791252745604480 21401279664 14 311 0 0 0 0 0 0 1315 0 5618 4244003 53 0 17274 0
1791252746110579 21401785763 15 311 0 0 0 0 0 0 1315 0 5618 4244099 53 0 17279 0
1791252746613839 21402289023 15 311 0 0 0 0 0 0 1315 0 5622 4244191 53 0 17283 0
1791252747119624 21402794807 15 311 0 0 0 0 0 0 1315 0 5622 4244285 53 0 17289 0
1791252747624058 21403299241 15 311 0 0 0 0 0 0 1315 0 5623 4244376 53 0 17295 0
1791252748128312 21403803495 15 311 0 0 0 0 0 0 1315 0 5625 4244473 53 0 17296 0
1791252748632475 21404307659 16 311 0 0 0 0 0 0 1315 0 5625 4244569 53 0 17300 0
1791252749138726 21404813909 16 311 0 0 0 0 0 0 1315 0 5625 4244668 53 0 17301 0
1791252749643027 21405318211 16 311 0 0 0 0 0 0 1315 0 5625 4244761 53 0 17304 0
1791252750144558 21405819742 16 311 0 0 0 0 0 0 1315 0 5625 4244858 53 0 17307 0
1791252750645749 21406320933 16 311 0 0 0 0 0 0 1315 0 5625 4244955 53 0 17308 0
1791252751146311 21406821494 16 311 0 0 0 0 0 0 1316 0 5625 4245049 53 0 17309 0
1791252751646800 21407321983 17 311 0 0 0 0 0 0 1316 0 5625 4245144 53 0 17311 0
1791252752149679 21407824863 17 311 0 0 0 0 0 0 1316 0 5625 4245237 53 0 17311 0
1791252752650560 21408325744 17 311 0 0 0 0 0 0 1316 0 5625 4245332 53 0 17312 0
1791252753151360 21408826544 17 311 0 0 0 0 0 0 1316 0 5625 4245425 53 0 17313 0
1791252753652159 21409327343 17 311 0 0 0 0 0 0 1317 0 5625 4245515 53 0 17315 0
1791252754152668 21409827852 17 311 0 0 0 0 0 0 1317 0 5625 4245614 53 0 17315 0
1791252754653841 21410329025 17 311 0 0 0 0 0 0 1317 0 5626 4245705 53 0 17317 0
1791252755154964 21410830148 17 311 0 0 0 0 0 0 1318 0 5626 4245800 53 0 17318 0
1791252755656879 21411332063 17 311 0 0 0 0 0 0 1318 0 5626 4245894 53 0 17320 0
1791252756163484 21411838668 18 311 0 0 0 0 0 0 1318 0 5626 4245990 53 0 17321 0
1791252756664590 21412339774 18 311 0 0 0 0 0 0 1319 0 5626 4246085 53 0 17322 0
1791252757165338 21412840521 18 311 0 0 0 0 0 0 1320 0 5626 4246184 53 0 17322 0
1791252757665706 21413340890 18 311 0 0 0 0 0 0 1320 0 5627 4246278 53 0 17324 0
1791252758166182 21413841366 18 311 0 0 0 0 0 0 1320 0 5627 4246372 53 0 17324 0
1791252758340905 21414016089 18 311 0 0 0 0 0 0 1320 0 5628 4246406 53 0 17324 0
