22953.01 0 0 0
22958.01 6 9240 2428
22963.02 6 9244 2432
22968.03 6 9248 2436
22973.04 6 9248 2436
22978.05 6 9244 2432
22983.06 6 9252 2440
22988.06 6 9252 2440
22993.07 6 9256 2444
22998.08 6 9256 2444
23003.09 6 9256 2444
23008.10 6 9260 2448
23013.11 6 9268 2456
23018.12 6 9272 2460
23023.13 6 9276 2464
23028.14 6 9276 2464
23033.15 6 9280 2468
23038.15 6 9280 2468
23043.17 6 9280 2468
23048.18 6 9284 2472
23053.19 6 9284 2472
23058.22 6 9288 2476
23063.30 6 9284 2472
23068.31 6 9288 2476
23073.31 6 9292 2480
23078.32 6 9288 2476
23083.33 6 9292 2480
23088.34 6 9292 2480
23093.35 6 9292 2480
23098.35 6 9300 2488
23103.37 6 9300 2488
23108.45 6 9304 2492
23113.46 6 9304 2492
23118.48 6 9304 2492
23123.48 6 9308 2496
23128.49 6 9304 2492
23133.50 6 9308 2496
23138.51 6 9312 2500
23143.52 6 9312 2500
23148.53 6 9316 2504
23153.54 6 9312 2500
23158.55 6 9316 2504
23163.56 6 9320 2508
23168.56 6 9320 2508
23173.57 6 9320 2508
23178.58 6 9324 2512
23183.59 6 9324 2512
23188.60 6 9320 2508
23193.60 6 9328 2516
23198.61 6 9328 2516
23203.62 5 8516 2380
23208.63 5 8516 2380
23213.63 5 8516 2380
23218.64 5 8516 2380
23223.65 5 8516 2380
23228.65 5 8516 2380
23233.66 5 8516 2380
23238.67 5 8516 2380
23243.68 2 3920 1196
