# hz=100 page_bytes=4096 possible_cpus=2
# program_id=16 jit_bytes=8483 xlated_bytes=4776
# pos:	0
# flags:	02000002
# mnt_id:	10
# ino:	26
# prog_type:	1
# prog_jited:	1
# prog_tag:	1a92932acb008231
# memlock:	8192
# prog_id:	16
# run_time_ns:	0
# run_cnt:	0
# recursion_misses:	0
# verified_insns:	199283
# map=counters type=6 key=4 value=32 max_entries=1
# pos:	0
# flags:	02000002
# mnt_id:	10
# ino:	26
# map_type:	6
# key_size:	4
# value_size:	32
# max_entries:	1
# map_flags:	0x0
# map_extra:	0x0
# memlock:	268
# map_id:	19
# frozen:	0
# map=accounting type=2 key=4 value=24 max_entries=1
# pos:	0
# flags:	02000002
# mnt_id:	10
# ino:	26
# map_type:	2
# key_size:	4
# value_size:	24
# max_entries:	1
# map_flags:	0x0
# map_extra:	0x0
# memlock:	224
# map_id:	20
# frozen:	0
# map=flows type=9 key=36 value=32 max_entries=1024
# pos:	0
# flags:	02000002
# mnt_id:	10
# ino:	26
# map_type:	9
# key_size:	36
# value_size:	32
# max_entries:	1024
# map_flags:	0x0
# map_extra:	0x0
# memlock:	107456
# map_id:	17
# frozen:	0
# map=departures type=9 key=40 value=8 max_entries=8192
# pos:	0
# flags:	02000002
# mnt_id:	10
# ino:	26
# map_type:	9
# key_size:	40
# value_size:	8
# max_entries:	8192
# map_flags:	0x0
# map_extra:	0x0
# memlock:	656320
# map_id:	16
# frozen:	0
# map=samples type=27 key=0 value=0 max_entries=262144
# pos:	0
# flags:	02000002
# mnt_id:	10
# ino:	26
# map_type:	27
# key_size:	0
# value_size:	0
# max_entries:	262144
# map_flags:	0x0
# map_extra:	0x0
# memlock:	275148
# map_id:	18
# frozen:	0
realtime_us monotonic_us daemon_ticks rss_pages runs runtime_ns ring_full ack_bytes upload_bytes unaccounted host_user host_nice host_system host_idle host_iowait host_irq host_softirq host_steal
1791277061666117 2589248025 23 475 0 0 0 0 2816 0 235 0 1654 506542 36 0 2831 0
1791277062168093 2589750001 23 475 78 78704 0 0 10536 0 235 0 1655 506638 36 0 2831 0
1791277062669255 2590251164 23 475 158 162388 0 0 18360 0 236 0 1655 506731 36 0 2831 0
1791277063171954 2590753863 23 475 239 248736 0 0 26080 0 236 0 1655 506824 36 0 2831 0
1791277063675034 2591256943 23 475 319 444825 0 0 33800 0 236 0 1656 506914 36 0 2832 0
1791277064178569 2591760478 23 475 398 531497 0 0 41392 0 236 0 1656 507009 36 0 2833 0
1791277064680694 2592262603 23 475 477 749265 0 0 49112 0 236 0 1656 507101 36 0 2834 0
1791277065185358 2592767267 23 475 557 833124 0 0 56832 0 236 0 1657 507192 36 0 2834 0
1791277065685520 2593267429 23 475 636 909985 0 0 64424 0 236 0 1657 507287 36 0 2834 0
1791277066187078 2593768986 24 475 717 996585 0 0 72228 0 236 0 1658 507377 36 0 2835 0
1791277066689727 2594271636 24 475 797 1077147 0 0 80052 0 236 0 1659 507470 36 0 2837 0
1791277067196868 2594778776 24 475 876 1157907 0 0 87772 0 236 0 1659 507563 36 0 2837 0
1791277067702858 2595284766 24 475 956 1243330 0 0 95364 0 236 0 1660 507657 36 0 2838 0
1791277068205185 2595787093 24 475 1035 1326236 0 0 103084 0 236 0 1660 507752 36 0 2839 0
1791277068706194 2596288103 24 475 1114 1408178 0 0 110676 0 236 0 1660 507846 36 0 2839 0
1791277069207598 2596789507 24 475 1194 1503559 0 0 118396 0 237 0 1660 507938 36 0 2842 0
1791277069708637 2597290545 24 475 1277 1623317 0 96 126449 0 237 0 1662 508029 36 0 2844 0
1791277070210298 2597792207 24 475 1500 2211868 0 576 247790 0 237 0 1663 508123 36 0 2847 0
1791277070717936 2598299844 24 475 1733 2914343 0 576 403966 0 237 0 1664 508218 36 0 2849 0
1791277071223182 2598805090 24 475 1974 3584063 0 576 575350 0 237 0 1664 508312 36 0 2852 0
1791277071727061 2599308969 24 475 2207 4078909 0 576 745062 0 237 0 1664 508407 36 0 2855 0
1791277072229719 2599811628 25 475 2436 4773005 0 576 907182 0 238 0 1664 508499 36 0 2860 0
1791277072731460 2600313369 25 475 2657 5400709 0 576 1047790 0 238 0 1666 508591 36 0 2864 0
1791277073235407 2600817315 25 475 2861 6002410 0 576 1174166 0 238 0 1668 508686 36 0 2866 0
1791277073736025 2601317934 25 475 3067 6830084 0 576 1311814 0 238 0 1669 508782 36 0 2867 0
1791277074237442 2601819350 25 475 3290 7393560 0 576 1464542 0 238 0 1670 508875 36 0 2870 0
1791277074737926 2602319835 25 475 3527 8254014 0 576 1632838 0 238 0 1670 508967 37 0 2873 0
1791277075238354 2602820262 25 475 3762 8696593 0 576 1805638 0 238 0 1670 509061 37 0 2878 0
1791277075741497 2603323406 25 475 3988 9460179 0 576 1963126 0 238 0 1672 509149 37 0 2882 0
1791277076246332 2603828240 25 475 4202 9993141 0 576 2097454 0 238 0 1673 509237 37 0 2889 0
1791277076747710 2604329618 26 475 4407 10762123 0 576 2234742 0 238 0 1673 509332 37 0 2889 0
1791277077247947 2604829855 26 475 4626 12180513 0 576 2387598 0 239 0 1673 509425 37 0 2893 0
1791277077749586 2605331495 26 475 4861 12716844 0 576 2555766 0 239 0 1673 509523 37 0 2896 0
1791277078250497 2605832406 26 475 5097 13191581 0 576 2736414 0 239 0 1673 509620 37 0 2899 0
1791277078753771 2606335679 26 475 5308 14166042 0 576 2881422 0 239 0 1673 509702 37 0 2906 0
1791277079255489 2606837397 26 475 5495 14938535 0 576 2995550 0 239 0 1673 509788 37 0 2910 0
1791277079758438 2607340346 26 475 5689 15550859 0 576 3116342 0 239 0 1673 509884 37 0 2912 0
1791277080266778 2607848686 27 475 5902 16176694 0 576 3250670 0 239 0 1674 509977 37 0 2917 0
1791277080768209 2608350118 27 475 6117 16605810 0 576 3397350 0 239 0 1675 510070 37 0 2918 0
1791277081285060 2608866968 29 475 6343 17362258 0 576 3563742 0 239 0 1677 510161 37 0 2922 0
1791277081787766 2609369674 29 475 6591 17841771 0 576 3735590 0 239 0 1678 510256 37 0 2925 0
1791277082290550 2609872458 29 475 6772 23106571 0 576 3849718 0 240 0 1679 510309 37 0 2930 0
1791277082796492 2610378400 29 475 6999 23568025 0 576 4011942 0 240 0 1679 510402 37 0 2933 0
1791277083300183 2610882092 29 475 7237 24233003 0 576 4191046 0 240 0 1681 510499 37 0 2933 0
1791277083801588 2611383497 29 475 7459 24966029 0 576 4346862 0 240 0 1681 510589 37 0 2940 0
1791277084305421 2611887330 30 475 7667 25367847 0 576 4476558 0 240 0 1681 510687 37 0 2942 0
1791277084807520 2612389429 30 475 7865 25872336 0 576 4604807 0 240 0 1681 510784 37 0 2942 0
1791277085307823 2612889732 30 475 7980 25993951 0 960 4627378 0 241 0 1681 510874 37 0 2944 0
1791277085808020 2613389929 30 475 8059 26064678 0 960 4635098 0 242 0 1681 510967 37 0 2946 0
1791277086308872 2613890781 30 475 8138 26330020 0 960 4642690 0 242 0 1682 511062 37 0 2949 0
1791277086809645 2614391554 30 475 8218 26392919 0 960 4650642 0 242 0 1682 511156 37 0 2950 0
1791277087309930 2614891838 30 475 8298 26455221 0 960 4658234 0 242 0 1682 511252 37 0 2952 0
1791277087810251 2615392160 30 475 8377 26543456 0 960 4665954 0 242 0 1682 511349 37 0 2953 0
1791277088311019 2615892928 30 475 8991 28900613 0 26352 4700458 0 242 0 1682 511437 37 0 2965 0
1791277088811695 2616393603 31 475 10045 31198901 0 68892 4750718 0 242 0 1682 511530 37 0 2971 0
1791277089317361 2616899270 31 475 11024 34293562 0 102632 4792178 0 242 0 1683 511624 37 0 2976 0
1791277089819671 2617401580 31 475 12152 36883216 0 153672 4850810 0 242 0 1686 511717 37 0 2981 0
1791277090319933 2617901842 31 475 13273 39610289 0 204036 4908894 0 242 0 1687 511806 37 0 2990 0
1791277090820867 2618402776 31 475 14297 41879311 0 240876 4953326 0 243 0 1687 511901 37 0 2992 0
1791277091322023 2618903932 31 475 15337 43831703 0 278292 4998462 0 243 0 1687 511998 37 0 2996 0
1791277091822676 2619404585 31 475 16418 46456640 0 318528 5046418 0 244 0 1687 512090 37 0 3003 0
1791277092326769 2619908678 31 475 17471 49297330 0 357888 5093370 0 244 0 1689 512185 37 0 3006 0
1791277092827172 2620409081 31 475 18459 51240129 0 393588 5136790 0 244 0 1689 512277 37 0 3013 0
1791277093333982 2620915891 32 475 19483 53440531 0 429792 5180818 0 244 0 1690 512374 37 0 3017 0
1791277093834352 2621416261 32 475 20472 56864151 0 465860 5224606 0 244 0 1690 512469 37 0 3021 0
1791277094336482 2621918391 32 475 21655 59450301 0 520820 5287286 0 244 0 1690 512563 37 0 3027 0
1791277094837271 2622419180 32 475 22596 61145476 0 555464 5329522 0 244 0 1690 512659 37 0 3031 0
1791277095340771 2622922680 32 475 23596 63177099 0 590060 5371838 0 245 0 1691 512754 37 0 3036 0
1791277095845221 2623427130 32 475 24597 65703602 0 624332 5413830 0 245 0 1691 512849 37 0 3041 0
1791277096347516 2623929425 32 475 25619 68142851 0 660548 5457638 0 245 0 1691 512942 37 0 3048 0
1791277096847710 2624429619 32 475 26626 70623676 0 696188 5500998 0 245 0 1691 513035 37 0 3054 0
1791277097348193 2624930102 32 475 27655 72868113 0 732920 5545322 0 245 0 1692 513127 38 0 3059 0
1791277097852937 2625434846 32 475 28711 74521222 0 773232 5593482 0 245 0 1692 513223 38 0 3063 0
1791277098354385 2625936294 33 475 29738 76630134 0 810432 5638506 0 245 0 1693 513312 38 0 3072 0
1791277098856883 2626438792 33 475 30771 79298242 0 848448 5684242 0 245 0 1694 513402 38 0 3079 0
1791277099360931 2626942839 33 475 31774 81795978 0 884064 5727578 0 245 0 1696 513493 38 0 3086 0
1791277099865402 2627447311 33 475 32816 83645407 0 921600 5772706 0 245 0 1697 513587 38 0 3092 0
1791277100365983 2627947891 33 475 33850 85844287 0 959396 5818222 0 246 0 1698 513678 38 0 3097 0
1791277100874182 2628456091 33 475 34903 88407923 0 1005324 5871870 0 247 0 1698 513773 38 0 3101 0
1791277101375922 2628957830 33 475 35738 90741710 0 1035168 5909538 0 248 0 1700 513865 38 0 3107 0
1791277101877076 2629458985 33 475 36593 92987157 0 1064952 5947042 0 248 0 1701 513961 38 0 3110 0
1791277102379706 2629961615 34 475 37605 95101574 0 1100364 5990046 0 248 0 1703 514056 38 0 3115 0
1791277102886777 2630468685 34 475 38605 97099263 0 1134636 6032038 0 248 0 1704 514152 38 0 3118 0
1791277103386962 2630968870 34 475 39608 99666702 0 1169880 6075002 0 248 0 1706 514241 38 0 3127 0
1791277103888529 2631470437 34 475 40600 101854414 0 1203684 6116398 0 249 0 1706 514332 38 0 3135 0
1791277104392754 2631974663 34 475 41618 104640786 0 1237956 6158622 0 249 0 1709 514423 38 0 3141 0
1791277104894720 2632476629 34 475 42583 107742132 0 1269636 6198022 0 249 0 1710 514510 38 0 3152 0
1791277105396665 2632978574 34 475 43678 109872539 0 1314648 6250626 0 249 0 1711 514602 38 0 3158 0
1791277105897459 2633479368 34 475 44771 112203951 0 1358512 6302210 0 249 0 1714 514694 38 0 3163 0
1791277106399329 2633981238 34 475 45800 114450621 0 1395664 6346954 0 249 0 1716 514788 38 0 3169 0
1791277106899770 2634481678 34 475 46817 116916745 0 1431112 6390122 0 249 0 1717 514880 38 0 3175 0
1791277107407392 2634989300 34 475 47812 119044951 0 1465084 6431686 0 250 0 1717 514974 38 0 3180 0
1791277107907650 2635489558 34 475 48799 121572563 0 1497844 6472166 0 250 0 1717 515067 38 0 3186 0
1791277108408693 2635990602 34 475 49577 123459750 0 1515580 6507593 0 250 0 1718 515162 38 0 3190 0
1791277108909325 2636491234 35 475 49657 123543624 0 1515580 6515417 0 251 0 1719 515255 38 0 3190 0
1791277109410536 2636992444 35 475 49735 123624325 0 1515580 6522905 0 251 0 1719 515348 38 0 3192 0
1791277109915264 2637497173 35 475 49816 123706294 0 1515580 6530729 0 251 0 1719 515447 38 0 3193 0
1791277110416288 2637998196 35 475 49896 123799337 0 1515580 6538449 0 252 0 1719 515541 38 0 3194 0
1791277110918257 2638500165 35 475 49975 123889582 0 1515580 6546169 0 252 0 1720 515638 38 0 3194 0
1791277111422820 2639004729 35 475 50126 124117722 0 1516828 6575851 0 253 0 1720 515733 38 0 3196 0
1791277111923479 2639505388 35 475 51140 126388734 0 1554640 6687775 0 253 0 1721 515822 38 0 3206 0
1791277112427125 2640009033 36 475 52202 128572292 0 1589584 6773543 0 253 0 1723 515912 38 0 3213 0
1791277112930408 2640512316 36 475 53262 130700445 0 1628244 6866243 0 253 0 1724 516010 38 0 3215 0
1791277113430801 2641012709 36 475 54258 134347169 0 1671856 6971615 0 253 0 1724 516102 38 0 3223 0
1791277113932583 2641514492 36 475 55369 137027010 0 1721436 7089003 0 253 0 1725 516195 38 0 3229 0
1791277114437583 2642019492 36 475 56472 138910020 0 1765440 7219703 0 253 0 1725 516291 38 0 3233 0
1791277114939466 2642521374 36 475 57444 141475494 0 1797152 7362583 0 254 0 1726 516383 38 0 3239 0
1791277115444076 2643025984 36 475 58434 143133250 0 1825948 7520947 0 254 0 1727 516480 38 0 3241 0
1791277115949228 2643531136 36 475 59551 145877991 0 1857784 7694831 0 254 0 1728 516571 38 0 3250 0
1791277116453831 2644035739 37 475 60477 148922988 0 1884472 7860479 0 255 0 1728 516665 38 0 3254 0
1791277116954858 2644536767 37 475 61316 151069670 0 1908412 8020395 0 255 0 1728 516761 38 0 3259 0
1791277117456097 2645038005 37 475 62297 153912398 0 1936504 8152063 0 255 0 1729 516853 38 0 3264 0
1791277117957588 2645539496 37 475 63353 156501811 0 1967128 8278415 0 256 0 1730 516944 38 0 3271 0
1791277118460008 2646041916 37 475 64438 158761134 0 1999492 8420147 0 256 0 1731 517040 38 0 3275 0
1791277118960241 2646542149 37 475 65674 161898926 0 2044744 8579783 0 258 0 1731 517128 38 0 3284 0
1791277119467546 2647049454 37 475 66833 164477683 0 2084104 8728767 0 258 0 1731 517225 38 0 3287 0
1791277119967803 2647549712 37 475 68068 166750286 0 2125000 8905407 0 258 0 1732 517316 38 0 3294 0
1791277120469173 2648051082 37 475 68928 168766083 0 2150884 9067163 0 258 0 1735 517410 38 0 3299 0
1791277120969513 2648551422 38 475 69769 170953270 0 2175760 9216975 0 258 0 1736 517503 38 0 3304 0
1791277121469738 2649051647 38 475 70823 173463754 0 2207248 9342647 0 259 0 1738 517593 38 0 3311 0
1791277121977041 2649558949 38 475 71940 176379847 0 2242864 9466503 0 259 0 1739 517686 38 0 3317 0
1791277122477822 2650059730 38 475 73044 179149065 0 2278192 9608239 0 259 0 1739 517780 38 0 3322 0
1791277122984492 2650566400 39 475 74183 181502457 0 2316216 9774415 0 259 0 1742 517871 38 0 3328 0
1791277123484990 2651066898 39 475 75139 184216211 0 2351952 9942935 0 259 0 1742 517964 38 0 3332 0
1791277123993036 2651574945 39 475 75835 185809798 0 2372484 10106931 0 260 0 1742 518057 38 0 3338 0
1791277124493805 2652075713 39 475 76448 187639702 0 2389092 10267363 0 260 0 1742 518146 38 0 3348 0
1791277124997211 2652579120 39 475 77296 189868130 0 2414556 10400907 0 260 0 1743 518241 38 0 3352 0
1791277125503316 2653085224 39 475 78299 193105937 0 2445948 10538835 0 260 0 1745 518330 38 0 3362 0
1791277126005704 2653587613 40 475 79441 195677027 0 2483488 10692047 0 260 0 1746 518418 38 0 3370 0
1791277126506084 2654087993 40 475 80540 198382388 0 2518720 10849255 0 260 0 1746 518511 38 0 3375 0
1791277127007307 2654589216 40 475 81711 200897588 0 2555488 11031159 0 260 0 1747 518604 38 0 3381 0
1791277127512211 2655094119 40 475 82647 202950468 0 2584288 11192615 0 261 0 1747 518696 38 0 3389 0
1791277128014056 2655595964 40 475 83720 206252769 0 2616456 11320743 0 261 0 1748 518782 38 0 3401 0
1791277128514833 2656096742 41 475 84797 209114092 0 2649816 11440335 0 261 0 1748 518867 38 0 3414 0
1791277129015056 2656596964 41 475 85887 212451213 0 2683224 11575751 0 261 0 1749 518955 38 0 3424 0
1791277129518447 2657100355 41 475 87090 215335041 0 2725516 11718403 0 261 0 1750 519049 38 0 3430 0
1791277130019019 2657600928 41 475 88148 222683776 0 2761460 11880827 0 261 0 1751 519140 38 0 3439 0
1791277130519436 2658101345 41 475 89201 224374092 0 2795156 12048851 0 261 0 1752 519233 38 0 3443 0
1791277131021118 2658603026 41 475 90050 226271091 0 2820368 12212895 0 261 0 1752 519329 38 0 3448 0
1791277131521330 2659103239 41 475 90784 228301542 0 2840720 12372207 0 261 0 1753 519421 38 0 3454 0
1791277132022214 2659604122 41 475 91584 230118069 0 2863856 12518735 0 261 0 1754 519514 38 0 3457 0
1791277132526579 2660108488 41 475 92697 232664143 0 2897840 12646903 0 261 0 1755 519600 38 0 3470 0
1791277133028501 2660610409 42 475 93755 235353520 0 2931632 12745543 0 261 0 1755 519694 38 0 3476 0
1791277133536161 2661118070 42 475 94783 237913094 0 2964944 12848439 0 262 0 1756 519785 38 0 3484 0
1791277134038340 2661620249 42 475 95954 240523943 0 3007292 12984971 0 263 0 1757 519877 38 0 3491 0
1791277134539896 2662121804 42 475 96970 242846836 0 3041888 13133823 0 263 0 1758 519971 38 0 3496 0
1791277135040272 2662622181 42 475 98122 245831119 0 3078860 13306539 0 263 0 1759 520062 38 0 3503 0
1791277135545207 2663127115 42 475 99149 248326966 0 3110780 13471243 0 263 0 1760 520149 38 0 3513 0
1791277136045842 2663627750 42 475 100060 250338010 0 3139472 13634263 0 263 0 1761 520243 38 0 3517 0
1791277136546358 2664128267 42 475 100787 252027302 0 3159848 13763043 0 263 0 1763 520336 38 0 3521 0
1791277137053501 2664635410 42 475 100925 252188992 0 3159944 13774263 0 263 0 1763 520433 38 0 3522 0
1791277137556193 2665138101 42 475 101006 252275763 0 3159944 13782215 0 263 0 1763 520531 38 0 3523 0
1791277138058658 2665640567 43 475 101085 252495453 0 3159944 13789807 0 263 0 1763 520628 38 0 3523 0
1791277138560224 2666142132 43 475 101164 252577482 0 3159944 13797527 0 264 0 1763 520725 38 0 3523 0
1791277139066435 2666648344 43 475 101243 252662285 0 3159944 13805119 0 264 0 1763 520821 38 0 3524 0
1791277139567672 2667149580 43 475 101323 252748948 0 3159944 13812839 0 264 0 1765 520914 38 0 3524 0
1791277140072879 2667654788 43 475 101404 252837504 0 3159944 13820791 0 264 0 1766 521013 38 0 3524 0
1791277140574829 2668156738 43 475 101482 253071673 0 3159944 13828383 0 264 0 1766 521107 38 0 3527 0
1791277141081032 2668662941 43 475 101562 253184776 0 3159944 13836103 0 265 0 1767 521202 38 0 3527 0
1791277141581961 2669163869 43 475 101642 253598371 0 3159944 13843695 0 265 0 1768 521300 38 0 3527 0
1791277142083894 2669665802 43 475 101721 253677252 0 3159944 13851415 0 265 0 1768 521398 38 0 3527 0
1791277142586547 2670168456 43 475 101801 253764532 0 3159944 13859135 0 265 0 1768 521492 38 0 3529 0
1791277143088029 2670669937 44 475 101880 253820210 0 3159944 13866727 0 268 0 1768 521588 38 0 3529 0
1791277143591771 2671173680 44 475 101960 253891733 0 3159944 13874679 0 268 0 1769 521681 38 0 3530 0
1791277144092629 2671674538 44 475 102039 254004570 0 3159944 13882271 0 269 0 1770 521774 38 0 3531 0
1791277144537701 2672119610 44 475 102109 254082376 0 3159944 13889039 0 269 0 1770 521861 38 0 3531 0
