# hz=100 page_bytes=4096 possible_cpus=2
# program_id=12 jit_bytes=8483 xlated_bytes=4776
# pos:	0
# flags:	02000002
# mnt_id:	10
# ino:	26
# prog_type:	1
# prog_jited:	1
# prog_tag:	1a92932acb008231
# memlock:	8192
# prog_id:	12
# run_time_ns:	0
# run_cnt:	0
# recursion_misses:	0
# verified_insns:	199283
# map=counters type=6 key=4 value=32 max_entries=1
# pos:	0
# flags:	02000002
# mnt_id:	10
# ino:	26
# map_type:	6
# key_size:	4
# value_size:	32
# max_entries:	1
# map_flags:	0x0
# map_extra:	0x0
# memlock:	268
# map_id:	16
# frozen:	0
# map=accounting type=2 key=4 value=24 max_entries=1
# pos:	0
# flags:	02000002
# mnt_id:	10
# ino:	26
# map_type:	2
# key_size:	4
# value_size:	24
# max_entries:	1
# map_flags:	0x0
# map_extra:	0x0
# memlock:	224
# map_id:	17
# frozen:	0
# map=flows type=9 key=36 value=32 max_entries=1024
# pos:	0
# flags:	02000002
# mnt_id:	10
# ino:	26
# map_type:	9
# key_size:	36
# value_size:	32
# max_entries:	1024
# map_flags:	0x0
# map_extra:	0x0
# memlock:	107456
# map_id:	14
# frozen:	0
# map=departures type=9 key=40 value=8 max_entries=8192
# pos:	0
# flags:	02000002
# mnt_id:	10
# ino:	26
# map_type:	9
# key_size:	40
# value_size:	8
# max_entries:	8192
# map_flags:	0x0
# map_extra:	0x0
# memlock:	656320
# map_id:	13
# frozen:	0
# map=samples type=27 key=0 value=0 max_entries=262144
# pos:	0
# flags:	02000002
# mnt_id:	10
# ino:	26
# map_type:	27
# key_size:	0
# value_size:	0
# max_entries:	262144
# map_flags:	0x0
# map_extra:	0x0
# memlock:	275148
# map_id:	15
# frozen:	0
realtime_us monotonic_us daemon_ticks rss_pages runs runtime_ns ring_full ack_bytes upload_bytes unaccounted host_user host_nice host_system host_idle host_iowait host_irq host_softirq host_steal
1791250417217061 19072892245 28 463 0 0 0 0 2560 0 417 0 1935 3803711 43 0 3181 0
1791250417718555 19073393739 28 463 79 100456 0 0 10280 0 417 0 1935 3803804 43 0 3181 0
1791250418220379 19073895563 28 463 159 208910 0 0 18104 0 417 0 1935 3803899 43 0 3184 0
1791250418724345 19074399528 28 463 238 317640 0 0 25824 0 417 0 1935 3803996 43 0 3184 0
1791250419225038 19074900222 28 463 319 433815 0 0 33544 0 418 0 1935 3804094 43 0 3185 0
1791250419725305 19075400488 28 463 398 540263 0 0 41136 0 418 0 1935 3804190 43 0 3185 0
1791250420226307 19075901491 28 463 477 649768 0 0 48856 0 418 0 1935 3804286 43 0 3187 0
1791250420727212 19076402395 29 463 556 748394 0 0 56448 0 418 0 1935 3804381 43 0 3187 0
1791250421228040 19076903223 29 463 637 843690 0 0 64168 0 418 0 1935 3804473 43 0 3189 0
1791250421732520 19077407704 29 463 717 940394 0 0 71972 0 418 0 1935 3804570 43 0 3190 0
1791250422237315 19077912499 29 463 797 1033787 0 0 79564 0 418 0 1935 3804668 43 0 3190 0
1791250422740059 19078415243 29 463 878 1141264 0 0 87516 0 418 0 1935 3804760 43 0 3191 0
1791250423243197 19078918381 29 463 958 1228885 0 0 95236 0 418 0 1935 3804856 43 0 3192 0
1791250423748215 19079423398 29 463 1037 1341217 0 0 102828 0 418 0 1935 3804950 43 0 3192 0
1791250424248765 19079923949 29 463 1116 1444771 0 0 110548 0 418 0 1935 3805042 43 0 3192 0
1791250424749625 19080424809 29 463 1195 1551085 0 0 118140 0 419 0 1935 3805136 43 0 3193 0
1791250425253389 19080928572 29 463 1275 1661512 0 0 125964 0 419 0 1935 3805232 43 0 3194 0
1791250425753892 19081429075 29 463 1487 2411209 0 576 242902 0 419 0 1935 3805330 43 0 3194 0
1791250426256966 19081932150 29 463 1714 3519043 0 576 397302 0 419 0 1935 3805427 43 0 3195 0
1791250426757715 19082432899 29 463 1981 4756840 0 576 568686 0 419 0 1936 3805521 43 0 3196 0
1791250427258944 19082934128 29 463 2214 5393851 0 576 738526 0 419 0 1936 3805620 43 0 3196 0
1791250427761199 19083436382 29 463 2444 6326235 0 576 897430 0 419 0 1936 3805718 43 0 3197 0
1791250428262186 19083937370 29 463 2676 6964615 0 576 1061094 0 419 0 1936 3805812 43 0 3201 0
1791250428763522 19084438706 29 463 2903 7609087 0 576 1218686 0 419 0 1936 3805906 43 0 3204 0
1791250429263935 19084939118 30 463 3134 8178878 0 576 1374630 0 419 0 1936 3806002 43 0 3205 0
1791250429767012 19085442196 30 463 3353 8890117 0 576 1515134 0 419 0 1937 3806095 43 0 3209 0
1791250430268031 19085943215 30 463 3572 9404433 0 576 1658598 0 419 0 1937 3806190 43 0 3212 0
1791250430773023 19086448207 30 463 3799 10230550 0 576 1820718 0 419 0 1937 3806286 43 0 3213 0
1791250431274039 19086949222 31 463 4033 10974992 0 576 1995190 0 419 0 1937 3806376 43 0 3215 0
1791250431774224 19087449407 31 463 4264 11787978 0 576 2166446 0 419 0 1937 3806470 43 0 3220 0
1791250432276724 19087951908 31 463 4488 12311032 0 576 2316214 0 419 0 1937 3806571 43 0 3220 0
1791250432778462 19088453646 31 463 4702 12802199 0 576 2445910 0 420 0 1939 3806666 43 0 3222 0
1791250433284066 19088959249 31 463 4915 13378751 0 576 2586286 0 420 0 1939 3806764 43 0 3222 0
1791250433790834 19089466018 31 463 5137 15051391 0 576 2739374 0 420 0 1940 3806859 43 0 3225 0
1791250434291897 19089967080 31 463 5373 16210825 0 576 2909086 0 420 0 1942 3806948 43 0 3233 0
1791250434795087 19090470271 32 463 5608 17544590 0 576 3092822 0 420 0 1944 3807039 43 0 3239 0
1791250435295993 19090971177 32 463 5835 19057389 0 576 3253398 0 420 0 1946 3807128 43 0 3248 0
1791250435803586 19091478769 32 463 6056 20639336 0 576 3399950 0 421 0 1946 3807221 43 0 3251 0
1791250436306257 19091981441 32 463 6271 21800002 0 576 3531422 0 421 0 1947 3807319 43 0 3252 0
1791250436809060 19092484244 32 463 6482 23056412 0 576 3674886 0 421 0 1949 3807412 43 0 3255 0
1791250437310834 19092986018 33 463 6707 24930352 0 576 3833918 0 421 0 1950 3807501 43 0 3262 0
1791250437813697 19093488881 33 463 6947 26016544 0 576 4010062 0 421 0 1952 3807593 43 0 3266 0
1791250438314468 19093989652 33 463 7185 28565381 0 576 4196886 0 422 0 1953 3807686 43 0 3270 0
1791250438819363 19094494546 33 463 7411 29369496 0 576 4357462 0 422 0 1953 3807782 43 0 3273 0
1791250439319958 19094995142 33 463 7617 29918405 0 576 4470046 0 422 0 1953 3807877 43 0 3275 0
1791250439822537 19095497720 33 463 7802 30369690 0 576 4571950 0 422 0 1953 3807970 43 0 3278 0
1791250440325935 19096001119 33 463 7991 30833365 0 576 4686078 0 422 0 1953 3808066 43 0 3281 0
1791250440831656 19096506840 34 463 8112 31010302 0 864 4713644 0 422 0 1953 3808165 43 0 3282 0
1791250441333053 19097008237 34 463 8190 31111580 0 864 4721364 0 422 0 1953 3808261 43 0 3284 0
1791250441834257 19097509441 34 463 8270 31385459 0 864 4728956 0 422 0 1953 3808356 43 0 3284 0
1791250442335039 19098010222 35 463 8349 31510256 0 864 4736676 0 422 0 1953 3808452 43 0 3285 0
1791250442835284 19098510467 35 463 8428 31596065 0 864 4744268 0 422 0 1953 3808550 43 0 3285 0
1791250443335675 19099010858 35 463 8508 31727347 0 864 4751988 0 422 0 1953 3808647 43 0 3287 0
1791250443836767 19099511951 35 463 8773 32353208 0 9628 4769992 0 422 0 1954 3808741 43 0 3289 0
1791250444337321 19100012504 35 463 9182 33996531 0 26756 4794712 0 422 0 1955 3808832 43 0 3297 0
1791250444841481 19100516665 35 463 9577 35378115 0 42264 4817940 0 422 0 1955 3808928 43 0 3300 0
1791250445343796 19101018979 35 463 9978 36712841 0 57788 4841416 0 422 0 1955 3809024 43 0 3303 0
1791250445844294 19101519478 35 463 10386 37676682 0 73200 4864420 0 423 0 1955 3809118 43 0 3304 0
1791250446344546 19102019730 35 463 10832 38614291 0 90804 4889744 0 423 0 1955 3809216 43 0 3305 0
1791250446845089 19102520272 36 463 11318 39734478 0 109944 4916476 0 423 0 1955 3809311 43 0 3310 0
1791250447349199 19103024383 36 463 11840 41083612 0 131128 4945380 0 423 0 1956 3809409 43 0 3311 0
1791250447853655 19103528839 36 463 12398 43012147 0 153088 4974932 0 423 0 1957 3809507 43 0 3312 0
1791250448354099 19104029283 36 463 13007 44767116 0 178444 5008008 0 423 0 1957 3809606 43 0 3312 0
1791250448854787 19104529970 36 463 13658 46469489 0 204280 5041436 0 423 0 1957 3809703 43 0 3314 0
1791250449355441 19105030624 36 463 14323 47860383 0 231356 5076232 0 423 0 1959 3809800 43 0 3315 0
1791250449855661 19105530845 36 463 14995 49646878 0 257324 5109920 0 424 0 1959 3809897 43 0 3317 0
1791250450355946 19106031130 36 463 15765 51583208 0 287636 5147824 0 424 0 1960 3809990 43 0 3324 0
1791250450859331 19106534515 36 463 16563 54034365 0 318480 5186388 0 425 0 1961 3810081 43 0 3328 0
1791250451362446 19107037629 37 463 17433 56318942 0 351848 5227708 0 425 0 1962 3810174 43 0 3335 0
1791250451863533 19107538717 37 463 18253 58771522 0 383416 5266868 0 425 0 1964 3810265 43 0 3341 0
1791250452368187 19108043370 37 463 19075 60834726 0 412648 5303820 0 425 0 1966 3810360 43 0 3345 0
1791250452871556 19108546739 37 463 20012 62786532 0 445216 5343980 0 425 0 1966 3810455 43 0 3351 0
1791250453374439 19109049622 37 463 21136 65442331 0 488164 5394648 0 425 0 1966 3810547 43 0 3359 0
1791250453874735 19109549919 37 463 22194 68085169 0 526072 5440148 0 425 0 1967 3810636 43 0 3369 0
1791250454377669 19110052852 38 463 23173 70260908 0 560152 5481948 0 425 0 1968 3810727 43 0 3376 0
1791250454879047 19110554230 38 463 24186 72880804 0 596056 5525444 0 425 0 1968 3810817 43 0 3385 0
1791250455382899 19111058082 38 463 25224 75947201 0 633460 5570568 0 425 0 1968 3810908 43 0 3393 0
1791250455889546 19111564730 38 463 26226 79032387 0 668356 5613416 0 425 0 1968 3811002 43 0 3401 0
1791250456392301 19112067485 38 463 27344 81958550 0 713668 5666448 0 426 0 1968 3811093 43 0 3409 0
1791250456893453 19112568637 38 463 28439 84376297 0 760676 5721048 0 426 0 1968 3811181 43 0 3420 0
1791250457395784 19113070968 38 463 29507 87168176 0 799904 5767868 0 426 0 1971 3811272 43 0 3427 0
1791250457900050 19113575233 38 463 30558 89710419 0 839072 5814756 0 426 0 1971 3811363 43 0 3436 0
1791250458402478 19114077662 39 463 31669 92894884 0 881900 5865536 0 426 0 1972 3811451 43 0 3446 0
1791250458903723 19114578906 39 463 32784 95311033 0 924584 5915812 0 426 0 1973 3811542 43 0 3454 0
1791250459403953 19115079136 39 463 33850 97867224 0 963944 5962892 0 427 0 1974 3811629 43 0 3465 0
1791250459904473 19115579656 39 463 34920 100851124 0 1004096 6010764 0 428 0 1977 3811717 43 0 3472 0
1791250460408044 19116083228 39 463 36021 103293979 0 1049384 6063772 0 428 0 1978 3811811 43 0 3478 0
1791250460909050 19116584234 39 463 37037 105958416 0 1085552 6107660 0 428 0 1979 3811901 43 0 3486 0
1791250461409502 19117084686 39 463 38079 108678371 0 1123052 6152752 0 429 0 1980 3811991 43 0 3492 0
1791250461914426 19117589609 40 463 39130 112045580 0 1159916 6197336 0 429 0 1981 3812082 43 0 3499 0
1791250462415803 19118090987 40 463 40192 114449720 0 1198412 6243552 0 429 0 1982 3812177 43 0 3504 0
1791250462924475 19118599658 40 463 41239 116877041 0 1235600 6288332 0 429 0 1986 3812268 43 0 3508 0
1791250463426507 19119101690 40 463 42224 123403624 0 1269980 6330664 0 429 0 1988 3812355 43 0 3520 0
1791250463934028 19119609212 40 463 43017 125995683 0 1296036 6372456 0 429 0 1988 3812443 43 0 3531 0
1791250464437639 19120112822 40 463 43096 126191045 0 1296036 6380048 0 429 0 1990 3812539 43 0 3532 0
1791250464940505 19120615688 40 463 43176 126368573 0 1296036 6387768 0 431 0 1991 3812631 43 0 3533 0
1791250465443446 19121118630 40 463 43257 126546535 0 1296036 6395720 0 431 0 1991 3812726 43 0 3534 0
1791250465947473 19121622657 41 463 43336 126714842 0 1296036 6403312 0 431 0 1991 3812821 43 0 3537 0
1791250466453592 19122128775 41 463 43416 126891027 0 1296036 6411032 0 431 0 1991 3812915 43 0 3540 0
1791250466954731 19122629914 41 463 43627 127896835 0 1299792 6452614 0 432 0 1993 3813007 43 0 3544 0
1791250467459721 19123134905 41 463 44585 132308558 0 1335216 6558934 0 432 0 1996 3813096 43 0 3552 0
1791250467960818 19123636001 42 463 45570 136183956 0 1360472 6667798 0 432 0 1997 3813179 43 0 3565 0
1791250468461510 19124136694 42 463 46699 139168352 0 1404016 6808254 0 432 0 1999 3813268 43 0 3573 0
1791250468962295 19124637479 42 463 47950 142353060 0 1453300 6957898 0 432 0 1999 3813356 43 0 3585 0
1791250469466762 19125141945 42 463 49147 144951329 0 1495804 7111570 0 433 0 2000 3813443 43 0 3596 0
1791250469967902 19125643086 42 463 50232 146614010 0 1531588 7286418 0 433 0 2002 3813530 43 0 3605 0
1791250470468853 19126144036 43 463 51046 148350539 0 1557124 7450914 0 433 0 2002 3813622 43 0 3613 0
1791250470969653 19126644837 43 463 51716 149876478 0 1576936 7611102 0 433 0 2002 3813714 43 0 3619 0
1791250471472513 19127147697 43 463 52356 151221609 0 1594216 7771974 0 433 0 2003 3813805 43 0 3624 0
1791250471973062 19127648246 43 463 52944 152589741 0 1609492 7929170 0 433 0 2004 3813898 43 0 3629 0
1791250472475233 19128150417 43 463 53604 154249304 0 1627456 8069110 0 433 0 2005 3813992 43 0 3634 0
1791250472982611 19128657794 43 463 54641 155984081 0 1663748 8208850 0 433 0 2005 3814086 43 0 3640 0
1791250473483253 19129158437 43 463 55670 158122599 0 1698728 8357958 0 435 0 2005 3814176 43 0 3646 0
1791250473984244 19129659428 43 463 56744 160368905 0 1733900 8525914 0 435 0 2006 3814267 43 0 3652 0
1791250474486916 19130162099 43 463 57753 162325648 0 1765772 8695434 0 435 0 2008 3814362 43 0 3657 0
1791250474991155 19130666338 44 463 58597 164612885 0 1792328 8857734 0 435 0 2011 3814454 43 0 3662 0
1791250475495386 19131170570 44 463 59385 167476294 0 1816352 9020590 0 435 0 2011 3814544 43 0 3672 0
1791250475998303 19131673487 44 463 60083 169220542 0 1837004 9178658 0 435 0 2011 3814641 43 0 3676 0
1791250476501054 19132176238 44 463 60777 171615012 0 1856900 9337514 0 435 0 2013 3814734 43 0 3678 0
1791250477001792 19132676976 44 463 61567 173426479 0 1881920 9479750 0 435 0 2013 3814829 43 0 3683 0
1791250477504367 19133179551 44 463 62563 175138914 0 1920524 9625122 0 436 0 2013 3814925 43 0 3685 0
1791250478004678 19133679862 44 463 63437 177226575 0 1948460 9784170 0 436 0 2013 3815021 43 0 3688 0
1791250478511772 19134186956 45 463 64113 178745521 0 1967876 9955026 0 436 0 2013 3815112 43 0 3695 0
1791250479012181 19134687365 45 463 64696 180675227 0 1983740 10117442 0 436 0 2013 3815207 43 0 3697 0
1791250479513482 19135188666 45 463 65240 181980248 0 1997468 10277850 0 436 0 2014 3815305 43 0 3698 0
1791250480014257 19135689441 45 463 65772 183044702 0 2011100 10438162 0 436 0 2014 3815402 43 0 3699 0
1791250480515301 19136190484 45 463 66288 184607917 0 2023616 10589510 0 436 0 2014 3815498 43 0 3702 0
1791250481016903 19136692087 45 463 66968 186002254 0 2044004 10731874 0 436 0 2016 3815595 43 0 3703 0
1791250481524177 19137199360 45 463 67854 188247405 0 2076708 10881922 0 436 0 2017 3815689 43 0 3707 0
1791250482025744 19137700928 46 463 68669 189484215 0 2105088 11038558 0 436 0 2017 3815783 43 0 3712 0
1791250482526352 19138201536 46 463 69299 191256194 0 2123280 11208062 0 436 0 2018 3815877 43 0 3717 0
1791250483031458 19138706641 46 463 69830 192950054 0 2137480 11370358 0 437 0 2018 3815973 43 0 3721 0
1791250483534604 19139209788 46 463 70294 193999887 0 2148520 11531166 0 437 0 2018 3816067 43 0 3726 0
1791250484035332 19139710516 46 463 70740 194954153 0 2158120 11693622 0 437 0 2019 3816163 43 0 3729 0
1791250484537557 19140212741 46 463 71206 196337489 0 2168680 11852278 0 437 0 2019 3816259 43 0 3732 0
1791250485044147 19140719331 46 463 71700 197469623 0 2180296 12004398 0 437 0 2019 3816354 43 0 3737 0
1791250485544645 19141219829 47 463 72361 198860008 0 2201604 12136874 0 437 0 2019 3816453 43 0 3738 0
1791250486049256 19141724440 48 463 73039 200525768 0 2226192 12275822 0 438 0 2020 3816546 43 0 3743 0
1791250486553742 19142228926 48 463 73765 202891928 0 2251028 12430354 0 439 0 2021 3816639 43 0 3748 0
1791250487054358 19142729542 48 463 74443 203891435 0 2272296 12604478 0 439 0 2021 3816737 43 0 3750 0
1791250487555421 19143230604 48 463 74972 205748492 0 2286396 12771306 0 439 0 2022 3816830 43 0 3756 0
1791250488062763 19143737947 48 463 75428 206708706 0 2297424 12932102 0 439 0 2022 3816927 43 0 3759 0
1791250488563628 19144238812 48 463 75867 207728610 0 2306916 13095866 0 439 0 2022 3817019 43 0 3766 0
1791250489063907 19144739091 48 463 76310 209193037 0 2316936 13254342 0 439 0 2022 3817110 43 0 3772 0
1791250489564055 19145239239 48 463 76768 210278751 0 2327880 13398070 0 439 0 2022 3817203 43 0 3776 0
1791250490064362 19145739546 48 463 77419 211957524 0 2349312 13538262 0 439 0 2022 3817298 43 0 3781 0
1791250490564799 19146239983 49 463 78068 213233071 0 2371184 13684966 0 439 0 2023 3817392 43 0 3786 0
1791250491065051 19146740235 49 463 78725 215211582 0 2391376 13852070 0 439 0 2023 3817492 43 0 3787 0
1791250491565420 19147240603 49 463 79282 217111922 0 2407516 14019394 0 439 0 2024 3817588 43 0 3791 0
1791250492068492 19147743676 49 463 79858 218642737 0 2420992 14150367 0 439 0 2026 3817684 43 0 3791 0
1791250492573639 19148248823 49 463 79960 218919490 0 2421088 14160031 0 439 0 2026 3817782 43 0 3792 0
1791250493074048 19148749232 49 463 80039 219037089 0 2421088 14167623 0 439 0 2026 3817877 43 0 3794 0
1791250493578017 19149253200 49 463 80118 219203231 0 2421088 14175343 0 439 0 2026 3817972 43 0 3795 0
1791250494081767 19149756950 49 463 80199 219525152 0 2421088 14183167 0 440 0 2027 3818068 43 0 3796 0
1791250494582147 19150257331 49 463 80277 219882960 0 2421088 14190887 0 440 0 2028 3818161 43 0 3798 0
1791250495084432 19150759615 49 463 80357 220070930 0 2421088 14198479 0 440 0 2029 3818256 43 0 3800 0
1791250495585480 19151260664 49 463 80437 220221044 0 2421088 14206199 0 440 0 2030 3818345 43 0 3806 0
1791250496085890 19151761074 50 463 80516 220431754 0 2421088 14213919 0 440 0 2030 3818435 43 0 3809 0
1791250496588361 19152263545 50 463 80595 220597996 0 2421088 14221511 0 440 0 2030 3818526 43 0 3813 0
1791250497091039 19152766222 50 463 80674 221379102 0 2421088 14229231 0 440 0 2030 3818623 43 0 3813 0
1791250497592851 19153268034 50 463 80753 221544917 0 2421088 14236823 0 440 0 2030 3818715 43 0 3814 0
1791250498094872 19153770055 50 463 80833 221755051 0 2421088 14244543 0 441 0 2030 3818811 43 0 3816 0
1791250498595058 19154270242 50 463 80912 221859653 0 2421088 14252263 0 441 0 2031 3818909 43 0 3817 0
1791250499096119 19154771303 50 463 80991 221927676 0 2421088 14259855 0 442 0 2031 3819003 43 0 3817 0
1791250499597963 19155273147 50 463 81070 222020455 0 2421088 14267575 0 442 0 2031 3819098 43 0 3818 0
1791250500054065 19155729248 50 463 81143 222097094 0 2421088 14274575 0 442 0 2031 3819183 43 0 3818 0
