# hz=100 page_bytes=4096 possible_cpus=2
# program_id=76 jit_bytes=8483 xlated_bytes=4776
# pos:	0
# flags:	02000002
# mnt_id:	10
# ino:	26
# prog_type:	1
# prog_jited:	1
# prog_tag:	1a92932acb008231
# memlock:	8192
# prog_id:	76
# run_time_ns:	0
# run_cnt:	0
# recursion_misses:	0
# verified_insns:	199283
# map=counters type=6 key=4 value=32 max_entries=1
# pos:	0
# flags:	02000002
# mnt_id:	10
# ino:	26
# map_type:	6
# key_size:	4
# value_size:	32
# max_entries:	1
# map_flags:	0x0
# map_extra:	0x0
# memlock:	268
# map_id:	110
# frozen:	0
# map=accounting type=2 key=4 value=24 max_entries=1
# pos:	0
# flags:	02000002
# mnt_id:	10
# ino:	26
# map_type:	2
# key_size:	4
# value_size:	24
# max_entries:	1
# map_flags:	0x0
# map_extra:	0x0
# memlock:	224
# map_id:	111
# frozen:	0
# map=flows type=9 key=36 value=32 max_entries=1024
# pos:	0
# flags:	02000002
# mnt_id:	10
# ino:	26
# map_type:	9
# key_size:	36
# value_size:	32
# max_entries:	1024
# map_flags:	0x0
# map_extra:	0x0
# memlock:	107456
# map_id:	108
# frozen:	0
# map=departures type=9 key=40 value=8 max_entries=8192
# pos:	0
# flags:	02000002
# mnt_id:	10
# ino:	26
# map_type:	9
# key_size:	40
# value_size:	8
# max_entries:	8192
# map_flags:	0x0
# map_extra:	0x0
# memlock:	656320
# map_id:	107
# frozen:	0
# map=samples type=27 key=0 value=0 max_entries=262144
# pos:	0
# flags:	02000002
# mnt_id:	10
# ino:	26
# map_type:	27
# key_size:	0
# value_size:	0
# max_entries:	262144
# map_flags:	0x0
# map_extra:	0x0
# memlock:	275148
# map_id:	109
# frozen:	0
realtime_us monotonic_us daemon_ticks rss_pages runs runtime_ns ring_full ack_bytes upload_bytes unaccounted host_user host_nice host_system host_idle host_iowait host_irq host_softirq host_steal
1791255042792892 23698468076 29 463 0 0 0 0 2560 0 1459 0 5988 4700575 55 0 18407 0
1791255043297451 23698972635 29 463 79 97413 0 0 10280 0 1459 0 5988 4700669 55 0 18410 0
1791255043799427 23699474611 29 463 159 194896 0 0 18232 0 1459 0 5988 4700763 55 0 18412 0
1791255044301091 23699976275 29 463 239 308989 0 0 25824 0 1459 0 5988 4700856 55 0 18414 0
1791255044805956 23700481140 29 463 319 409205 0 0 33544 0 1459 0 5990 4700951 55 0 18415 0
1791255045306717 23700981901 29 463 398 501286 0 0 41136 0 1459 0 5990 4701043 55 0 18417 0
1791255045808218 23701483402 29 463 477 794891 0 0 48856 0 1459 0 5991 4701134 55 0 18419 0
1791255046313085 23701988268 29 463 556 896264 0 0 56448 0 1459 0 5991 4701229 55 0 18420 0
1791255046814969 23702490153 29 463 635 1033897 0 0 64168 0 1460 0 5991 4701320 55 0 18420 0
1791255047317031 23702992215 29 463 717 1137973 0 0 72076 0 1460 0 5991 4701416 55 0 18420 0
1791255047817823 23703493007 29 463 798 1250549 0 0 79796 0 1460 0 5991 4701511 55 0 18421 0
1791255048321992 23703997176 29 463 877 1349652 0 0 87516 0 1461 0 5992 4701601 55 0 18426 0
1791255048823703 23704498887 29 463 956 1459695 0 0 95108 0 1461 0 5994 4701695 55 0 18427 0
1791255049325731 23705000914 29 463 1036 1585208 0 0 102828 0 1461 0 5996 4701793 55 0 18429 0
1791255049826604 23705501788 29 463 1115 1683068 0 0 110548 0 1461 0 5997 4701886 55 0 18430 0
1791255050333354 23706008536 29 463 1194 1782810 0 0 118140 0 1461 0 5999 4701981 55 0 18433 0
1791255050834101 23706509285 30 463 1277 1891332 0 96 126193 0 1461 0 5999 4702078 55 0 18434 0
1791255051339221 23707014405 30 463 1490 2632501 0 576 247534 0 1461 0 6000 4702174 55 0 18436 0
1791255051841693 23707516877 30 463 1714 3342170 0 576 402166 0 1461 0 6000 4702271 55 0 18437 0
1791255052343949 23708019133 30 463 1950 4088572 0 576 574966 0 1461 0 6002 4702366 55 0 18439 0
1791255052846561 23708521744 30 463 2194 4903862 0 576 757158 0 1461 0 6003 4702465 55 0 18440 0
1791255053347404 23709022588 31 463 2415 5596077 0 576 911430 0 1462 0 6005 4702554 55 0 18444 0
1791255053848173 23709523356 31 463 2618 6363451 0 576 1028774 0 1462 0 6005 4702648 55 0 18448 0
1791255054348757 23710023941 31 463 2811 6808473 0 576 1139942 0 1462 0 6005 4702739 55 0 18452 0
1791255054850440 23710525624 31 463 3008 7376146 0 576 1263334 0 1462 0 6005 4702830 55 0 18459 0
1791255055354027 23711029210 31 463 3218 7833439 0 576 1399206 0 1462 0 6005 4702930 55 0 18459 0
1791255055857179 23711532362 31 463 3435 8315389 0 576 1548846 0 1462 0 6009 4703021 55 0 18464 0
1791255056360262 23712035445 31 463 3673 8844187 0 576 1715830 0 1462 0 6009 4703117 55 0 18467 0
1791255056862465 23712537648 31 463 3911 9914261 0 576 1882582 0 1462 0 6009 4703216 55 0 18468 0
1791255057365671 23713040854 31 463 4146 10817878 0 576 2047662 0 1462 0 6009 4703313 55 0 18470 0
1791255057866082 23713541265 32 463 4373 11517244 0 576 2205150 0 1463 0 6009 4703409 55 0 18471 0
1791255058368832 23714044015 32 463 4586 12453387 0 576 2339350 0 1464 0 6011 4703499 55 0 18474 0
1791255058872615 23714547799 32 463 4792 13554616 0 576 2476766 0 1464 0 6012 4703594 55 0 18475 0
1791255059373902 23715049086 32 463 5012 14363691 0 576 2624990 0 1464 0 6012 4703691 55 0 18478 0
1791255059876782 23715551965 32 463 5253 15258979 0 576 2793286 0 1464 0 6013 4703791 55 0 18478 0
1791255060377879 23716053063 32 463 5489 16306282 0 576 2966086 0 1464 0 6014 4703884 55 0 18479 0
1791255060879093 23716554277 32 463 5720 17240710 0 576 3126662 0 1464 0 6015 4703980 55 0 18482 0
1791255061380400 23717055584 32 463 5931 17867838 0 576 3259678 0 1464 0 6016 4704070 55 0 18486 0
1791255061882990 23717558173 33 463 6133 18456161 0 576 3393878 0 1464 0 6016 4704167 55 0 18487 0
1791255062386897 23718062081 33 463 6351 18987898 0 576 3542230 0 1464 0 6017 4704262 55 0 18490 0
1791255062887754 23718562938 33 463 6581 19579716 0 576 3705894 0 1464 0 6018 4704358 55 0 18492 0
1791255063388594 23719063778 33 463 6819 20250701 0 576 3884870 0 1464 0 6018 4704453 55 0 18494 0
1791255063889174 23719564358 33 463 7044 21122065 0 576 4048534 0 1464 0 6019 4704548 55 0 18497 0
1791255064389925 23720065108 33 463 7247 21838212 0 576 4170254 0 1464 0 6019 4704644 55 0 18500 0
1791255064892174 23720567358 33 463 7438 22277395 0 576 4283094 0 1464 0 6021 4704740 55 0 18500 0
1791255065392584 23721067767 33 463 7633 22788727 0 576 4405070 0 1464 0 6021 4704836 55 0 18501 0
1791255065894044 23721569228 33 463 7837 23814921 0 576 4540814 0 1464 0 6021 4704925 55 0 18505 0
1791255066394732 23722069916 33 463 7968 24009173 0 960 4574420 0 1464 0 6022 4705015 55 0 18508 0
1791255066896524 23722571707 34 463 8049 24115967 0 960 4582244 0 1464 0 6023 4705111 55 0 18508 0
1791255067402240 23723077423 34 463 8130 24213417 0 960 4589964 0 1465 0 6023 4705207 55 0 18508 0
1791255067903024 23723578208 34 463 8209 24581999 0 960 4597684 0 1466 0 6027 4705300 55 0 18509 0
1791255068404196 23724079379 34 463 8287 24683669 0 960 4605276 0 1466 0 6027 4705396 55 0 18511 0
1791255068907715 23724582898 34 463 8367 24780483 0 960 4612996 0 1467 0 6027 4705492 55 0 18512 0
1791255069408969 23725084153 34 463 8860 25478026 0 21132 4642280 0 1467 0 6028 4705584 55 0 18516 0
1791255069913427 23725588610 34 463 9831 27836442 0 60396 4689136 0 1467 0 6029 4705680 55 0 18519 0
1791255070414900 23726090083 34 463 10954 30618395 0 106476 4742936 0 1468 0 6030 4705771 55 0 18525 0
1791255070924632 23726599815 34 463 12034 34024840 0 149388 4793800 0 1469 0 6032 4705859 55 0 18535 0
1791255071431216 23727106400 34 463 13167 36837822 0 194124 4846128 0 1469 0 6033 4705953 55 0 18541 0
1791255071931764 23727606947 34 463 14273 39611525 0 238668 4898392 0 1469 0 6034 4706049 55 0 18545 0
1791255072433878 23728109062 34 463 15610 42124448 0 298972 4966416 0 1469 0 6035 4706141 55 0 18550 0
1791255072940907 23728616091 36 463 16539 44242697 0 334224 5009492 0 1469 0 6036 4706241 55 0 18551 0
1791255073443698 23729118882 36 463 17548 46802305 0 370536 5053524 0 1469 0 6036 4706333 55 0 18558 0
1791255073944123 23729619307 36 463 18626 49662581 0 410532 5101240 0 1469 0 6037 4706422 55 0 18566 0
1791255074445414 23730120598 36 463 19663 51847376 0 448188 5146488 0 1469 0 6039 4706513 55 0 18573 0
1791255074950836 23730626020 36 463 20680 53944216 0 485256 5191276 0 1469 0 6040 4706605 55 0 18578 0
1791255075452226 23731127410 36 463 21670 55406389 0 520440 5234180 0 1469 0 6042 4706692 55 0 18588 0
1791255075954344 23731629528 36 463 22744 57269745 0 558820 5280152 0 1469 0 6043 4706787 55 0 18592 0
1791255076456082 23732131266 36 463 23793 59400898 0 600204 5329488 0 1469 0 6044 4706879 55 0 18601 0
1791255076958354 23732633538 36 463 24795 61527587 0 635904 5372780 0 1469 0 6046 4706970 55 0 18608 0
1791255077464558 23733139741 36 463 25804 64553449 0 670260 5414856 0 1471 0 6048 4707055 55 0 18619 0
1791255077965119 23733640303 36 463 26845 67070856 0 706788 5458976 0 1472 0 6052 4707141 55 0 18628 0
1791255078466667 23734141851 36 463 27869 71073219 0 742944 5502852 0 1472 0 6054 4707227 55 0 18641 0
1791255078967219 23734642403 36 463 28895 73847563 0 778656 5546284 0 1472 0 6057 4707318 55 0 18647 0
1791255079473687 23735148870 36 463 29859 75966818 0 811104 5586324 0 1472 0 6057 4707406 55 0 18659 0
1791255079974704 23735649887 36 463 30919 79118628 0 850480 5633420 0 1472 0 6058 4707494 55 0 18668 0
1791255080477518 23736152701 36 463 31896 81815038 0 890336 5681228 0 1473 0 6058 4707588 55 0 18673 0
1791255080979524 23736654708 36 463 32865 85036477 0 926360 5724844 0 1473 0 6059 4707680 55 0 18678 0
1791255081480220 23737155404 37 463 33755 88217185 0 957728 5764060 0 1473 0 6059 4707769 55 0 18687 0
1791255081982861 23737658045 37 463 34791 90625381 0 994160 5807956 0 1473 0 6059 4707862 55 0 18694 0
1791255082484876 23738160060 38 463 35797 93319693 0 1029032 5850548 0 1473 0 6060 4707952 55 0 18703 0
1791255082985592 23738660776 38 463 36840 96599153 0 1066172 5895536 0 1474 0 6060 4708039 55 0 18715 0
1791255083486246 23739161429 38 463 37857 100252820 0 1102028 5938984 0 1474 0 6060 4708130 55 0 18723 0
1791255083988692 23739663876 38 463 38879 102085568 0 1137932 5982608 0 1474 0 6061 4708220 55 0 18732 0
1791255084490950 23740166134 38 463 39911 104551096 0 1174028 6026296 0 1474 0 6061 4708310 55 0 18742 0
1791255084995048 23740670231 38 463 41029 107953757 0 1221208 6081196 0 1474 0 6061 4708402 55 0 18750 0
1791255085496315 23741171498 38 463 41947 110759173 0 1254828 6122640 0 1474 0 6063 4708494 55 0 18758 0
1791255085996968 23741672152 39 463 42918 112901838 0 1287984 6163516 0 1474 0 6063 4708582 55 0 18769 0
1791255086497362 23742172545 39 463 43924 115574707 0 1322844 6205968 0 1474 0 6066 4708672 55 0 18775 0
1791255087003346 23742678529 39 463 44949 117772967 0 1358376 6249220 0 1474 0 6066 4708766 55 0 18782 0
1791255087504863 23743180046 39 463 45935 123002968 0 1392012 6290576 0 1474 0 6066 4708856 55 0 18791 0
1791255088005932 23743681116 39 463 46930 125498070 0 1425372 6331528 0 1474 0 6066 4708947 55 0 18802 0
1791255088506258 23744181442 39 463 47896 128106548 0 1457832 6371708 0 1475 0 6066 4709032 55 0 18815 0
1791255089006599 23744681783 39 463 48910 131403376 0 1492296 6413764 0 1475 0 6068 4709124 55 0 18820 0
1791255089510306 23745185489 40 463 49764 133591293 0 1513668 6452755 0 1475 0 6069 4709216 55 0 18826 0
1791255090012842 23745688026 40 463 49843 133679985 0 1513668 6460475 0 1475 0 6069 4709311 55 0 18827 0
1791255090514089 23746189273 40 463 49922 133756233 0 1513668 6468067 0 1476 0 6070 4709402 55 0 18831 0
1791255091014287 23746689471 40 463 50001 133852929 0 1513668 6475787 0 1476 0 6070 4709499 55 0 18831 0
1791255091519379 23747194563 40 463 50082 134005081 0 1513668 6483611 0 1477 0 6074 4709590 55 0 18834 0
1791255092022750 23747697933 40 463 50161 134194020 0 1513668 6491331 0 1477 0 6074 4709686 55 0 18836 0
1791255092524895 23748200079 40 463 50289 134424442 0 1514724 6508099 0 1478 0 6075 4709776 55 0 18840 0
1791255093026126 23748701310 40 463 51137 135663395 0 1543548 6651549 0 1478 0 6076 4709872 55 0 18843 0
1791255093526458 23749201642 41 463 52158 138340160 0 1578012 6809405 0 1479 0 6078 4709957 55 0 18853 0
1791255094033406 23749708589 41 463 53435 141008113 0 1622460 6982005 0 1479 0 6079 4710052 55 0 18858 0
1791255094533987 23750209170 41 463 54475 142812636 0 1658268 7145965 0 1479 0 6079 4710141 55 0 18867 0
1791255095038673 23750713856 41 463 55415 145387615 0 1689852 7307117 0 1479 0 6080 4710234 55 0 18875 0
1791255095539501 23751214685 41 463 56499 148230202 0 1725348 7432397 0 1479 0 6080 4710328 55 0 18881 0
1791255096041129 23751716313 41 463 57598 152778411 0 1762692 7550029 0 1479 0 6080 4710423 55 0 18886 0
1791255096541778 23752216962 41 463 58717 156338935 0 1804352 7684201 0 1479 0 6080 4710511 55 0 18895 0
1791255097042847 23752718030 42 463 59740 158812772 0 1842544 7832017 0 1479 0 6082 4710604 55 0 18897 0
1791255097544729 23753219913 42 463 60686 161098416 0 1871872 7998633 0 1479 0 6083 4710699 55 0 18901 0
1791255098045061 23753720244 42 463 61498 163122255 0 1896856 8174929 0 1479 0 6083 4710791 55 0 18908 0
1791255098546225 23754221409 42 463 62056 165509785 0 1912840 8328201 0 1479 0 6084 4710883 55 0 18913 0
1791255099046472 23754721655 42 463 62790 168210642 0 1933696 8463313 0 1479 0 6085 4710974 55 0 18920 0
1791255099546835 23755222019 42 463 63802 171746492 0 1963936 8601505 0 1480 0 6087 4711058 55 0 18932 0
1791255100047588 23755722771 43 463 64920 173699666 0 2000992 8755905 0 1481 0 6087 4711150 55 0 18939 0
1791255100550518 23756225702 43 463 66006 176248392 0 2036128 8885225 0 1481 0 6089 4711237 55 0 18946 0
1791255101051142 23756726325 43 463 67060 178480973 0 2070784 9021657 0 1481 0 6090 4711327 55 0 18955 0
1791255101553521 23757228703 43 463 68159 182156418 0 2107172 9197005 0 1481 0 6091 4711406 55 0 18975 0
1791255102060264 23757735447 43 463 68796 184434158 0 2126204 9367221 0 1481 0 6091 4711501 55 0 18979 0
1791255102560951 23758236134 43 463 69337 186591178 0 2140968 9507281 0 1481 0 6091 4711591 55 0 18986 0
1791255103061585 23758736769 44 463 70188 188288944 0 2166504 9630089 0 1481 0 6092 4711683 55 0 18993 0
1791255103562717 23759237901 44 463 71271 190529238 0 2202024 9758121 0 1481 0 6093 4711776 55 0 18998 0
1791255104063376 23759738560 44 463 72409 193478863 0 2238984 9907793 0 1481 0 6095 4711864 55 0 19006 0
1791255104565726 23760240910 44 463 73570 197815190 0 2276520 10071809 0 1481 0 6095 4711952 55 0 19019 0
1791255105066737 23760741921 44 463 74731 199918610 0 2313672 10235569 0 1481 0 6095 4712042 55 0 19027 0
1791255105571282 23761246465 44 463 75752 202695231 0 2349640 10407281 0 1481 0 6095 4712133 55 0 19035 0
1791255106072203 23761747387 44 463 76441 203888377 0 2369836 10563349 0 1481 0 6095 4712225 55 0 19042 0
1791255106573328 23762248512 44 463 77318 205828738 0 2399216 10685241 0 1481 0 6096 4712317 55 0 19047 0
1791255107074004 23762749188 45 463 78290 209218517 0 2432624 10812833 0 1482 0 6097 4712406 55 0 19055 0
1791255107574621 23763249805 45 463 79373 211536919 0 2467712 10954329 0 1482 0 6097 4712500 55 0 19060 0
1791255108077631 23763752815 45 463 80498 214860231 0 2504720 11093241 0 1482 0 6098 4712594 55 0 19065 0
1791255108579133 23764254317 45 463 81660 218124007 0 2542640 11251593 0 1483 0 6100 4712684 55 0 19072 0
1791255109081968 23764757152 46 463 82826 221725625 0 2579312 11430417 0 1483 0 6101 4712770 55 0 19085 0
1791255109584148 23765259332 46 463 83751 224504819 0 2607644 11591661 0 1483 0 6101 4712864 55 0 19090 0
1791255110084893 23765760076 46 463 84782 227127677 0 2639324 11719069 0 1483 0 6103 4712954 55 0 19095 0
1791255110586536 23766261719 46 463 85882 231691817 0 2673896 11836761 0 1483 0 6104 4713048 55 0 19100 0
1791255111087511 23766762695 46 463 87069 234674745 0 2719608 11964433 0 1483 0 6105 4713137 55 0 19107 0
1791255111588321 23767263505 46 463 88094 237583285 0 2752596 12096237 0 1484 0 6106 4713230 55 0 19113 0
1791255112088462 23767763646 46 463 89193 239310268 0 2788164 12253653 0 1484 0 6106 4713323 55 0 19118 0
1791255112594345 23768269529 46 463 90287 242510115 0 2819820 12424269 0 1484 0 6107 4713409 55 0 19131 0
1791255113095427 23768770611 46 463 91141 244313917 0 2845044 12591541 0 1484 0 6107 4713506 55 0 19136 0
1791255113604090 23769279273 46 463 91867 246269336 0 2864844 12753261 0 1485 0 6107 4713595 55 0 19144 0
1791255114105882 23769781066 46 463 92797 247986752 0 2891052 12895501 0 1485 0 6107 4713684 55 0 19156 0
1791255114606204 23770281388 46 463 93882 250589248 0 2922252 13042373 0 1486 0 6108 4713773 55 0 19164 0
1791255115106952 23770782136 47 463 94990 252979750 0 2956236 13207597 0 1486 0 6109 4713865 55 0 19171 0
1791255115608781 23771283964 47 463 96089 255073768 0 2990604 13385429 0 1486 0 6110 4713957 55 0 19176 0
1791255116112466 23771787649 47 463 96973 257803267 0 3017832 13536177 0 1486 0 6114 4714046 55 0 19182 0
1791255116612889 23772288072 47 463 98038 259832766 0 3052200 13649161 0 1486 0 6114 4714139 55 0 19187 0
1791255117113059 23772788243 47 463 99181 262252456 0 3093160 13758057 0 1486 0 6114 4714234 55 0 19191 0
1791255117614670 23773289853 47 463 100206 264974849 0 3131404 13877291 0 1486 0 6114 4714329 55 0 19195 0
1791255118116627 23773791811 47 463 100488 265634730 0 3134860 13895946 0 1486 0 6115 4714424 55 0 19199 0
1791255118617049 23774292233 47 463 100567 265734351 0 3134860 13903666 0 1486 0 6115 4714518 55 0 19203 0
1791255119117671 23774792854 48 463 100647 265839519 0 3134860 13911258 0 1486 0 6115 4714613 55 0 19203 0
1791255119617938 23775293122 48 463 100725 266189312 0 3134860 13918978 0 1486 0 6115 4714712 55 0 19204 0
1791255120118136 23775793320 49 463 100804 266460826 0 3134860 13926570 0 1487 0 6115 4714805 55 0 19204 0
1791255120619471 23776294655 49 463 100885 266568188 0 3134860 13934290 0 1488 0 6116 4714898 55 0 19206 0
1791255121122168 23776797351 49 463 100964 266795172 0 3134860 13942010 0 1488 0 6120 4714993 55 0 19206 0
1791255121623455 23777298639 49 463 101043 266894996 0 3134860 13949602 0 1488 0 6121 4715088 55 0 19207 0
1791255122124477 23777799661 49 463 101122 266987823 0 3134860 13957322 0 1489 0 6123 4715179 55 0 19209 0
1791255122625750 23778300933 49 463 101201 267099661 0 3134860 13964914 0 1489 0 6124 4715278 55 0 19209 0
1791255123126715 23778801899 50 463 101280 267207139 0 3134860 13972634 0 1489 0 6124 4715374 55 0 19209 0
1791255123631278 23779306462 50 463 101360 267509374 0 3134860 13980354 0 1490 0 6125 4715469 55 0 19209 0
1791255124132311 23779807495 50 463 101439 267646584 0 3134860 13987946 0 1490 0 6128 4715559 55 0 19213 0
1791255124633080 23780308263 50 463 101518 267737874 0 3134860 13995666 0 1491 0 6128 4715655 55 0 19216 0
1791255125133420 23780808604 50 463 101597 267834820 0 3134860 14003258 0 1491 0 6130 4715749 55 0 19218 0
1791255125637948 23781313131 50 463 101676 268135108 0 3134860 14010978 0 1491 0 6130 4715844 55 0 19219 0
1791255125672527 23781347711 50 463 101681 268141607 0 3134860 14011442 0 1491 0 6130 4715851 55 0 19219 0
