# hz=100 page_bytes=4096 possible_cpus=2
# program_id=88 jit_bytes=8483 xlated_bytes=4776
# pos:	0
# flags:	02000002
# mnt_id:	10
# ino:	26
# prog_type:	1
# prog_jited:	1
# prog_tag:	1a92932acb008231
# memlock:	8192
# prog_id:	88
# run_time_ns:	0
# run_cnt:	0
# recursion_misses:	0
# verified_insns:	199283
# map=counters type=6 key=4 value=32 max_entries=1
# pos:	0
# flags:	02000002
# mnt_id:	10
# ino:	26
# map_type:	6
# key_size:	4
# value_size:	32
# max_entries:	1
# map_flags:	0x0
# map_extra:	0x0
# memlock:	268
# map_id:	109
# frozen:	0
# map=accounting type=2 key=4 value=24 max_entries=1
# pos:	0
# flags:	02000002
# mnt_id:	10
# ino:	26
# map_type:	2
# key_size:	4
# value_size:	24
# max_entries:	1
# map_flags:	0x0
# map_extra:	0x0
# memlock:	224
# map_id:	110
# frozen:	0
# map=flows type=9 key=36 value=32 max_entries=1024
# pos:	0
# flags:	02000002
# mnt_id:	10
# ino:	26
# map_type:	9
# key_size:	36
# value_size:	32
# max_entries:	1024
# map_flags:	0x0
# map_extra:	0x0
# memlock:	107456
# map_id:	107
# frozen:	0
# map=departures type=9 key=40 value=8 max_entries=8192
# pos:	0
# flags:	02000002
# mnt_id:	10
# ino:	26
# map_type:	9
# key_size:	40
# value_size:	8
# max_entries:	8192
# map_flags:	0x0
# map_extra:	0x0
# memlock:	656320
# map_id:	106
# frozen:	0
# map=samples type=27 key=0 value=0 max_entries=262144
# pos:	0
# flags:	02000002
# mnt_id:	10
# ino:	26
# map_type:	27
# key_size:	0
# value_size:	0
# max_entries:	262144
# map_flags:	0x0
# map_extra:	0x0
# memlock:	275148
# map_id:	108
# frozen:	0
realtime_us monotonic_us daemon_ticks rss_pages runs runtime_ns ring_full ack_bytes upload_bytes unaccounted host_user host_nice host_system host_idle host_iowait host_irq host_softirq host_steal
1791334808153873 60335735782 26 473 0 0 0 0 2688 0 2646 0 10768 12007878 57 0 27027 0
1791334808656227 60336238136 26 473 79 98573 0 0 10512 0 2646 0 10768 12007972 57 0 27028 0
1791334809157038 60336738947 26 473 159 219804 0 0 18232 0 2646 0 10768 12008065 57 0 27029 0
1791334809658167 60337240076 26 473 237 340054 0 0 25824 0 2646 0 10768 12008157 57 0 27031 0
1791334810158537 60337740446 26 473 317 455683 0 0 33544 0 2646 0 10771 12008247 57 0 27032 0
1791334810658824 60338240733 27 473 396 555866 0 0 41264 0 2646 0 10771 12008343 57 0 27033 0
1791334811165333 60338747242 27 473 477 679031 0 0 48856 0 2646 0 10773 12008432 57 0 27035 0
1791334811668492 60339250401 27 473 557 774487 0 0 56576 0 2646 0 10773 12008527 57 0 27037 0
1791334812168795 60339750703 27 473 635 890624 0 0 64168 0 2648 0 10774 12008622 57 0 27037 0
1791334812670652 60340252560 27 473 717 1170773 0 0 71972 0 2648 0 10774 12008715 57 0 27039 0
1791334813172530 60340754439 27 473 796 1298998 0 0 79692 0 2648 0 10775 12008803 57 0 27043 0
1791334813675240 60341257148 27 473 876 1436021 0 0 87516 0 2649 0 10776 12008895 57 0 27046 0
1791334814177146 60341759054 27 473 955 1546342 0 0 95236 0 2650 0 10776 12008989 57 0 27046 0
1791334814677509 60342259418 27 473 1034 1648044 0 0 102828 0 2650 0 10776 12009083 57 0 27047 0
1791334815179102 60342761010 27 473 1115 1749312 0 0 110548 0 2650 0 10777 12009179 57 0 27049 0
1791334815683890 60343265798 28 473 1194 1847602 0 0 118268 0 2650 0 10777 12009275 57 0 27050 0
1791334816186400 60343768308 28 473 1276 1966784 0 96 126060 0 2650 0 10777 12009368 57 0 27051 0
1791334816689404 60344271313 28 473 1490 2429247 0 576 243030 0 2650 0 10778 12009460 57 0 27058 0
1791334817197154 60344779063 28 473 1718 3182030 0 576 397430 0 2650 0 10779 12009554 57 0 27059 0
1791334817702669 60345284578 28 473 1957 3974222 0 576 567374 0 2650 0 10779 12009650 57 0 27060 0
1791334818206679 60345788588 28 473 2188 4628888 0 576 737214 0 2650 0 10779 12009745 57 0 27060 0
1791334818712732 60346294641 28 473 2423 5326656 0 576 902294 0 2650 0 10779 12009839 57 0 27062 0
1791334819214723 60346796631 29 473 2644 6092762 0 576 1042798 0 2650 0 10779 12009934 57 0 27064 0
1791334819716050 60347297959 29 473 2843 6736646 0 576 1172366 0 2650 0 10779 12010029 57 0 27065 0
1791334820217132 60347799040 29 473 3054 7684417 0 576 1314414 0 2650 0 10782 12010118 57 0 27069 0
1791334820720765 60348302674 29 473 3279 8431901 0 576 1473446 0 2650 0 10783 12010212 57 0 27072 0
1791334821221814 60348803723 29 473 3522 9070677 0 576 1646478 0 2650 0 10783 12010308 57 0 27072 0
1791334821725602 60349307511 29 473 3760 9958295 0 576 1808598 0 2650 0 10783 12010401 57 0 27076 0
1791334822225878 60349807787 29 473 3992 10913170 0 576 1969046 0 2650 0 10784 12010495 57 0 27079 0
1791334822726649 60350308557 29 473 4214 11657870 0 576 2115726 0 2650 0 10785 12010589 57 0 27081 0
1791334823227517 60350809425 30 473 4413 12620136 0 576 2243878 0 2651 0 10787 12010674 57 0 27090 0
1791334823731055 60351312963 30 473 4624 13627785 0 576 2387342 0 2652 0 10788 12010770 57 0 27093 0
1791334824233958 60351815866 30 473 4847 15711060 0 576 2543286 0 2652 0 10789 12010862 57 0 27099 0
1791334824734685 60352316593 30 473 5085 16824301 0 576 2716086 0 2652 0 10789 12010959 57 0 27101 0
1791334825236316 60352818225 31 473 5317 20087502 0 576 2893646 0 2652 0 10791 12011050 57 0 27105 0
1791334825740143 60353322050 31 473 5538 21418095 0 576 3035926 0 2652 0 10791 12011146 57 0 27106 0
1791334826243712 60353825620 31 473 5738 22512134 0 576 3142334 0 2652 0 10794 12011237 57 0 27110 0
1791334826747353 60354329261 31 473 5926 23472591 0 576 3253502 0 2653 0 10795 12011327 57 0 27114 0
1791334827248649 60354830558 31 473 6125 25031356 0 576 3381654 0 2654 0 10795 12011423 57 0 27117 0
1791334827752322 60355334231 32 473 6336 26559679 0 576 3525246 0 2655 0 10796 12011515 57 0 27122 0
1791334828254162 60355836071 32 473 6560 28222890 0 576 3682734 0 2655 0 10796 12011609 57 0 27127 0
1791334828758058 60356339966 32 473 6798 29317876 0 576 3855534 0 2655 0 10796 12011705 57 0 27130 0
1791334829258657 60356840566 32 473 7031 30024728 0 576 4025606 0 2655 0 10796 12011804 57 0 27131 0
1791334829762508 60357344417 32 473 7251 30597663 0 576 4172286 0 2655 0 10796 12011903 57 0 27133 0
1791334830263923 60357845832 32 473 7450 31242099 0 576 4297222 0 2655 0 10798 12011996 57 0 27134 0
1791334830764383 60358346291 33 473 7663 31990268 0 576 4433094 0 2655 0 10799 12012093 57 0 27135 0
1791334831264886 60358846795 33 473 7882 33063690 0 576 4584278 0 2655 0 10799 12012184 57 0 27139 0
1791334831765565 60359347474 33 473 8013 33552140 0 864 4622420 0 2655 0 10799 12012277 57 0 27143 0
1791334832267802 60359849711 33 473 8092 33673904 0 864 4630012 0 2655 0 10799 12012372 57 0 27143 0
1791334832769005 60360350914 33 473 8170 33763542 0 864 4637732 0 2655 0 10799 12012469 57 0 27144 0
1791334833269199 60360851108 33 473 8252 33877729 0 864 4645452 0 2655 0 10799 12012565 57 0 27145 0
1791334833770797 60361352706 33 473 8331 33973814 0 864 4653044 0 2655 0 10799 12012655 57 0 27148 0
1791334834274643 60361856551 33 473 8411 34084854 0 864 4660764 0 2655 0 10800 12012750 57 0 27150 0
1791334834777184 60362359093 33 473 8883 34749533 0 19500 4688512 0 2655 0 10801 12012845 57 0 27152 0
1791334835277300 60362859209 33 473 9911 37399870 0 62508 4739472 0 2655 0 10803 12012935 57 0 27160 0
1791334835778718 60363360627 34 473 11047 39952812 0 108972 4793656 0 2655 0 10804 12013022 57 0 27174 0
1791334836281485 60363863393 34 473 12215 42695189 0 157356 4849632 0 2655 0 10807 12013111 57 0 27182 0
1791334836782460 60364364368 34 473 13309 44980020 0 201612 4901608 0 2655 0 10809 12013199 57 0 27190 0
1791334837285703 60364867611 34 473 14403 48652815 0 244428 4952016 0 2655 0 10809 12013284 57 0 27205 0
1791334837786596 60365368504 34 473 15508 50532561 0 289232 5004540 0 2655 0 10809 12013377 57 0 27212 0
1791334838287600 60365869509 34 473 16573 52552291 0 338636 5061536 0 2655 0 10809 12013463 57 0 27223 0
1791334838792916 60366374824 35 473 17424 54308210 0 371240 5101860 0 2655 0 10810 12013560 57 0 27227 0
1791334839296962 60366878870 35 473 18328 57117982 0 405080 5143524 0 2655 0 10811 12013648 57 0 27237 0
1791334839803287 60367385195 35 473 19239 58753258 0 438140 5184304 0 2655 0 10812 12013744 57 0 27241 0
1791334840306327 60367888235 35 473 20244 61461174 0 473948 5227832 0 2655 0 10813 12013838 57 0 27246 0
1791334840806983 60368388891 35 473 21294 63991178 0 510656 5272132 0 2655 0 10814 12013931 57 0 27251 0
1791334841309451 60368891360 35 473 22336 66519849 0 548468 5317664 0 2655 0 10816 12014023 57 0 27258 0
1791334841809633 60369391542 35 473 23395 68575161 0 586148 5363064 0 2655 0 10816 12014116 57 0 27265 0
1791334842310920 60369892828 36 473 24460 71399478 0 622792 5407300 0 2655 0 10816 12014209 57 0 27272 0
1791334842817596 60370399505 36 473 25442 73853957 0 655564 5448024 0 2656 0 10816 12014299 57 0 27281 0
1791334843323680 60370905589 36 473 26436 77117248 0 688996 5489176 0 2656 0 10817 12014390 57 0 27291 0
1791334843826858 60371408767 36 473 27408 79936651 0 721828 5529600 0 2658 0 10817 12014479 57 0 27299 0
1791334844328886 60371910794 36 473 28394 82468841 0 753808 5569300 0 2659 0 10817 12014569 57 0 27308 0
1791334844829050 60372410958 36 473 29453 86878611 0 793480 5616692 0 2659 0 10818 12014657 57 0 27314 0
1791334845329491 60372911400 36 473 30473 89624943 0 835660 5666464 0 2659 0 10819 12014743 57 0 27326 0
1791334845834485 60373416393 36 473 31480 92264578 0 872956 5711480 0 2659 0 10819 12014835 57 0 27332 0
1791334846338020 60373919929 36 473 32524 94477111 0 910972 5757216 0 2659 0 10820 12014930 57 0 27336 0
1791334846839529 60374421437 36 473 33651 97457523 0 954496 5808564 0 2659 0 10822 12015027 57 0 27339 0
1791334847341089 60374922998 37 473 34740 99961063 0 994912 5856700 0 2659 0 10823 12015114 57 0 27349 0
1791334847841598 60375423507 37 473 35763 102244445 0 1032716 5902096 0 2659 0 10824 12015201 57 0 27359 0
1791334848342306 60375924215 37 473 36843 107245885 0 1076224 5953324 0 2659 0 10825 12015294 57 0 27365 0
1791334848846734 60376428643 37 473 37897 109227494 0 1115164 5999984 0 2659 0 10826 12015385 57 0 27373 0
1791334849348085 60376929993 37 473 38940 111308484 0 1152952 6045492 0 2659 0 10827 12015475 57 0 27381 0
1791334849855417 60377437326 38 473 40007 115563758 0 1191568 6091828 0 2659 0 10827 12015568 57 0 27388 0
1791334850359561 60377941469 38 473 41050 119952517 0 1227760 6135740 0 2659 0 10828 12015656 57 0 27401 0
1791334850866253 60378448161 38 473 42079 123666479 0 1263472 6179276 0 2659 0 10828 12015743 57 0 27412 0
1791334851367108 60378949016 38 473 43138 126491705 0 1301632 6225156 0 2659 0 10828 12015834 57 0 27420 0
1791334851868780 60379450689 38 473 44160 128554118 0 1343080 6274324 0 2659 0 10829 12015927 57 0 27428 0
1791334852370091 60379952000 38 473 45105 131134255 0 1378096 6316932 0 2659 0 10829 12016017 57 0 27437 0
1791334852875463 60380457372 38 473 46122 133824260 0 1413232 6359788 0 2660 0 10830 12016110 57 0 27442 0
1791334853378376 60380960284 39 473 47147 136194608 0 1448896 6403172 0 2660 0 10831 12016204 57 0 27447 0
1791334853882624 60381464532 39 473 48144 139023076 0 1481320 6443420 0 2660 0 10834 12016293 57 0 27457 0
1791334854388113 60381970021 39 473 49120 144584012 0 1513060 6482880 0 2660 0 10835 12016381 57 0 27468 0
1791334854892306 60382474214 39 473 49863 146856018 0 1532716 6517491 0 2661 0 10835 12016473 57 0 27475 0
1791334855393682 60382975590 39 473 49943 147024047 0 1532716 6525211 0 2661 0 10836 12016565 57 0 27477 0
1791334855896432 60383478341 39 473 50022 147186409 0 1532716 6532931 0 2661 0 10836 12016661 57 0 27480 0
1791334856397605 60383979514 39 473 50102 147429541 0 1532716 6540755 0 2662 0 10836 12016756 57 0 27481 0
1791334856898748 60384480657 40 473 50183 147597790 0 1532716 6548475 0 2662 0 10836 12016851 57 0 27483 0
1791334857404493 60384986401 40 473 50261 147763688 0 1532716 6556195 0 2662 0 10837 12016946 57 0 27486 0
1791334857906703 60385488611 40 473 50416 148363724 0 1533964 6590509 0 2663 0 10839 12017038 57 0 27487 0
1791334858407249 60385989157 40 473 51510 154308614 0 1574068 6704725 0 2664 0 10839 12017119 57 0 27502 0
1791334858908729 60386490638 40 473 52617 157551016 0 1611484 6799141 0 2664 0 10841 12017204 57 0 27514 0
1791334859408966 60386990875 40 473 53790 161234664 0 1655068 6910533 0 2664 0 10842 12017290 57 0 27523 0
1791334859909448 60387491356 40 473 54871 163213717 0 1703484 7042325 0 2664 0 10842 12017379 57 0 27531 0
1791334860416753 60387998662 41 473 56001 165525413 0 1749368 7188569 0 2664 0 10845 12017472 57 0 27535 0
1791334860918417 60388500325 41 473 56988 167872909 0 1782404 7344997 0 2664 0 10846 12017560 57 0 27545 0
1791334861419560 60389001468 41 473 57949 169577320 0 1810508 7521557 0 2664 0 10846 12017650 57 0 27552 0
1791334861921037 60389502945 41 473 58642 171112781 0 1831100 7690013 0 2664 0 10846 12017746 57 0 27555 0
1791334862422880 60390004788 41 473 59223 172640743 0 1846772 7837157 0 2664 0 10846 12017843 57 0 27558 0
1791334862923781 60390505690 41 473 60187 174697220 0 1875740 7957093 0 2665 0 10847 12017933 57 0 27565 0
1791334863425499 60391007408 41 473 61261 177358829 0 1909148 8087773 0 2665 0 10848 12018020 57 0 27575 0
1791334863927731 60391509640 41 473 62380 179579990 0 1945052 8233301 0 2666 0 10850 12018113 57 0 27579 0
1791334864428791 60392010699 42 473 63502 182315984 0 1981244 8377445 0 2666 0 10851 12018206 57 0 27585 0
1791334864934859 60392516768 42 473 64642 185720771 0 2018344 8541153 0 2666 0 10851 12018301 57 0 27588 0
1791334865436998 60393018906 42 473 65716 188185099 0 2057740 8714749 0 2666 0 10852 12018390 57 0 27596 0
1791334865944190 60393526099 42 473 66395 190765153 0 2076052 8875341 0 2668 0 10854 12018477 57 0 27602 0
1791334866448329 60394030237 43 473 67005 192084097 0 2091088 9030881 0 2668 0 10855 12018569 57 0 27607 0
1791334866950908 60394532816 43 473 67958 194480014 0 2120656 9156177 0 2668 0 10855 12018663 57 0 27613 0
1791334867451240 60395033148 43 473 69049 197769868 0 2155408 9277393 0 2668 0 10855 12018755 57 0 27619 0
1791334867957905 60395539813 43 473 70220 200161220 0 2193712 9425193 0 2668 0 10855 12018851 57 0 27624 0
1791334868458658 60396040567 43 473 71317 203504611 0 2226928 9585017 0 2668 0 10855 12018941 57 0 27635 0
1791334868966967 60396548875 43 473 72543 206226389 0 2268944 9767641 0 2669 0 10856 12019032 57 0 27641 0
1791334869468516 60397050424 44 473 73407 209529870 0 2295176 9923569 0 2669 0 10858 12019119 57 0 27651 0
1791334869973642 60397555551 44 473 74241 211139225 0 2320040 10081217 0 2669 0 10858 12019213 57 0 27656 0
1791334870476991 60398058900 44 473 75313 213024352 0 2353412 10214821 0 2669 0 10859 12019304 57 0 27663 0
1791334870982342 60398564251 44 473 76437 215632945 0 2389220 10345045 0 2669 0 10859 12019402 57 0 27667 0
1791334871483807 60399065716 44 473 77499 217744611 0 2424260 10440301 0 2670 0 10860 12019493 57 0 27673 0
1791334871986366 60399568275 44 473 78620 220000947 0 2464364 10576005 0 2670 0 10861 12019584 57 0 27678 0
1791334872488717 60400070625 44 473 79641 223624168 0 2497484 10737277 0 2670 0 10863 12019680 57 0 27682 0
1791334872989329 60400571238 44 473 80702 226229313 0 2531720 10908801 0 2670 0 10863 12019771 57 0 27689 0
1791334873492644 60401074553 45 473 81526 228432002 0 2557748 11069157 0 2670 0 10863 12019864 57 0 27693 0
1791334873993469 60401575377 45 473 82149 229664875 0 2576192 11232737 0 2671 0 10865 12019955 57 0 27697 0
1791334874497333 60402079241 45 473 82748 231541471 0 2592872 11377441 0 2671 0 10866 12020044 57 0 27704 0
1791334874998324 60402580232 46 473 83705 234606671 0 2620808 11511913 0 2673 0 10868 12020128 57 0 27716 0
1791334875498720 60403080628 46 473 84814 238241050 0 2654600 11661377 0 2673 0 10870 12020219 57 0 27724 0
1791334876001517 60403583425 46 473 85909 240440331 0 2689064 11824225 0 2674 0 10873 12020307 57 0 27729 0
1791334876507442 60404089351 46 473 87049 243068672 0 2724968 12008225 0 2674 0 10875 12020394 57 0 27738 0
1791334877007710 60404589619 46 473 87908 245177938 0 2752532 12168573 0 2674 0 10878 12020488 57 0 27740 0
1791334877511546 60405093455 47 473 88869 249003650 0 2781248 12291345 0 2675 0 10879 12020581 57 0 27746 0
1791334878013341 60405595250 48 473 89866 253496652 0 2806916 12398717 0 2675 0 10883 12020660 57 0 27764 0
1791334878517045 60406098953 48 473 90906 256513974 0 2838692 12520045 0 2675 0 10884 12020748 57 0 27771 0
1791334879019006 60406600915 48 473 91990 259487499 0 2879416 12652097 0 2675 0 10887 12020839 57 0 27777 0
1791334879520071 60407101978 48 473 92948 262478511 0 2910220 12796797 0 2675 0 10887 12020931 57 0 27784 0
1791334880028514 60407610422 49 473 94015 266902396 0 2943244 12961293 0 2676 0 10889 12021021 57 0 27790 0
1791334880531196 60408113104 49 473 95095 270566242 0 2975656 13132665 0 2676 0 10892 12021106 57 0 27803 0
1791334881038155 60408620063 49 473 95971 275410071 0 3001900 13293109 0 2676 0 10894 12021194 57 0 27813 0
1791334881540017 60409121925 50 473 96799 278830844 0 3024496 13451809 0 2676 0 10894 12021287 57 0 27821 0
1791334882040575 60409622483 50 473 97535 285485114 0 3043852 13612853 0 2677 0 10895 12021373 57 0 27831 0
1791334882541403 60410123311 50 473 98290 290596352 0 3064592 13746409 0 2678 0 10897 12021447 57 0 27842 0
1791334883044534 60410626442 51 473 99420 294717240 0 3095408 13867128 0 2678 0 10899 12021529 57 0 27857 0
1791334883547225 60411129134 51 473 99548 294960494 0 3095504 13877672 0 2678 0 10899 12021624 57 0 27859 0
1791334884048191 60411630100 51 473 99627 295164708 0 3095504 13885392 0 2678 0 10900 12021717 57 0 27862 0
1791334884568683 60412150591 51 473 99706 295546001 0 3095504 13892984 0 2678 0 10900 12021816 57 0 27865 0
1791334885074731 60412656639 51 473 99788 295861205 0 3095504 13900936 0 2678 0 10901 12021907 57 0 27867 0
1791334885576599 60413158508 52 473 99868 296044982 0 3095504 13908760 0 2678 0 10902 12021995 57 0 27870 0
1791334886082366 60413664275 52 473 99947 296220616 0 3095504 13916480 0 2678 0 10902 12022091 57 0 27872 0
1791334886585901 60414167809 52 473 100027 296428074 0 3095504 13924200 0 2678 0 10903 12022187 57 0 27873 0
1791334887088136 60414670044 52 473 100107 296614737 0 3095504 13931792 0 2679 0 10903 12022280 57 0 27874 0
1791334887590089 60415171997 52 473 100186 296831255 0 3095504 13939512 0 2679 0 10904 12022375 57 0 27878 0
1791334888091866 60415673775 52 473 100265 297084056 0 3095504 13947104 0 2679 0 10904 12022472 57 0 27880 0
1791334888593369 60416175277 52 473 100344 297249002 0 3095504 13954824 0 2679 0 10904 12022568 57 0 27881 0
1791334889096028 60416677936 53 473 100423 297384282 0 3095504 13962416 0 2679 0 10904 12022663 57 0 27881 0
1791334889596663 60417178571 53 473 100502 297509038 0 3095504 13970136 0 2679 0 10904 12022757 57 0 27882 0
1791334890097816 60417679724 53 473 100582 297672392 0 3095504 13977960 0 2679 0 10904 12022850 57 0 27885 0
1791334890598683 60418180591 53 473 100662 297799869 0 3095504 13985680 0 2680 0 10905 12022945 57 0 27886 0
1791334891032428 60418614337 53 473 100728 297898284 0 3095504 13992088 0 2681 0 10905 12023025 57 0 27887 0
