20536.38 0 0 0
20541.39 1 956 0
20546.39 1 956 0
20551.40 1 956 0
20556.40 1 956 0
20561.41 1 956 0
20566.42 1 956 0
20571.42 1 956 0
20576.43 1 956 0
20581.43 1 956 0
20586.44 1 956 0
20591.45 1 956 0
20596.46 1 956 0
20601.47 1 956 0
20606.48 1 956 0
20611.49 1 956 0
20616.50 1 956 0
20621.50 1 956 0
20626.51 1 956 0
20631.53 1 956 0
20636.53 1 956 0
20641.55 1 956 0
20646.57 1 956 0
20651.58 1 956 0
20656.60 1 956 0
20661.61 1 956 0
20666.62 1 956 0
20671.64 1 956 0
20676.65 1 956 0
20681.67 1 956 0
20686.68 1 956 0
20691.70 1 956 0
20696.71 1 956 0
20701.74 1 956 0
20706.78 1 956 0
20711.84 1 956 0
20716.85 1 956 0
20721.89 1 956 0
20726.90 1 956 0
20731.91 1 956 0
20736.92 1 956 0
20741.93 1 956 0
20746.93 1 956 0
20751.94 1 956 0
20756.95 1 956 0
20761.95 1 956 0
20767.07 1 956 0
20772.07 1 956 0
20777.08 1 956 0
20782.08 1 956 0
20787.09 1 956 0
20792.10 1 956 0
20797.10 1 956 0
20802.11 1 956 0
20807.11 1 956 0
20812.12 1 956 0
20817.12 1 956 0
20822.13 1 956 0
