# hz=100 page_bytes=4096 possible_cpus=2
# program_id=24 jit_bytes=8483 xlated_bytes=4776
# pos:	0
# flags:	02000002
# mnt_id:	10
# ino:	26
# prog_type:	1
# prog_jited:	1
# prog_tag:	1a92932acb008231
# memlock:	8192
# prog_id:	24
# run_time_ns:	0
# run_cnt:	0
# recursion_misses:	0
# verified_insns:	199283
# map=counters type=6 key=4 value=32 max_entries=1
# pos:	0
# flags:	02000002
# mnt_id:	10
# ino:	26
# map_type:	6
# key_size:	4
# value_size:	32
# max_entries:	1
# map_flags:	0x0
# map_extra:	0x0
# memlock:	268
# map_id:	29
# frozen:	0
# map=accounting type=2 key=4 value=24 max_entries=1
# pos:	0
# flags:	02000002
# mnt_id:	10
# ino:	26
# map_type:	2
# key_size:	4
# value_size:	24
# max_entries:	1
# map_flags:	0x0
# map_extra:	0x0
# memlock:	224
# map_id:	30
# frozen:	0
# map=flows type=9 key=36 value=32 max_entries=1024
# pos:	0
# flags:	02000002
# mnt_id:	10
# ino:	26
# map_type:	9
# key_size:	36
# value_size:	32
# max_entries:	1024
# map_flags:	0x0
# map_extra:	0x0
# memlock:	107456
# map_id:	27
# frozen:	0
# map=departures type=9 key=40 value=8 max_entries=8192
# pos:	0
# flags:	02000002
# mnt_id:	10
# ino:	26
# map_type:	9
# key_size:	40
# value_size:	8
# max_entries:	8192
# map_flags:	0x0
# map_extra:	0x0
# memlock:	656320
# map_id:	26
# frozen:	0
# map=samples type=27 key=0 value=0 max_entries=262144
# pos:	0
# flags:	02000002
# mnt_id:	10
# ino:	26
# map_type:	27
# key_size:	0
# value_size:	0
# max_entries:	262144
# map_flags:	0x0
# map_extra:	0x0
# memlock:	275148
# map_id:	28
# frozen:	0
realtime_us monotonic_us daemon_ticks rss_pages runs runtime_ns ring_full ack_bytes upload_bytes unaccounted host_user host_nice host_system host_idle host_iowait host_irq host_softirq host_steal
1791277295064840 2822646749 24 480 0 0 0 0 2816 0 334 0 2129 550222 38 0 4460 0
1791277295567047 2823148955 24 480 78 79006 0 0 10536 0 334 0 2129 550320 38 0 4460 0
1791277296068234 2823650143 24 480 158 165466 0 0 18360 0 334 0 2131 550418 38 0 4460 0
1791277296572336 2824154245 24 480 238 259463 0 0 26080 0 335 0 2132 550513 38 0 4462 0
1791277297079206 2824661114 24 480 319 340472 0 0 33800 0 335 0 2132 550609 38 0 4465 0
1791277297579945 2825161854 24 480 398 562494 0 0 41392 0 335 0 2133 550706 38 0 4467 0
1791277298083387 2825665296 24 480 478 644417 0 0 49112 0 335 0 2134 550803 38 0 4467 0
1791277298585200 2826167108 24 480 557 735868 0 0 56832 0 335 0 2134 550898 38 0 4469 0
1791277299087071 2826668980 24 480 637 826577 0 0 64656 0 335 0 2134 550996 38 0 4469 0
1791277299587738 2827169646 24 480 718 917397 0 0 72332 0 335 0 2136 551089 38 0 4470 0
1791277300088077 2827669986 24 480 796 1007149 0 0 80052 0 335 0 2136 551182 38 0 4471 0
1791277300588395 2828170304 24 480 876 1092858 0 0 87772 0 335 0 2136 551277 38 0 4473 0
1791277301092789 2828674698 24 480 956 1190692 0 0 95364 0 335 0 2136 551375 38 0 4473 0
1791277301597270 2829179179 24 480 1036 1282421 0 0 103084 0 335 0 2136 551468 38 0 4475 0
1791277302101365 2829683273 24 480 1115 1367632 0 0 110804 0 335 0 2136 551568 38 0 4475 0
1791277302607060 2830188969 24 480 1194 1451821 0 0 118396 0 335 0 2136 551664 38 0 4476 0
1791277303107836 2830689745 25 480 1278 1562914 0 96 126681 0 335 0 2136 551761 38 0 4476 0
1791277303612964 2831194873 25 480 1499 2360049 0 576 246478 0 335 0 2137 551855 38 0 4481 0
1791277304113283 2831695192 25 480 1729 2955960 0 576 399334 0 335 0 2139 551951 38 0 4483 0
1791277304615631 2832197539 25 480 1966 3498131 0 576 564542 0 335 0 2139 552047 38 0 4486 0
1791277305117323 2832699231 25 480 2201 4441149 0 576 738886 0 335 0 2139 552140 38 0 4488 0
1791277305621695 2833203604 25 480 2433 5051578 0 576 902550 0 335 0 2139 552237 38 0 4489 0
1791277306126405 2833708314 25 480 2654 5722504 0 576 1043054 0 335 0 2139 552333 38 0 4490 0
1791277306627433 2834209342 25 480 2864 6615886 0 576 1174166 0 335 0 2139 552430 38 0 4490 0
1791277307129019 2834710928 25 480 3077 7197081 0 576 1319302 0 335 0 2139 552526 38 0 4493 0
1791277307629786 2835211694 26 480 3311 7757086 0 576 1479750 0 335 0 2139 552622 38 0 4496 0
1791277308131290 2835713199 26 480 3549 8627249 0 576 1652910 0 335 0 2140 552716 38 0 4498 0
1791277308632081 2836213989 26 480 3779 9218417 0 576 1818118 0 336 0 2140 552814 38 0 4498 0
1791277309133283 2836715191 26 480 4008 9820448 0 576 1970846 0 336 0 2141 552908 38 0 4500 0
1791277309634166 2837216075 26 480 4214 10713930 0 576 2102086 0 336 0 2141 553003 38 0 4504 0
1791277310137588 2837719496 26 480 4424 12774279 0 576 2244006 0 337 0 2142 553099 38 0 4504 0
1791277310640997 2838222906 26 480 4649 13244578 0 576 2401494 0 337 0 2144 553193 38 0 4505 0
1791277311148265 2838730174 26 480 4892 14099088 0 576 2575966 0 337 0 2144 553289 38 0 4507 0
1791277311649424 2839231333 26 480 5123 14838627 0 576 2745678 0 337 0 2144 553382 38 0 4510 0
1791277312149763 2839731672 26 480 5343 15706200 0 576 2888086 0 337 0 2144 553476 38 0 4512 0
1791277312650543 2840232451 28 480 5539 16073122 0 576 3011606 0 337 0 2145 553568 38 0 4514 0
1791277313153087 2840734996 28 480 5743 16945150 0 576 3150310 0 338 0 2146 553658 38 0 4518 0
1791277313656874 2841238782 28 480 5964 17490309 0 576 3301750 0 338 0 2146 553751 38 0 4523 0
1791277314159584 2841741493 28 480 6201 18258991 0 576 3469918 0 338 0 2146 553847 38 0 4524 0
1791277314661278 2842243187 28 480 6436 18862403 0 576 3642846 0 338 0 2146 553940 38 0 4529 0
1791277315161831 2842743739 28 480 6665 19521823 0 576 3801750 0 338 0 2147 554034 38 0 4530 0
1791277315666450 2843248358 28 480 6883 20159576 0 576 3932990 0 338 0 2147 554126 38 0 4534 0
1791277316167889 2843749798 28 480 7087 20621014 0 576 4065774 0 338 0 2148 554222 38 0 4534 0
1791277316668254 2844250162 28 480 7302 21113504 0 576 4210782 0 338 0 2148 554317 38 0 4536 0
1791277317170243 2844752152 29 480 7532 21974237 0 576 4372902 0 338 0 2149 554411 38 0 4540 0
1791277317676586 2845258494 29 480 7774 22529995 0 576 4553782 0 339 0 2150 554505 38 0 4542 0
1791277318182646 2845764555 29 480 8003 23103962 0 576 4717318 0 339 0 2150 554601 38 0 4543 0
1791277318685983 2846267892 29 480 8160 23339443 0 864 4762044 0 340 0 2150 554698 38 0 4543 0
1791277319186264 2846768172 29 480 8240 23418427 0 864 4769764 0 340 0 2150 554793 38 0 4543 0
1791277319687536 2847269445 29 480 8320 23509884 0 864 4777588 0 340 0 2150 554889 38 0 4544 0
1791277320188604 2847770513 29 480 8400 23634106 0 864 4785308 0 340 0 2151 554985 38 0 4546 0
1791277320694593 2848276502 29 480 8479 23718457 0 864 4793028 0 340 0 2151 555079 38 0 4547 0
1791277321197620 2848779529 29 480 8559 23800841 0 864 4800620 0 341 0 2151 555176 38 0 4547 0
1791277321701347 2849283256 29 480 8860 24431918 0 11100 4820096 0 341 0 2151 555272 38 0 4551 0
1791277322203069 2849784978 29 480 9778 26452749 0 48636 4865224 0 341 0 2151 555365 38 0 4558 0
1791277322706440 2850288348 29 480 10862 28615868 0 93468 4917776 0 341 0 2151 555458 38 0 4565 0
1791277323206814 2850788722 29 480 11961 30699559 0 138204 4970104 0 341 0 2152 555550 38 0 4569 0
1791277323707850 2851289759 29 480 13091 32804173 0 185244 5024864 0 341 0 2153 555639 38 0 4577 0
1791277324208580 2851790488 29 480 14160 34592980 0 228444 5075888 0 342 0 2153 555729 38 0 4587 0
1791277324710510 2852292419 29 480 15387 37538875 0 282548 5137712 0 342 0 2155 555812 38 0 4602 0
1791277325216805 2852798713 30 480 16506 39613355 0 327980 5190864 0 343 0 2155 555907 38 0 4606 0
1791277325718542 2853300451 30 480 17525 41092823 0 366104 5236708 0 344 0 2155 555997 38 0 4616 0
1791277326219051 2853800959 30 480 18572 43021711 0 404156 5282352 0 344 0 2155 556089 38 0 4624 0
1791277326719300 2854301208 30 480 19641 45618527 0 443192 5329108 0 344 0 2155 556186 38 0 4627 0
1791277327225923 2854807831 30 480 20677 47633363 0 480008 5373644 0 344 0 2156 556277 38 0 4634 0
1791277327727211 2855309120 30 480 21656 50082673 0 513812 5415040 0 345 0 2157 556368 38 0 4640 0
1791277328228834 2855810743 30 480 22640 52619852 0 548312 5457492 0 345 0 2159 556461 38 0 4646 0
1791277328732268 2856314177 30 480 23662 54961688 0 583832 5500604 0 345 0 2159 556556 38 0 4650 0
1791277329237477 2856819385 30 480 24662 57643567 0 619524 5544016 0 345 0 2160 556645 38 0 4659 0
1791277329739463 2857321372 31 480 25772 60231525 0 667396 5599608 0 345 0 2160 556742 38 0 4664 0
1791277330240326 2857822235 31 480 26746 64281177 0 703276 5643080 0 345 0 2162 556835 38 0 4669 0
1791277330742820 2858324729 31 480 27765 66739086 0 739228 5686752 0 345 0 2162 556928 38 0 4674 0
1791277331246216 2858828125 31 480 28765 68780508 0 773140 5728256 0 345 0 2164 557017 38 0 4682 0
1791277331747784 2859329693 32 480 29727 73067215 0 803260 5766096 0 345 0 2169 557098 38 0 4695 0
1791277332254623 2859836532 32 480 30722 75754414 0 835912 5806700 0 346 0 2171 557188 38 0 4703 0
1791277332758155 2860340064 32 480 31740 77714850 0 870952 5849460 0 346 0 2172 557276 38 0 4713 0
1791277333259964 2860841873 32 480 32718 79369274 0 904648 5890748 0 346 0 2175 557367 38 0 4720 0
1791277333765636 2861347545 32 480 33783 82115905 0 945524 5939344 0 346 0 2175 557459 38 0 4726 0
1791277334268677 2861850586 32 480 34861 85005909 0 987428 5988968 0 346 0 2175 557553 38 0 4732 0
1791277334773272 2862355181 32 480 35915 87796141 0 1025120 6034484 0 346 0 2177 557636 38 0 4748 0
1791277335274641 2862856549 32 480 36930 90193871 0 1061528 6078612 0 346 0 2178 557725 38 0 4758 0
1791277335776379 2863358288 32 480 37973 91920682 0 1098764 6123568 0 346 0 2179 557821 38 0 4760 0
1791277336277867 2863859775 33 480 38994 95247815 0 1135016 6167412 0 346 0 2181 557914 38 0 4762 0
1791277336783355 2864365263 33 480 40002 98862501 0 1169288 6209404 0 346 0 2181 558002 38 0 4774 0
1791277337285608 2864867517 33 480 40967 102148347 0 1201748 6249456 0 346 0 2183 558090 38 0 4783 0
1791277337787411 2865369320 33 480 42056 104754437 0 1241960 6297388 0 346 0 2183 558178 38 0 4793 0
1791277338289739 2865871648 33 480 43120 108164816 0 1281516 6344896 0 346 0 2184 558272 38 0 4800 0
1791277338790643 2866372552 33 480 44207 111322307 0 1321800 6392772 0 346 0 2188 558360 38 0 4808 0
1791277339292476 2866874384 33 480 45259 113794153 0 1360200 6438892 0 346 0 2188 558453 38 0 4813 0
1791277339795627 2867377535 33 480 46300 116493259 0 1398084 6484496 0 346 0 2189 558543 38 0 4819 0
1791277340298713 2867880621 34 480 47332 119396839 0 1434624 6528628 0 346 0 2190 558632 38 0 4830 0
1791277340799389 2868381298 34 480 48352 122942131 0 1470012 6571736 0 346 0 2191 558722 38 0 4838 0
1791277341306827 2868888735 34 480 49472 126417945 0 1512744 6622060 0 346 0 2192 558814 38 0 4845 0
1791277341807950 2869389859 34 480 50315 128982054 0 1539524 6663818 0 346 0 2194 558904 38 0 4852 0
1791277342309796 2869891704 34 480 50394 129072289 0 1539524 6671538 0 346 0 2194 558998 38 0 4852 0
1791277342810259 2870392167 34 480 50473 129157848 0 1539524 6679130 0 347 0 2194 559095 38 0 4853 0
1791277343310636 2870892544 34 480 50551 129247136 0 1539524 6686850 0 347 0 2194 559189 38 0 4855 0
1791277343816384 2871398293 34 480 50632 129336930 0 1539524 6694570 0 347 0 2195 559285 38 0 4855 0
1791277344317770 2871899679 34 480 50711 129424533 0 1539524 6702162 0 347 0 2195 559381 38 0 4855 0
1791277344821813 2872403722 34 480 50841 129756443 0 1540676 6717847 0 348 0 2196 559478 38 0 4857 0
1791277345323656 2872905565 34 480 51886 131759394 0 1578068 6857148 0 348 0 2197 559564 38 0 4869 0
1791277345826446 2873408355 34 480 52964 133740075 0 1610280 6975824 0 348 0 2198 559653 38 0 4876 0
1791277346328456 2873910364 35 480 54111 135824534 0 1654472 7103392 0 349 0 2198 559742 38 0 4883 0
1791277346829381 2874411290 35 480 55243 138917876 0 1701868 7237356 0 349 0 2198 559836 38 0 4890 0
1791277347329581 2874911489 35 480 56301 141580378 0 1737212 7389812 0 349 0 2198 559930 38 0 4895 0
1791277347832307 2875414216 35 480 57430 143594098 0 1772168 7559328 0 349 0 2199 560022 38 0 4902 0
1791277348333495 2875915404 36 480 58386 145704187 0 1801424 7730504 0 349 0 2199 560113 38 0 4910 0
1791277348836718 2876418627 36 480 59107 147492090 0 1820480 7888520 0 349 0 2199 560206 38 0 4916 0
1791277349338126 2876920034 36 480 60026 149614115 0 1845824 8024904 0 350 0 2200 560295 38 0 4924 0
1791277349842042 2877423950 36 480 61107 152132083 0 1877696 8166400 0 350 0 2201 560389 38 0 4929 0
1791277350346728 2877928636 36 480 62202 154295808 0 1912352 8321488 0 350 0 2203 560480 38 0 4936 0
1791277350847562 2878429471 36 480 63312 156367940 0 1946432 8492856 0 350 0 2204 560570 38 0 4944 0
1791277351354061 2878935970 36 480 64287 158019240 0 1978144 8669704 0 350 0 2204 560664 38 0 4950 0
1791277351855514 2879437423 36 480 65134 160311779 0 2003392 8812168 0 350 0 2205 560751 38 0 4960 0
1791277352359241 2879941150 37 480 66182 163340717 0 2035552 8918800 0 350 0 2206 560840 38 0 4969 0
1791277352861199 2880443107 37 480 67306 165816858 0 2076516 9030788 0 350 0 2206 560936 38 0 4973 0
1791277353365483 2880947391 37 480 68346 167996304 0 2112756 9161212 0 350 0 2206 561029 38 0 4979 0
1791277353866390 2881448299 37 480 69409 169882038 0 2145588 9300452 0 351 0 2209 561115 38 0 4986 0
1791277354367965 2881949873 37 480 70552 172732582 0 2182356 9457652 0 351 0 2209 561211 38 0 4989 0
1791277354872794 2882454703 37 480 71742 176210253 0 2220360 9627128 0 351 0 2209 561303 38 0 4997 0
1791277355374261 2882956170 37 480 72722 180624519 0 2250240 9800472 0 351 0 2209 561392 38 0 5005 0
1791277355875858 2883457767 37 480 73556 182791905 0 2274936 9953320 0 351 0 2210 561487 38 0 5008 0
1791277356378167 2883960076 37 480 74601 184182643 0 2305464 10078032 0 351 0 2211 561579 38 0 5014 0
1791277356878608 2884460517 38 480 75659 186379986 0 2336568 10212456 0 351 0 2211 561674 38 0 5017 0
1791277357382529 2884964437 38 480 76772 188886317 0 2373192 10358704 0 351 0 2212 561767 38 0 5019 0
1791277357886550 2885468458 38 480 77850 192215399 0 2413340 10523916 0 351 0 2213 561859 38 0 5027 0
1791277358386883 2885968791 38 480 78844 194902765 0 2444240 10690688 0 351 0 2213 561954 38 0 5032 0
1791277358887658 2886469566 38 480 79749 196212757 0 2472176 10854368 0 351 0 2214 562046 38 0 5036 0
1791277359388645 2886970554 38 480 80546 198407486 0 2496080 11012600 0 351 0 2214 562137 38 0 5043 0
1791277359891933 2887473842 38 480 81537 200512951 0 2525312 11151560 0 351 0 2215 562228 38 0 5048 0
1791277360393032 2887974940 38 480 82581 202093906 0 2557664 11263968 0 351 0 2216 562320 38 0 5052 0
1791277360896095 2888478004 39 480 83654 204030109 0 2592032 11380400 0 351 0 2216 562413 38 0 5058 0
1791277361400202 2888982111 39 480 84850 206746083 0 2637028 11514820 0 351 0 2216 562507 38 0 5065 0
1791277361903177 2889485086 39 480 85898 208173639 0 2670940 11667620 0 351 0 2216 562599 38 0 5071 0
1791277362407320 2889989229 39 480 87021 209966691 0 2704948 11837372 0 352 0 2216 562688 38 0 5081 0
1791277362907856 2890489764 39 480 88195 213053643 0 2742508 11995596 0 352 0 2216 562782 38 0 5087 0
1791277363408956 2890990864 39 480 89297 215577375 0 2777260 12164316 0 352 0 2216 562872 38 0 5096 0
1791277363911471 2891493380 39 480 90171 217669176 0 2803192 12324576 0 352 0 2217 562967 38 0 5100 0
1791277364411985 2891993894 39 480 91027 219423538 0 2827864 12466824 0 352 0 2218 563058 38 0 5106 0
1791277364914258 2892496166 40 480 92104 222598777 0 2859460 12590932 0 352 0 2219 563149 38 0 5112 0
1791277365419369 2893001278 40 480 93163 225037188 0 2891236 12716892 0 352 0 2219 563246 38 0 5116 0
1791277365919692 2893501600 40 480 94257 226694813 0 2925412 12851428 0 352 0 2220 563338 38 0 5123 0
1791277366420048 2894001956 40 480 95427 229321083 0 2965352 13003952 0 352 0 2221 563430 38 0 5127 0
1791277366926168 2894508077 40 480 96511 232067168 0 3004224 13178696 0 353 0 2221 563525 38 0 5132 0
1791277367428089 2895009997 40 480 97302 233502498 0 3028512 13340400 0 353 0 2222 563622 38 0 5134 0
1791277367928654 2895510562 40 480 98036 236128430 0 3050772 13501724 0 353 0 2222 563716 38 0 5140 0
1791277368429546 2896011455 40 480 98979 238083319 0 3078900 13631524 0 353 0 2223 563803 38 0 5149 0
1791277368934125 2896516033 40 480 100074 240336873 0 3115572 13754764 0 353 0 2223 563896 38 0 5155 0
1791277369436314 2897018223 41 480 101192 243326687 0 3150612 13899428 0 353 0 2225 563983 38 0 5164 0
1791277369936832 2897518741 41 480 102420 245896856 0 3194700 14050256 0 353 0 2226 564076 38 0 5170 0
1791277370437509 2898019418 41 480 102611 246135040 0 3195384 14063617 0 353 0 2226 564169 38 0 5174 0
1791277370939404 2898521313 41 480 102690 246219800 0 3195384 14071209 0 353 0 2226 564267 38 0 5175 0
1791277371439667 2899021576 41 480 102769 246305238 0 3195384 14078929 0 353 0 2226 564360 38 0 5177 0
1791277371942562 2899524471 41 480 102849 246393890 0 3195384 14086649 0 353 0 2226 564460 38 0 5177 0
1791277372443581 2900025490 41 480 102928 246480070 0 3195384 14094241 0 353 0 2226 564559 38 0 5177 0
1791277372944171 2900526079 41 480 103007 246558401 0 3195384 14101961 0 353 0 2226 564656 38 0 5178 0
1791277373447506 2901029415 41 480 103087 246638883 0 3195384 14109553 0 353 0 2226 564751 38 0 5179 0
1791277373948590 2901530498 41 480 103169 246733162 0 3195384 14117633 0 353 0 2226 564844 38 0 5182 0
1791277374450493 2902032402 41 480 103247 246819299 0 3195384 14125353 0 354 0 2226 564938 38 0 5185 0
1791277374954050 2902535959 42 480 103328 246913206 0 3195384 14133073 0 354 0 2227 565036 38 0 5185 0
1791277375455244 2903037152 42 480 103407 247012296 0 3195384 14140665 0 354 0 2227 565132 38 0 5186 0
1791277375955806 2903537715 42 480 103485 247097958 0 3195384 14148385 0 354 0 2227 565228 38 0 5188 0
1791277376457642 2904039551 42 480 103565 247199686 0 3195384 14155977 0 354 0 2228 565321 38 0 5191 0
1791277376958368 2904540277 42 480 103644 247303333 0 3195384 14163697 0 354 0 2228 565414 38 0 5192 0
1791277377458686 2905040595 42 480 103723 247400341 0 3195384 14171289 0 354 0 2229 565510 38 0 5193 0
1791277377957965 2905539874 42 480 103803 247758418 0 3195384 14179009 0 354 0 2230 565604 38 0 5195 0
