# hz=100 page_bytes=4096 possible_cpus=2
# program_id=88 jit_bytes=8483 xlated_bytes=4776
# pos:	0
# flags:	02000002
# mnt_id:	10
# ino:	26
# prog_type:	1
# prog_jited:	1
# prog_tag:	1a92932acb008231
# memlock:	8192
# prog_id:	88
# run_time_ns:	0
# run_cnt:	0
# recursion_misses:	0
# verified_insns:	199283
# map=counters type=6 key=4 value=32 max_entries=1
# pos:	0
# flags:	02000002
# mnt_id:	10
# ino:	26
# map_type:	6
# key_size:	4
# value_size:	32
# max_entries:	1
# map_flags:	0x0
# map_extra:	0x0
# memlock:	268
# map_id:	125
# frozen:	0
# map=accounting type=2 key=4 value=24 max_entries=1
# pos:	0
# flags:	02000002
# mnt_id:	10
# ino:	26
# map_type:	2
# key_size:	4
# value_size:	24
# max_entries:	1
# map_flags:	0x0
# map_extra:	0x0
# memlock:	224
# map_id:	126
# frozen:	0
# map=flows type=9 key=36 value=32 max_entries=1024
# pos:	0
# flags:	02000002
# mnt_id:	10
# ino:	26
# map_type:	9
# key_size:	36
# value_size:	32
# max_entries:	1024
# map_flags:	0x0
# map_extra:	0x0
# memlock:	107456
# map_id:	123
# frozen:	0
# map=departures type=9 key=40 value=8 max_entries=8192
# pos:	0
# flags:	02000002
# mnt_id:	10
# ino:	26
# map_type:	9
# key_size:	40
# value_size:	8
# max_entries:	8192
# map_flags:	0x0
# map_extra:	0x0
# memlock:	656320
# map_id:	122
# frozen:	0
# map=samples type=27 key=0 value=0 max_entries=262144
# pos:	0
# flags:	02000002
# mnt_id:	10
# ino:	26
# map_type:	27
# key_size:	0
# value_size:	0
# max_entries:	262144
# map_flags:	0x0
# map_extra:	0x0
# memlock:	275148
# map_id:	124
# frozen:	0
realtime_us monotonic_us daemon_ticks rss_pages runs runtime_ns ring_full ack_bytes upload_bytes unaccounted host_user host_nice host_system host_idle host_iowait host_irq host_softirq host_steal
1791255351631066 24007306249 27 466 0 0 0 0 2560 0 1596 0 6616 4757899 57 0 21096 0
1791255352132406 24007807589 27 466 79 210025 0 0 10280 0 1596 0 6617 4757997 57 0 21096 0
1791255352634665 24008309849 27 466 158 384942 0 0 17872 0 1596 0 6617 4758091 57 0 21097 0
1791255353138470 24008813653 27 466 239 552803 0 0 25824 0 1596 0 6618 4758189 57 0 21098 0
1791255353639225 24009314408 27 466 317 738398 0 0 33184 0 1597 0 6619 4758282 57 0 21099 0
1791255354142224 24009817408 28 466 398 898851 0 0 41136 0 1597 0 6621 4758377 57 0 21100 0
1791255354648095 24010323279 28 466 478 1018072 0 0 48856 0 1597 0 6623 4758472 57 0 21101 0
1791255355152953 24010828137 28 466 557 1177837 0 0 56576 0 1597 0 6624 4758566 57 0 21105 0
1791255355653317 24011328501 28 466 636 1332476 0 0 64168 0 1598 0 6624 4758664 57 0 21106 0
1791255356154903 24011830087 28 466 718 1472428 0 0 71972 0 1598 0 6625 4758757 57 0 21107 0
1791255356655571 24012330755 28 466 798 1614753 0 0 79924 0 1598 0 6625 4758854 57 0 21107 0
1791255357157063 24012832247 28 466 878 2232179 0 0 87516 0 1599 0 6625 4758947 57 0 21108 0
1791255357658234 24013333417 28 466 957 2342473 0 0 95236 0 1599 0 6625 4759041 57 0 21112 0
1791255358160710 24013835893 28 466 1035 2510948 0 0 102828 0 1599 0 6628 4759135 57 0 21112 0
1791255358663381 24014338565 28 466 1115 2695016 0 0 110548 0 1599 0 6628 4759229 57 0 21114 0
1791255359163907 24014839090 29 466 1194 2828779 0 0 118140 0 1599 0 6630 4759325 57 0 21114 0
1791255359665741 24015340924 29 466 1274 3085237 0 0 125964 0 1599 0 6631 4759420 57 0 21116 0
1791255360170753 24015845936 29 466 1487 3956477 0 576 243030 0 1600 0 6633 4759516 57 0 21118 0
1791255360674757 24016349941 29 466 1710 5311539 0 576 398974 0 1600 0 6633 4759609 57 0 21121 0
1791255361175994 24016851177 29 466 1948 6136622 0 576 570230 0 1600 0 6633 4759705 57 0 21122 0
1791255361676364 24017351548 29 466 2189 6937336 0 576 750878 0 1600 0 6633 4759800 57 0 21127 0
1791255362180119 24017855303 29 466 2415 7808155 0 576 908366 0 1600 0 6633 4759896 57 0 21128 0
1791255362680945 24018356129 29 466 2624 8434290 0 576 1024038 0 1600 0 6633 4759990 57 0 21130 0
1791255363182350 24018857534 29 466 2816 9182557 0 576 1136982 0 1600 0 6634 4760085 57 0 21133 0
1791255363683220 24019358404 30 466 3011 10476166 0 576 1258830 0 1600 0 6636 4760177 57 0 21137 0
1791255364188447 24019863630 31 466 3216 11563837 0 576 1396246 0 1600 0 6636 4760275 57 0 21139 0
1791255364692244 24020367428 31 466 3436 12407969 0 576 1541382 0 1600 0 6636 4760370 57 0 21143 0
1791255365194118 24020869301 31 466 3667 13103616 0 576 1706462 0 1600 0 6638 4760462 57 0 21145 0
1791255365698530 24021373713 31 466 3908 14185462 0 576 1882478 0 1600 0 6638 4760560 57 0 21149 0
1791255366204076 24021879259 31 466 4137 15092984 0 576 2043158 0 1600 0 6640 4760654 57 0 21150 0
1791255366705887 24022381071 31 466 4363 15822356 0 576 2182118 0 1600 0 6640 4760751 57 0 21153 0
1791255367212634 24022887817 31 466 4582 16836448 0 576 2322750 0 1600 0 6640 4760846 57 0 21157 0
1791255367719407 24023394590 32 466 4807 17424945 0 576 2477022 0 1601 0 6640 4760945 57 0 21159 0
1791255368222004 24023897188 32 466 5045 17909401 0 576 2645550 0 1601 0 6641 4761041 57 0 21161 0
1791255368722173 24024397357 32 466 5280 18725223 0 576 2816934 0 1601 0 6641 4761140 57 0 21161 0
1791255369223197 24024898381 32 466 5514 19602206 0 576 2979054 0 1601 0 6641 4761238 57 0 21162 0
1791255369723721 24025398905 32 466 5719 20510708 0 576 3107078 0 1601 0 6641 4761332 57 0 21165 0
1791255370225978 24025901162 32 466 5920 21046781 0 576 3239862 0 1601 0 6642 4761427 57 0 21166 0
1791255370728384 24026403568 32 466 6135 21549107 0 576 3386542 0 1602 0 6644 4761522 57 0 21166 0
1791255371228887 24026904071 32 466 6373 22479056 0 576 3546990 0 1602 0 6644 4761619 57 0 21167 0
1791255371729874 24027405057 32 466 6612 23239722 0 576 3715286 0 1602 0 6646 4761709 57 0 21172 0
1791255372232855 24027908039 32 466 6844 23721794 0 576 3872646 0 1602 0 6646 4761805 57 0 21174 0
1791255372733925 24028409109 32 466 7080 24267557 0 576 4039398 0 1603 0 6646 4761903 57 0 21174 0
1791255373234275 24028909459 33 466 7309 24989810 0 576 4198302 0 1603 0 6646 4761998 57 0 21176 0
1791255373735540 24029410723 33 466 7527 25719831 0 576 4343438 0 1603 0 6647 4762094 57 0 21177 0
1791255374237184 24029912368 33 466 7727 26325660 0 576 4471462 0 1603 0 6647 4762187 57 0 21180 0
1791255374737496 24030412680 33 466 7934 27117028 0 576 4610422 0 1603 0 6648 4762284 57 0 21182 0
1791255375238568 24030913752 33 466 8060 27345991 0 864 4644036 0 1603 0 6648 4762381 57 0 21183 0
1791255375744077 24031419260 33 466 8140 27440206 0 864 4651756 0 1604 0 6649 4762478 57 0 21183 0
1791255376244407 24031919590 33 466 8218 27544162 0 864 4659348 0 1604 0 6650 4762574 57 0 21183 0
1791255376747138 24032422321 33 466 8298 27647861 0 864 4667068 0 1604 0 6651 4762671 57 0 21184 0
1791255377249400 24032924584 33 466 8377 27754537 0 864 4674788 0 1604 0 6654 4762762 57 0 21188 0
1791255377753002 24033428185 33 466 8456 27880846 0 864 4682380 0 1605 0 6654 4762856 57 0 21190 0
1791255378253445 24033928628 33 466 9020 29385058 0 24408 4715164 0 1606 0 6654 4762950 57 0 21193 0
1791255378756292 24034431475 33 466 10034 32566981 0 58872 4757348 0 1606 0 6654 4763043 57 0 21202 0
1791255379256782 24034931966 33 466 10925 35891079 0 85848 4792148 0 1606 0 6654 4763127 57 0 21213 0
1791255379761971 24035437154 33 466 11853 39599637 0 114844 4828864 0 1606 0 6656 4763217 57 0 21218 0
1791255380263370 24035938553 33 466 12989 42338574 0 162892 4884632 0 1606 0 6657 4763308 57 0 21227 0
1791255380765725 24036440909 33 466 14197 44289095 0 219716 4949048 0 1606 0 6657 4763401 57 0 21234 0
1791255381266648 24036941832 34 466 15398 47412822 0 270256 5007308 0 1607 0 6658 4763496 57 0 21239 0
1791255381767630 24037442814 34 466 16513 49547754 0 311416 5056188 0 1607 0 6660 4763586 57 0 21246 0
1791255382272589 24037947772 35 466 17592 52108796 0 351736 5104100 0 1607 0 6660 4763678 57 0 21254 0
1791255382774628 24038449811 35 466 18651 54895275 0 390700 5150784 0 1607 0 6660 4763769 57 0 21260 0
1791255383276292 24038951476 35 466 19709 57536391 0 430096 5197900 0 1607 0 6661 4763864 57 0 21266 0
1791255383776595 24039451778 35 466 20716 60685056 0 466560 5241956 0 1607 0 6661 4763957 57 0 21272 0
1791255384283328 24039958511 35 466 21856 63825145 0 515216 5298564 0 1607 0 6665 4764044 57 0 21281 0
1791255384786427 24040461611 35 466 22872 67504957 0 552524 5343464 0 1608 0 6665 4764133 57 0 21292 0
1791255385287532 24040962715 35 466 23946 70163511 0 592856 5391516 0 1608 0 6666 4764224 57 0 21300 0
1791255385790373 24041465556 35 466 24990 73134013 0 630692 5436944 0 1610 0 6668 4764315 57 0 21304 0
1791255386292044 24041967228 35 466 26025 75431900 0 668180 5482152 0 1610 0 6668 4764402 57 0 21315 0
1791255386793712 24042468895 36 466 27022 79161940 0 703508 5525200 0 1611 0 6670 4764486 57 0 21327 0
1791255387294748 24042969932 36 466 28091 81538253 0 742772 5572056 0 1611 0 6672 4764579 57 0 21332 0
1791255387797795 24043472978 36 466 29205 85035165 0 787384 5624388 0 1612 0 6672 4764673 57 0 21337 0
1791255388304854 24043980038 36 466 30206 86980330 0 823384 5668340 0 1612 0 6673 4764769 57 0 21339 0
1791255388807604 24044482788 36 466 31191 90640736 0 856996 5709672 0 1612 0 6674 4764859 57 0 21347 0
1791255389311885 24044987068 36 466 32230 93638259 0 893188 5753584 0 1612 0 6674 4764950 57 0 21357 0
1791255389814303 24045489487 36 466 33237 96122829 0 928336 5796684 0 1612 0 6677 4765037 57 0 21365 0
1791255390316457 24045991640 37 466 34234 97942445 0 962272 5838108 0 1612 0 6677 4765131 57 0 21372 0
1791255390817140 24046492324 37 466 35214 100658209 0 995788 5879448 0 1612 0 6677 4765221 57 0 21379 0
1791255391321710 24046996894 37 466 36218 104172174 0 1029904 5921284 0 1612 0 6677 4765312 57 0 21385 0
1791255391824579 24047499763 37 466 37228 106966313 0 1065044 5964144 0 1612 0 6677 4765403 57 0 21391 0
1791255392326399 24048001583 37 466 38286 109213468 0 1108740 6015432 0 1612 0 6677 4765501 57 0 21395 0
1791255392827735 24048502919 38 466 39200 110986025 0 1140876 6055288 0 1612 0 6678 4765584 57 0 21407 0
1791255393328010 24049003193 38 466 40241 113329311 0 1177716 6099848 0 1612 0 6678 4765677 57 0 21413 0
1791255393831498 24049506682 38 466 41263 115487602 0 1213416 6143140 0 1613 0 6679 4765771 57 0 21417 0
1791255394332846 24050008030 38 466 42324 118039862 0 1251324 6188768 0 1613 0 6680 4765866 57 0 21421 0
1791255394835455 24050510639 38 466 43347 121216150 0 1287624 6232660 0 1613 0 6680 4765958 57 0 21431 0
1791255395335859 24051011042 38 466 44396 125042956 0 1324644 6277400 0 1613 0 6681 4766050 57 0 21437 0
1791255395837886 24051513069 38 466 45403 127351409 0 1359108 6319584 0 1613 0 6682 4766144 57 0 21441 0
1791255396338978 24052014161 39 466 46400 129984488 0 1393956 6362256 0 1613 0 6683 4766234 57 0 21449 0
1791255396842190 24052517374 39 466 47555 133039982 0 1441252 6417272 0 1613 0 6684 4766325 57 0 21457 0
1791255397348948 24053024132 39 466 48590 134873688 0 1477348 6461088 0 1614 0 6686 4766413 57 0 21465 0
1791255397852209 24053527392 39 466 49530 137006013 0 1509532 6500864 0 1614 0 6687 4766501 57 0 21475 0
1791255398356980 24054032164 39 466 50236 138074558 0 1527364 6533867 0 1614 0 6689 4766594 57 0 21480 0
1791255398857377 24054532561 39 466 50316 138183282 0 1527364 6541819 0 1614 0 6689 4766690 57 0 21480 0
1791255399358502 24055033686 39 466 50395 138278877 0 1527364 6549411 0 1614 0 6689 4766789 57 0 21480 0
1791255399861992 24055537175 40 466 50475 138388692 0 1527364 6557131 0 1614 0 6690 4766885 57 0 21481 0
1791255400362955 24056038139 40 466 50555 138512603 0 1527364 6564851 0 1614 0 6692 4766978 57 0 21482 0
1791255400864769 24056539952 40 466 50634 138640859 0 1527364 6572443 0 1615 0 6692 4767075 57 0 21483 0
1791255401365449 24057040633 40 466 50792 139800546 0 1528612 6606885 0 1615 0 6692 4767170 57 0 21488 0
1791255401865802 24057540985 40 466 51852 142636636 0 1564644 6730797 0 1616 0 6693 4767253 57 0 21503 0
1791255402371185 24058046368 40 466 52925 145017020 0 1597092 6837357 0 1616 0 6694 4767336 57 0 21517 0
1791255402872714 24058547897 40 466 53861 147287746 0 1620516 6939397 0 1617 0 6696 4767426 57 0 21522 0
1791255403376241 24059051425 40 466 54857 149420951 0 1647768 7043849 0 1617 0 6696 4767523 57 0 21525 0
1791255403883121 24059558305 41 466 55846 151431751 0 1685940 7168717 0 1617 0 6698 4767609 57 0 21535 0
1791255404385553 24060060737 41 466 56901 153720246 0 1726464 7301753 0 1617 0 6698 4767702 57 0 21541 0
1791255404889072 24060564256 41 466 58070 155995024 0 1772728 7451465 0 1617 0 6700 4767794 57 0 21545 0
1791255405389314 24061064498 41 466 59267 158023683 0 1818904 7614857 0 1617 0 6700 4767882 57 0 21555 0
1791255405890599 24061565783 41 466 60374 160571074 0 1858296 7773137 0 1617 0 6702 4767963 57 0 21568 0
1791255406394262 24062069445 41 466 61186 162771532 0 1881768 7947793 0 1617 0 6702 4768060 57 0 21572 0
1791255406894593 24062569777 41 466 61792 163924131 0 1898084 8107701 0 1617 0 6702 4768158 57 0 21573 0
1791255407396667 24063071851 41 466 62402 165686495 0 1912880 8247433 0 1617 0 6702 4768255 57 0 21577 0
1791255407904250 24063579434 42 466 63354 168795108 0 1939832 8378193 0 1618 0 6707 4768342 57 0 21583 0
1791255408409849 24064085033 42 466 64482 171949966 0 1975532 8515669 0 1618 0 6708 4768437 57 0 21588 0
1791255408914566 24064589750 42 466 65552 175088047 0 2008652 8650693 0 1618 0 6710 4768531 57 0 21592 0
1791255409415484 24065090667 44 466 66655 182552922 0 2040092 8807197 0 1620 0 6712 4768612 57 0 21606 0
1791255409916908 24065592092 44 466 67791 186311226 0 2074760 8989961 0 1620 0 6712 4768703 57 0 21616 0
1791255410422535 24066097719 44 466 68740 188526791 0 2104040 9158433 0 1620 0 6713 4768795 57 0 21622 0
1791255410922695 24066597879 44 466 69711 192018420 0 2132720 9282609 0 1620 0 6713 4768886 57 0 21631 0
1791255411423965 24067099149 44 466 70723 195315854 0 2162672 9382145 0 1621 0 6713 4768979 57 0 21636 0
1791255411924698 24067599882 44 466 71821 198334406 0 2205656 9496153 0 1621 0 6714 4769069 57 0 21643 0
1791255412425828 24068101012 44 466 72657 202221040 0 2233116 9617797 0 1621 0 6714 4769171 57 0 21643 0
1791255412928521 24068603705 44 466 73531 206585521 0 2259612 9758549 0 1621 0 6716 4769261 57 0 21650 0
1791255413429531 24069104715 46 466 74582 210618716 0 2294364 9908973 0 1621 0 6718 4769349 57 0 21659 0
1791255413933015 24069608198 46 466 75656 215326509 0 2327604 10076541 0 1621 0 6719 4769439 57 0 21666 0
1791255414437444 24070112627 46 466 76628 219118263 0 2355924 10246781 0 1621 0 6720 4769530 57 0 21674 0
1791255414939365 24070614549 46 466 77356 220675598 0 2376996 10409773 0 1621 0 6720 4769627 57 0 21677 0
1791255415441710 24071116894 46 466 77978 221996207 0 2393640 10557657 0 1621 0 6720 4769722 57 0 21681 0
1791255415942301 24071617485 46 466 78994 224575879 0 2425308 10694317 0 1621 0 6723 4769815 57 0 21684 0
1791255416444473 24072119657 46 466 80153 228760406 0 2463996 10841317 0 1621 0 6725 4769903 57 0 21694 0
1791255416945109 24072620292 47 466 81302 232566739 0 2501712 10992929 0 1623 0 6729 4769990 57 0 21701 0
1791255417445745 24073120928 47 466 82475 235450375 0 2539272 11169681 0 1623 0 6731 4770080 57 0 21710 0
1791255417953545 24073628728 47 466 83402 237764523 0 2568480 11339393 0 1623 0 6731 4770177 57 0 21713 0
1791255418454670 24074129854 47 466 84372 240233805 0 2597568 11477977 0 1623 0 6731 4770271 57 0 21718 0
1791255418956538 24074631722 47 466 85454 242915328 0 2631072 11602577 0 1623 0 6732 4770366 57 0 21723 0
1791255419461432 24075136616 47 466 86540 245225360 0 2665440 11741937 0 1623 0 6732 4770459 57 0 21730 0
1791255419962509 24075637693 48 466 87660 247621708 0 2706396 11884901 0 1623 0 6733 4770551 57 0 21737 0
1791255420467014 24076142198 48 466 88733 251022519 0 2746768 12041073 0 1623 0 6734 4770647 57 0 21742 0
1791255420968498 24076643682 48 466 89671 253152846 0 2777032 12211713 0 1623 0 6734 4770740 57 0 21747 0
1791255421471166 24077146350 48 466 90314 254408178 0 2796640 12376457 0 1624 0 6734 4770837 57 0 21747 0
1791255421972138 24077647321 48 466 90830 256623627 0 2809888 12536257 0 1624 0 6734 4770927 57 0 21753 0
1791255422474756 24078149939 48 466 91474 258151021 0 2827168 12681689 0 1625 0 6734 4771020 57 0 21756 0
1791255422977147 24078652331 48 466 92542 260960878 0 2861440 12818097 0 1625 0 6735 4771107 57 0 21769 0
1791255423482924 24079158108 48 466 93663 264462237 0 2896576 12970449 0 1625 0 6735 4771196 57 0 21778 0
1791255423990012 24079665196 48 466 94841 269104610 0 2935360 13142017 0 1625 0 6736 4771288 57 0 21786 0
1791255424493337 24080168521 51 466 95894 272103337 0 2966944 13320153 0 1625 0 6739 4771374 57 0 21797 0
1791255424993930 24080669114 51 466 96781 274222253 0 2995264 13470449 0 1625 0 6740 4771462 57 0 21808 0
1791255425494237 24081169420 51 466 97852 278873251 0 3028192 13577489 0 1625 0 6741 4771552 57 0 21815 0
1791255425994860 24081670043 51 466 98991 281385652 0 3068200 13693025 0 1625 0 6741 4771646 57 0 21818 0
1791255426496595 24082171778 51 466 100007 283769312 0 3101796 13794309 0 1625 0 6744 4771740 57 0 21822 0
1791255426998824 24082674007 51 466 100087 283885767 0 3101796 13802029 0 1625 0 6744 4771837 57 0 21823 0
1791255427501771 24083176954 52 466 100166 283991359 0 3101796 13809621 0 1625 0 6744 4771932 57 0 21824 0
1791255428008020 24083683204 52 466 100247 284097597 0 3101796 13817469 0 1627 0 6745 4772024 57 0 21826 0
1791255428508759 24084183942 52 466 100326 284189691 0 3101796 13825061 0 1627 0 6747 4772120 57 0 21826 0
1791255429011201 24084686385 52 466 100405 284268642 0 3101796 13832781 0 1627 0 6747 4772216 57 0 21827 0
1791255429514812 24085189995 52 466 100484 284709086 0 3101796 13840373 0 1628 0 6750 4772310 57 0 21827 0
1791255430017130 24085692314 52 466 100565 284815386 0 3101796 13848325 0 1628 0 6751 4772405 57 0 21828 0
1791255430524874 24086200057 52 466 100644 285135171 0 3101796 13856045 0 1628 0 6751 4772495 57 0 21832 0
1791255431026267 24086701450 52 466 100726 285227023 0 3101796 13863765 0 1628 0 6753 4772590 57 0 21835 0
1791255431532836 24087208019 52 466 100805 285473221 0 3101796 13871357 0 1628 0 6755 4772684 57 0 21835 0
1791255432033509 24087708692 52 466 100884 285595334 0 3101796 13879077 0 1628 0 6756 4772781 57 0 21835 0
1791255432535456 24088210639 52 466 100964 285989836 0 3101796 13886797 0 1629 0 6758 4772877 57 0 21835 0
1791255433035985 24088711169 53 466 101045 286101432 0 3101796 13894621 0 1629 0 6759 4772970 57 0 21837 0
1791255433540123 24089215306 53 466 101123 286203785 0 3101796 13902341 0 1629 0 6760 4773063 57 0 21837 0
1791255434040820 24089716004 53 466 101203 286311121 0 3101796 13909933 0 1629 0 6761 4773157 57 0 21838 0
1791255434472491 24090147674 53 466 101270 286624806 0 3101796 13916469 0 1629 0 6764 4773235 57 0 21839 0
