# hz=100 page_bytes=4096 possible_cpus=2
# program_id=68 jit_bytes=6701 xlated_bytes=3728
# pos:	0
# flags:	02000002
# mnt_id:	10
# ino:	26
# prog_type:	1
# prog_jited:	1
# prog_tag:	e45e774793fd1fbd
# memlock:	4096
# prog_id:	68
# run_time_ns:	0
# run_cnt:	0
# recursion_misses:	0
# verified_insns:	199065
# map=counters type=6 key=4 value=24 max_entries=1
# pos:	0
# flags:	02000002
# mnt_id:	10
# ino:	26
# map_type:	6
# key_size:	4
# value_size:	24
# max_entries:	1
# map_flags:	0x0
# map_extra:	0x0
# memlock:	252
# map_id:	101
# frozen:	0
# map=flows type=9 key=36 value=32 max_entries=1024
# pos:	0
# flags:	02000002
# mnt_id:	10
# ino:	26
# map_type:	9
# key_size:	36
# value_size:	32
# max_entries:	1024
# map_flags:	0x0
# map_extra:	0x0
# memlock:	107456
# map_id:	99
# frozen:	0
# map=departures type=9 key=40 value=8 max_entries=8192
# pos:	0
# flags:	02000002
# mnt_id:	10
# ino:	26
# map_type:	9
# key_size:	40
# value_size:	8
# max_entries:	8192
# map_flags:	0x0
# map_extra:	0x0
# memlock:	656320
# map_id:	98
# frozen:	0
# map=samples type=27 key=0 value=0 max_entries=262144
# pos:	0
# flags:	02000002
# mnt_id:	10
# ino:	26
# map_type:	27
# key_size:	0
# value_size:	0
# max_entries:	262144
# map_flags:	0x0
# map_extra:	0x0
# memlock:	275148
# map_id:	100
# frozen:	0
realtime_us monotonic_us daemon_ticks rss_pages runs runtime_ns ring_full ack_bytes upload_bytes unaccounted host_user host_nice host_system host_idle host_iowait host_irq host_softirq host_steal
1791252586923549 21242598733 26 467 0 0 0 0 1960 0 1249 0 5370 4214495 53 0 15922 0
1791252587428964 21243104147 26 467 80 83127 0 0 8682 0 1249 0 5370 4214594 53 0 15922 0
1791252587929697 21243604880 26 467 160 140916 0 0 15104 0 1249 0 5370 4214687 53 0 15923 0
1791252588434237 21244109420 26 467 239 202316 0 0 21624 0 1249 0 5370 4214784 53 0 15924 0
1791252588940453 21244615636 26 467 318 261235 0 0 28046 0 1249 0 5372 4214879 53 0 15924 0
1791252589443454 21245118638 27 467 398 310535 0 0 34566 0 1249 0 5372 4214977 53 0 15924 0
1791252589948143 21245623327 27 467 477 365320 0 0 41086 0 1249 0 5373 4215075 53 0 15924 0
1791252590451975 21246127159 27 467 558 421248 0 0 47710 0 1249 0 5374 4215173 53 0 15924 0
1791252590953586 21246628769 27 467 638 473923 0 0 54230 0 1249 0 5374 4215268 53 0 15927 0
1791252591454367 21247129551 27 467 719 533992 0 0 60792 0 1249 0 5374 4215365 53 0 15928 0
1791252591956778 21247631962 27 467 798 592012 0 0 67214 0 1249 0 5375 4215458 53 0 15928 0
1791252592461613 21248136797 27 467 877 646540 0 0 73734 0 1249 0 5376 4215551 53 0 15930 0
1791252592962802 21248637985 27 467 957 735622 0 0 80254 0 1249 0 5377 4215645 53 0 15932 0
1791252593465084 21249140267 27 467 1036 845270 0 0 86676 0 1249 0 5378 4215735 53 0 15934 0
1791252593965471 21249640654 27 467 1116 955346 0 0 93398 0 1250 0 5381 4215826 53 0 15936 0
1791252594471691 21250146875 28 467 1196 1067581 0 0 99918 0 1250 0 5383 4215916 53 0 15938 0
1791252594974784 21250649967 28 467 1280 1291560 0 66 106583 0 1251 0 5384 4216008 53 0 15939 0
1791252595476852 21251152035 28 467 1492 2502793 0 330 224326 0 1251 0 5385 4216105 53 0 15941 0
1791252595977954 21251653138 28 467 1712 3591791 0 330 376092 0 1251 0 5385 4216200 53 0 15946 0
1791252596478525 21252153709 28 467 1953 4713659 0 330 543096 0 1252 0 5385 4216285 53 0 15956 0
1791252596980098 21252655282 28 467 2183 5872547 0 330 708488 0 1252 0 5386 4216374 53 0 15963 0
1791252597480784 21253155968 29 467 2416 6989688 0 330 864894 0 1252 0 5386 4216468 53 0 15967 0
1791252597981535 21253656719 29 467 2619 7515021 0 330 983450 0 1252 0 5386 4216565 53 0 15969 0
1791252598482013 21254157197 29 467 2810 7888516 0 330 1098880 0 1252 0 5386 4216661 53 0 15969 0
1791252598983569 21254658753 29 467 3014 8308991 0 330 1226520 0 1252 0 5387 4216760 53 0 15970 0
1791252599487722 21255162906 29 467 3230 8926949 0 330 1367786 0 1253 0 5387 4216856 53 0 15973 0
1791252599988060 21255663243 29 467 3459 9362928 0 330 1524094 0 1253 0 5388 4216950 53 0 15976 0
1791252600488491 21256163675 29 467 3701 9917411 0 330 1692612 0 1254 0 5388 4217044 53 0 15978 0
1791252600990368 21256665552 29 467 3932 10413522 0 330 1850734 0 1254 0 5389 4217138 53 0 15980 0
1791252601492978 21257168162 29 467 4162 11041904 0 330 2005528 0 1254 0 5390 4217232 53 0 15982 0
1791252601998851 21257674034 29 467 4377 11587849 0 330 2137710 0 1254 0 5391 4217324 53 0 15988 0
1791252602503185 21258178368 29 467 4586 12144036 0 330 2275948 0 1254 0 5394 4217417 53 0 15991 0
1791252603009852 21258685036 29 467 4814 13050912 0 330 2430938 0 1255 0 5395 4217515 53 0 15992 0
1791252603513226 21259188410 29 467 5054 13816538 0 330 2601074 0 1255 0 5396 4217609 53 0 15996 0
1791252604013564 21259688748 29 467 5286 14576573 0 330 2771106 0 1255 0 5396 4217705 53 0 15999 0
1791252604514228 21260189412 30 467 5506 15259241 0 330 2910858 0 1255 0 5397 4217794 53 0 16007 0
1791252605014386 21260689570 30 467 5696 15641790 0 330 3014176 0 1255 0 5398 4217890 53 0 16008 0
1791252605515543 21261190727 30 467 5888 16219712 0 330 3129704 0 1255 0 5398 4217985 53 0 16012 0
1791252606016895 21261692078 30 467 6092 16978907 0 330 3257344 0 1255 0 5398 4218078 53 0 16015 0
1791252606522227 21262197411 30 467 6308 17740895 0 330 3398512 0 1255 0 5398 4218178 53 0 16016 0
1791252607024748 21262699932 31 467 6535 18458550 0 330 3553404 0 1255 0 5399 4218269 53 0 16023 0
1791252607526269 21263201452 31 467 6771 19436135 0 330 3724852 0 1255 0 5399 4218366 53 0 16025 0
1791252608028237 21263703421 31 467 6997 19929014 0 330 3885800 0 1255 0 5399 4218464 53 0 16026 0
1791252608532383 21264207566 31 467 7222 20631559 0 330 4027268 0 1255 0 5400 4218562 53 0 16026 0
1791252609034407 21264709591 31 467 7424 21912630 0 330 4154810 0 1256 0 5400 4218652 53 0 16030 0
1791252609535276 21265210460 31 467 7638 23020184 0 330 4296076 0 1257 0 5402 4218748 53 0 16030 0
1791252610038205 21265713388 31 467 7864 23478762 0 330 4452384 0 1257 0 5403 4218842 53 0 16034 0
1791252610538569 21266213753 31 467 7996 23644856 0 594 4487068 0 1257 0 5404 4218937 53 0 16036 0
1791252611042890 21266718073 31 467 8075 23704787 0 594 4493588 0 1257 0 5405 4219031 53 0 16038 0
1791252611543109 21267218293 31 467 8154 23764000 0 594 4500010 0 1257 0 5405 4219128 53 0 16038 0
1791252612047276 21267722459 32 467 8234 23817524 0 594 4506530 0 1257 0 5405 4219227 53 0 16038 0
1791252612552875 21268228059 32 467 8315 23874519 0 594 4513252 0 1257 0 5406 4219321 53 0 16041 0
1791252613053417 21268728600 32 467 8393 23923513 0 594 4519674 0 1258 0 5406 4219415 53 0 16043 0
1791252613554821 21269230005 32 467 8999 25352311 0 18822 4545582 0 1259 0 5407 4219505 53 0 16049 0
1791252614056094 21269731277 32 467 10256 28386344 0 57678 4590860 0 1260 0 5407 4219599 53 0 16056 0
1791252614558720 21270233903 32 467 11469 30533299 0 94228 4633930 0 1260 0 5407 4219689 53 0 16065 0
1791252615063069 21270738253 32 467 12596 32901447 0 126184 4672308 0 1261 0 5409 4219781 53 0 16070 0
1791252615564810 21271239994 32 467 13700 35515300 0 156310 4708954 0 1261 0 5411 4219873 53 0 16076 0
1791252616066403 21271741586 33 467 14837 37811168 0 187240 4746606 0 1262 0 5412 4219961 53 0 16087 0
1791252616570650 21272245834 33 467 15927 40128160 0 215584 4781372 0 1262 0 5412 4220058 53 0 16090 0
1791252617072986 21272748170 33 467 16990 42580218 0 242602 4814910 0 1262 0 5414 4220143 53 0 16101 0
1791252617573744 21273248927 33 467 18030 45105925 0 269662 4848392 0 1262 0 5416 4220233 53 0 16108 0
1791252618074971 21273750154 33 467 19117 47893115 0 297808 4883058 0 1262 0 5416 4220323 53 0 16117 0
1791252618577784 21274252968 33 467 20161 50045687 0 326816 4918586 0 1262 0 5416 4220420 53 0 16120 0
1791252619078227 21274753410 33 467 21173 53195264 0 351134 4949326 0 1263 0 5417 4220511 53 0 16125 0
1791252619578658 21275253842 34 467 22224 55452563 0 377150 4981862 0 1263 0 5417 4220603 53 0 16133 0
1791252620084849 21275760033 34 467 23277 57771886 0 403022 5014254 0 1263 0 5417 4220696 53 0 16140 0
1791252620586775 21276261958 34 467 24276 60828894 0 426716 5044572 0 1264 0 5418 4220790 53 0 16145 0
1791252621089680 21276764864 34 467 25264 62495587 0 450080 5074254 0 1264 0 5420 4220882 53 0 16149 0
1791252621591950 21277267134 34 467 26274 65515922 0 474416 5105214 0 1264 0 5421 4220974 53 0 16156 0
1791252622093904 21277769088 34 467 27444 67702888 0 509790 5147108 0 1264 0 5422 4221067 53 0 16162 0
1791252622597174 21278272357 34 467 28470 69840122 0 535752 5179590 0 1265 0 5423 4221159 53 0 16170 0
1791252623100738 21278775922 34 467 29484 71565992 0 560370 5210630 0 1266 0 5424 4221251 53 0 16174 0
1791252623602868 21279278052 34 467 30553 74085389 0 588012 5244792 0 1267 0 5425 4221339 53 0 16183 0
1791252624103365 21279778549 34 467 31562 78033950 0 613050 5276350 0 1267 0 5427 4221429 53 0 16191 0
1791252624607473 21280282656 35 467 32569 82201400 0 636786 5306508 0 1268 0 5429 4221515 53 0 16204 0
1791252625112791 21280787974 35 467 33618 85737960 0 662130 5338672 0 1268 0 5434 4221601 53 0 16213 0
1791252625613446 21281288630 35 467 34621 88700963 0 685560 5368524 0 1268 0 5441 4221681 53 0 16225 0
1791252626120770 21281795953 35 467 35658 92634081 0 712158 5401642 0 1268 0 5444 4221765 53 0 16240 0
1791252626622598 21282297781 36 467 36622 94968074 0 738552 5434458 0 1268 0 5447 4221855 53 0 16246 0
1791252627122821 21282798004 36 467 37421 97188456 0 757446 5459872 0 1268 0 5448 4221947 53 0 16251 0
1791252627623666 21283298849 36 467 38364 99524941 0 779154 5488002 0 1268 0 5448 4222042 53 0 16256 0
1791252628124279 21283799463 37 467 39283 101199794 0 799428 5514796 0 1269 0 5448 4222136 53 0 16261 0
1791252628628178 21284303361 37 467 40252 103411495 0 820548 5542638 0 1270 0 5449 4222233 53 0 16264 0
1791252629131782 21284806966 37 467 41197 105090975 0 840672 5569282 0 1270 0 5450 4222323 53 0 16271 0
1791252629632591 21285307774 37 467 42182 107430867 0 862980 5598012 0 1270 0 5451 4222417 53 0 16275 0
1791252630135119 21285810302 37 467 43156 109461671 0 885288 5626840 0 1270 0 5451 4222508 53 0 16284 0
1791252630642314 21286317498 37 467 44124 111680392 0 907530 5655504 0 1270 0 5452 4222600 53 0 16293 0
1791252631142655 21286817839 37 467 45189 114564108 0 939026 5693520 0 1270 0 5454 4222691 53 0 16300 0
1791252631644058 21287319242 37 467 46138 117151581 0 963918 5724932 0 1270 0 5456 4222783 53 0 16306 0
1791252632150091 21287825275 37 467 47133 119413544 0 988044 5755682 0 1270 0 5460 4222872 53 0 16314 0
1791252632651039 21288326223 38 467 48163 122043093 0 1013118 5787074 0 1270 0 5463 4222964 53 0 16318 0
1791252633154754 21288829938 38 467 49145 124787803 0 1036794 5817374 0 1270 0 5467 4223051 53 0 16325 0
1791252633655663 21289330846 38 467 49918 126798504 0 1049676 5843289 0 1270 0 5467 4223142 53 0 16333 0
1791252634156007 21289831190 38 467 49997 126853374 0 1049676 5849809 0 1270 0 5467 4223240 53 0 16333 0
1791252634656626 21290331810 38 467 50076 126911622 0 1049676 5856231 0 1270 0 5468 4223334 53 0 16334 0
1791252635158855 21290834039 38 467 50156 126967976 0 1049676 5862751 0 1270 0 5470 4223425 53 0 16336 0
1791252635662287 21291337471 38 467 50234 127209932 0 1049676 5869173 0 1270 0 5470 4223523 53 0 16337 0
1791252636162585 21291837769 38 467 50314 127268461 0 1049676 5875693 0 1272 0 5470 4223619 53 0 16337 0
1791252636663169 21292338353 38 467 50464 127733489 0 1050534 5903013 0 1273 0 5470 4223712 53 0 16340 0
1791252637166855 21292842039 38 467 51543 131334831 0 1078890 6005921 0 1273 0 5470 4223801 53 0 16350 0
1791252637667163 21293342347 38 467 52597 134776827 0 1102980 6083465 0 1273 0 5471 4223894 53 0 16357 0
1791252638172497 21293847681 38 467 53677 137188738 0 1129948 6174589 0 1273 0 5471 4223979 53 0 16369 0
1791252638674727 21294349910 38 467 54690 138777899 0 1162184 6286017 0 1273 0 5471 4224073 53 0 16375 0
1791252639175522 21294850705 39 467 55829 141531825 0 1198152 6410163 0 1273 0 5472 4224169 53 0 16379 0
1791252639684077 21295359261 39 467 56814 143472805 0 1222478 6553045 0 1273 0 5473 4224259 53 0 16386 0
1791252640184567 21295859751 39 467 57780 145731339 0 1242758 6708535 0 1274 0 5473 4224355 53 0 16388 0
1791252640684995 21296360178 39 467 58530 147328936 0 1257254 6865713 0 1274 0 5473 4224443 53 0 16399 0
1791252641186871 21296862054 39 467 59188 148526295 0 1269140 7018865 0 1274 0 5473 4224536 53 0 16405 0
1791252641689967 21297365151 40 467 59982 150124071 0 1284080 7141665 0 1274 0 5474 4224628 53 0 16412 0
1791252642192786 21297867970 40 467 61016 153036905 0 1304342 7265545 0 1274 0 5476 4224718 53 0 16420 0
1791252642693143 21298368327 40 467 62099 155521128 0 1327046 7381067 0 1274 0 5476 4224808 53 0 16428 0
1791252643194115 21298869299 40 467 63234 157747914 0 1351664 7522629 0 1274 0 5477 4224899 53 0 16435 0
1791252643694782 21299369965 40 467 64369 160883826 0 1375028 7684231 0 1274 0 5478 4224987 53 0 16445 0
1791252644195852 21299871035 40 467 65320 162309634 0 1398202 7839587 0 1274 0 5480 4225077 53 0 16455 0
1791252644698901 21300374085 40 467 66153 163914764 0 1415314 7970615 0 1274 0 5481 4225167 53 0 16462 0
1791252645203604 21300878788 40 467 67286 166450428 0 1442314 8064695 0 1274 0 5481 4225259 53 0 16469 0
1791252645704624 21301379807 41 467 68343 168700021 0 1465678 8170181 0 1274 0 5482 4225354 53 0 16473 0
1791252646211491 21301886675 41 467 69431 171166297 0 1489426 8288359 0 1275 0 5486 4225442 53 0 16480 0
1791252646713718 21302388902 41 467 70590 173627364 0 1515328 8416365 0 1275 0 5486 4225537 53 0 16485 0
1791252647214380 21302889564 41 467 71701 176000052 0 1538566 8561089 0 1275 0 5486 4225628 53 0 16494 0
1791252647719508 21303394692 41 467 72822 177808576 0 1562374 8723135 0 1275 0 5487 4225723 53 0 16498 0
1791252648221035 21303896219 41 467 73733 179798719 0 1581118 8881631 0 1275 0 5490 4225816 53 0 16499 0
1791252648724184 21304399367 41 467 74638 182320398 0 1599706 9002023 0 1275 0 5490 4225911 53 0 16504 0
1791252649224562 21304899746 42 467 75676 184008024 0 1621684 9097137 0 1275 0 5490 4226004 53 0 16510 0
1791252649726010 21305401194 42 467 76755 185789972 0 1645046 9204135 0 1275 0 5490 4226090 53 0 16525 0
1791252650234282 21305909466 42 467 77824 187781771 0 1674544 9323625 0 1275 0 5492 4226184 53 0 16528 0
1791252650736173 21306411357 42 467 78813 189457713 0 1696198 9459293 0 1276 0 5492 4226281 53 0 16530 0
1791252651237157 21306912341 42 467 79966 191998119 0 1721842 9607937 0 1276 0 5494 4226374 53 0 16535 0
1791252651737859 21307413043 42 467 80976 193664363 0 1742002 9772391 0 1276 0 5494 4226465 53 0 16542 0
1791252652243582 21307918765 42 467 81746 195219917 0 1757116 9921201 0 1276 0 5495 4226557 53 0 16548 0
1791252652748918 21308424102 43 467 82665 197345328 0 1775888 10043389 0 1277 0 5496 4226649 53 0 16553 0
1791252653252646 21308927829 43 467 83707 200279599 0 1796324 10158261 0 1277 0 5496 4226741 53 0 16560 0
1791252653755172 21309430355 43 467 84793 203899849 0 1819094 10261737 0 1278 0 5496 4226824 53 0 16574 0
1791252654260435 21309935619 44 467 85899 207350315 0 1841930 10383447 0 1278 0 5498 4226912 53 0 16585 0
1791252654764071 21310439254 44 467 86994 211315242 0 1864832 10521779 0 1279 0 5499 4226999 53 0 16595 0
1791252655265446 21310940629 44 467 88144 215099856 0 1891408 10677509 0 1279 0 5499 4227091 53 0 16604 0
1791252655768729 21311443912 45 467 89151 218747137 0 1917614 10820861 0 1280 0 5500 4227180 53 0 16612 0
1791252656269742 21311944925 45 467 89921 221238596 0 1934216 10977215 0 1280 0 5502 4227270 53 0 16619 0
1791252656770795 21312445978 45 467 90493 223518985 0 1944788 11128955 0 1281 0 5502 4227367 53 0 16620 0
1791252657274257 21312949441 45 467 91167 226403324 0 1956800 11256495 0 1281 0 5503 4227457 53 0 16628 0
1791252657775255 21313450438 45 467 92223 229927608 0 1978814 11377383 0 1281 0 5503 4227545 53 0 16639 0
1791252658275644 21313950828 46 467 93320 232788395 0 2003888 11510317 0 1281 0 5504 4227631 53 0 16653 0
1791252658776531 21314451715 46 467 94472 235932662 0 2029694 11662151 0 1281 0 5505 4227721 53 0 16661 0
1791252659278744 21314953928 46 467 95525 238632594 0 2052662 11821843 0 1282 0 5505 4227813 53 0 16667 0
1791252659781236 21315456420 46 467 96396 240884883 0 2072462 11967671 0 1285 0 5506 4227903 53 0 16673 0
1791252660287241 21315962424 46 467 97436 242366711 0 2094452 12077937 0 1285 0 5507 4227992 53 0 16684 0
1791252660790344 21316465528 46 467 98509 245475315 0 2117252 12184471 0 1285 0 5508 4228085 53 0 16689 0
1791252661294404 21316969588 46 467 99585 247761768 0 2139626 12299865 0 1286 0 5508 4228177 53 0 16696 0
1791252661796495 21317471679 47 467 100718 251854105 0 2165246 12410932 0 1290 0 5509 4228262 53 0 16704 0
1791252662302134 21317977317 47 467 100883 252172814 0 2165312 12420542 0 1290 0 5513 4228347 53 0 16710 0
1791252662805553 21318480737 47 467 100963 252281344 0 2165312 12427062 0 1290 0 5514 4228439 53 0 16713 0
1791252663306911 21318982094 47 467 101044 252384088 0 2165312 12433784 0 1290 0 5514 4228533 53 0 16715 0
1791252663809759 21319484942 47 467 101121 252503826 0 2165312 12440004 0 1291 0 5515 4228621 53 0 16717 0
1791252664310862 21319986046 47 467 101202 252635962 0 2165312 12446726 0 1292 0 5515 4228717 53 0 16719 0
1791252664815485 21320490668 47 467 101282 252754764 0 2165312 12453246 0 1293 0 5517 4228811 53 0 16720 0
1791252665321870 21320997054 48 467 101361 252874388 0 2165312 12459668 0 1293 0 5518 4228907 53 0 16721 0
1791252665826262 21321501445 48 467 101443 252994608 0 2165312 12466188 0 1293 0 5518 4229006 53 0 16722 0
1791252666327543 21322002726 48 467 101522 253116935 0 2165312 12472910 0 1293 0 5518 4229101 53 0 16726 0
1791252666829437 21322504620 48 467 101601 253234151 0 2165312 12479130 0 1293 0 5521 4229192 53 0 16729 0
1791252667333021 21323008205 49 467 101681 253318016 0 2165312 12485852 0 1293 0 5522 4229286 53 0 16730 0
1791252667837921 21323513105 49 467 101760 253378364 0 2165312 12492274 0 1293 0 5523 4229383 53 0 16731 0
1791252668341211 21324016394 49 467 101839 253434191 0 2165312 12498794 0 1293 0 5525 4229478 53 0 16731 0
1791252668842507 21324517690 49 467 101919 253497189 0 2165312 12505314 0 1293 0 5525 4229577 53 0 16732 0
1791252669343830 21325019013 49 467 101998 253558209 0 2165312 12511736 0 1293 0 5525 4229672 53 0 16733 0
1791252669799482 21325474666 49 467 102070 253610362 0 2165312 12517656 0 1294 0 5526 4229758 53 0 16734 0
