# hz=100 page_bytes=4096 possible_cpus=2
# program_id=40 jit_bytes=8483 xlated_bytes=4776
# pos:	0
# flags:	02000002
# mnt_id:	10
# ino:	26
# prog_type:	1
# prog_jited:	1
# prog_tag:	1a92932acb008231
# memlock:	8192
# prog_id:	40
# run_time_ns:	0
# run_cnt:	0
# recursion_misses:	0
# verified_insns:	199283
# map=counters type=6 key=4 value=32 max_entries=1
# pos:	0
# flags:	02000002
# mnt_id:	10
# ino:	26
# map_type:	6
# key_size:	4
# value_size:	32
# max_entries:	1
# map_flags:	0x0
# map_extra:	0x0
# memlock:	268
# map_id:	62
# frozen:	0
# map=accounting type=2 key=4 value=24 max_entries=1
# pos:	0
# flags:	02000002
# mnt_id:	10
# ino:	26
# map_type:	2
# key_size:	4
# value_size:	24
# max_entries:	1
# map_flags:	0x0
# map_extra:	0x0
# memlock:	224
# map_id:	63
# frozen:	0
# map=flows type=9 key=36 value=32 max_entries=1024
# pos:	0
# flags:	02000002
# mnt_id:	10
# ino:	26
# map_type:	9
# key_size:	36
# value_size:	32
# max_entries:	1024
# map_flags:	0x0
# map_extra:	0x0
# memlock:	107456
# map_id:	60
# frozen:	0
# map=departures type=9 key=40 value=8 max_entries=8192
# pos:	0
# flags:	02000002
# mnt_id:	10
# ino:	26
# map_type:	9
# key_size:	40
# value_size:	8
# max_entries:	8192
# map_flags:	0x0
# map_extra:	0x0
# memlock:	656320
# map_id:	59
# frozen:	0
# map=samples type=27 key=0 value=0 max_entries=262144
# pos:	0
# flags:	02000002
# mnt_id:	10
# ino:	26
# map_type:	27
# key_size:	0
# value_size:	0
# max_entries:	262144
# map_flags:	0x0
# map_extra:	0x0
# memlock:	275148
# map_id:	61
# frozen:	0
realtime_us monotonic_us daemon_ticks rss_pages runs runtime_ns ring_full ack_bytes upload_bytes unaccounted host_user host_nice host_system host_idle host_iowait host_irq host_softirq host_steal
1791251149411665 19805086848 42 468 0 0 0 0 2176 0 785 0 3494 3939581 46 0 8931 0
1791251149912743 19805587927 42 468 78 208033 0 0 9768 0 792 0 3535 3939628 46 0 8936 0
1791251150418064 19806093248 43 468 159 305405 0 0 17720 0 792 0 3535 3939727 46 0 8937 0
1791251150922616 19806597800 43 468 237 390078 0 0 25312 0 792 0 3536 3939822 46 0 8937 0
1791251151426396 19807101580 43 468 317 485580 0 0 33032 0 792 0 3536 3939918 46 0 8938 0
1791251151927186 19807602369 43 468 397 710531 0 0 40752 0 792 0 3538 3940011 46 0 8939 0
1791251152430654 19808105838 43 468 476 803350 0 0 48344 0 792 0 3539 3940105 46 0 8939 0
1791251152932136 19808607319 43 468 555 908621 0 0 56064 0 792 0 3539 3940202 46 0 8940 0
1791251153433895 19809109079 43 468 634 1060552 0 0 63656 0 792 0 3540 3940300 46 0 8941 0
1791251153936136 19809611318 43 468 715 1236005 0 0 71460 0 792 0 3544 3940389 46 0 8943 0
1791251154438932 19810114116 43 468 795 1419284 0 0 79284 0 792 0 3545 3940484 46 0 8944 0
1791251154940055 19810615238 45 468 875 1613635 0 0 87004 0 792 0 3545 3940574 46 0 8949 0
1791251155441003 19811116186 45 468 955 1801887 0 0 94724 0 792 0 3545 3940669 46 0 8951 0
1791251155943159 19811618342 45 468 1032 2526478 0 0 102316 0 792 0 3546 3940763 46 0 8952 0
1791251156449054 19812124238 45 468 1113 2956424 0 0 110036 0 792 0 3548 3940861 46 0 8952 0
1791251156953913 19812629096 45 468 1192 3146608 0 0 117628 0 792 0 3549 3940958 46 0 8952 0
1791251157454676 19813129860 45 468 1276 3361735 0 96 125913 0 793 0 3550 3941054 46 0 8953 0
1791251157955116 19813630300 45 468 1496 4430570 0 576 242390 0 793 0 3552 3941145 46 0 8956 0
1791251158456287 19814131470 45 468 1722 6867524 0 576 396662 0 793 0 3552 3941239 46 0 8961 0
1791251158958739 19814633923 45 468 1963 7651610 0 576 568278 0 793 0 3552 3941331 46 0 8965 0
1791251159464358 19815139542 45 468 2201 8263747 0 576 735030 0 793 0 3552 3941430 46 0 8966 0
1791251159968416 19815643600 45 468 2436 8958373 0 576 895478 0 793 0 3554 3941524 46 0 8968 0
1791251160472905 19816148088 45 468 2665 10035491 0 576 1059142 0 793 0 3555 3941616 46 0 8972 0
1791251160973296 19816648480 46 468 2889 11151150 0 576 1219590 0 793 0 3555 3941713 46 0 8975 0
1791251161474355 19817149539 46 468 3122 11845383 0 576 1380166 0 793 0 3555 3941811 46 0 8975 0
1791251161978238 19817653421 47 468 3344 12509896 0 576 1525302 0 793 0 3555 3941906 46 0 8978 0
1791251162483084 19818158267 47 468 3564 13085928 0 576 1667582 0 793 0 3556 3942002 46 0 8981 0
1791251162986876 19818662060 47 468 3789 13724915 0 576 1823526 0 793 0 3556 3942099 46 0 8984 0
1791251163490118 19819165302 47 468 4029 14565239 0 576 1994910 0 793 0 3557 3942189 46 0 8989 0
1791251163992618 19819667802 47 468 4261 15475158 0 576 2166166 0 793 0 3558 3942282 46 0 8992 0
1791251164494024 19820169208 47 468 4491 16100084 0 576 2325198 0 793 0 3560 3942372 46 0 8998 0
1791251164995064 19820670248 47 468 4713 16575764 0 576 2471878 0 793 0 3560 3942466 46 0 9003 0
1791251165498300 19821173483 47 468 4924 17234754 0 576 2604534 0 794 0 3560 3942560 46 0 9006 0
1791251165998940 19821674123 47 468 5135 17787262 0 576 2748126 0 794 0 3561 3942658 46 0 9007 0
1791251166501871 19822177055 48 468 5364 18615243 0 576 2907262 0 794 0 3563 3942750 46 0 9012 0
1791251167004308 19822679492 48 468 5599 19344959 0 576 3081734 0 794 0 3563 3942844 46 0 9016 0
1791251167508558 19823183742 48 468 5835 19903821 0 576 3263926 0 794 0 3563 3942942 46 0 9018 0
1791251168009830 19823685014 48 468 6064 20502285 0 576 3421286 0 794 0 3565 3943035 46 0 9019 0
1791251168512330 19824187514 48 468 6285 21332776 0 576 3554070 0 794 0 3565 3943132 46 0 9021 0
1791251169013061 19824688245 48 468 6498 22311796 0 576 3677462 0 795 0 3566 3943228 46 0 9022 0
1791251169514300 19825189484 48 468 6707 23162177 0 576 3816422 0 796 0 3566 3943317 46 0 9027 0
1791251170016214 19825691398 48 468 6927 23643130 0 576 3969150 0 796 0 3566 3943417 46 0 9028 0
1791251170521568 19826196752 48 468 7166 24561192 0 576 4139222 0 797 0 3568 3943512 46 0 9028 0
1791251171024255 19826699439 49 468 7397 25263484 0 576 4312150 0 797 0 3568 3943607 46 0 9029 0
1791251171525265 19827200448 49 468 7631 26016572 0 576 4475814 0 797 0 3568 3943704 46 0 9032 0
1791251172026288 19827701472 49 468 7860 26527610 0 576 4634718 0 797 0 3569 3943801 46 0 9034 0
1791251172527972 19828203156 49 468 8087 27236004 0 576 4793750 0 797 0 3570 3943895 46 0 9037 0
1791251173031359 19828706542 49 468 8262 27684451 0 864 4852242 0 798 0 3570 3943988 47 0 9040 0
1791251173532349 19829207532 49 468 8341 27780788 0 864 4859962 0 798 0 3572 3944080 47 0 9041 0
1791251174034020 19829709204 49 468 8420 27879405 0 864 4867554 0 798 0 3572 3944178 47 0 9042 0
1791251174534468 19830209651 49 468 8501 27971756 0 864 4875506 0 798 0 3572 3944275 47 0 9042 0
1791251175034913 19830710097 49 468 8580 28050422 0 864 4883226 0 798 0 3573 3944371 47 0 9043 0
1791251175539612 19831214796 49 468 8660 28165585 0 864 4890818 0 798 0 3574 3944469 47 0 9044 0
1791251176040112 19831715295 49 468 8802 28425655 0 2400 4901594 0 799 0 3578 3944559 47 0 9045 0
1791251176542598 19832217781 50 468 9201 29703863 0 20248 4927162 0 799 0 3578 3944657 47 0 9045 0
1791251177043961 19832719145 50 468 9571 30958279 0 33776 4948282 0 799 0 3578 3944753 47 0 9047 0
1791251177545517 19833220701 50 468 9949 32040292 0 48524 4970750 0 799 0 3578 3944852 47 0 9049 0
1791251178053348 19833728531 50 468 10351 33058399 0 63700 4993518 0 799 0 3578 3944947 47 0 9050 0
1791251178554008 19834229191 50 468 10809 34658929 0 82096 5019634 0 799 0 3578 3945044 47 0 9052 0
1791251179058866 19834734049 50 468 11285 36338227 0 100860 5046118 0 799 0 3580 3945136 47 0 9057 0
1791251179563152 19835238335 51 468 11792 37543304 0 121344 5074426 0 799 0 3581 3945231 47 0 9060 0
1791251180063752 19835738935 51 468 12311 39121631 0 141920 5102722 0 799 0 3582 3945325 47 0 9065 0
1791251180570508 19836245692 51 468 12961 40600148 0 169112 5137506 0 799 0 3582 3945421 47 0 9070 0
1791251181071853 19836747037 51 468 13566 42571352 0 193884 5169998 0 799 0 3583 3945515 47 0 9075 0
1791251181574620 19837249804 51 468 14185 45109926 0 217500 5201206 0 799 0 3584 3945611 47 0 9078 0
1791251182076257 19837751441 51 468 14793 46398919 0 240788 5232574 0 799 0 3584 3945707 47 0 9080 0
1791251182577573 19838252756 51 468 15452 47981772 0 265556 5264934 0 800 0 3587 3945801 47 0 9082 0
1791251183085352 19838760536 51 468 16171 50322982 0 292376 5299474 0 800 0 3587 3945898 47 0 9084 0
1791251183588803 19839263987 52 468 17024 53081651 0 325892 5340582 0 801 0 3589 3945988 47 0 9092 0
1791251184090525 19839765708 52 468 17789 56107135 0 354704 5377114 0 801 0 3590 3946081 47 0 9098 0
1791251184591750 19840266933 52 468 18539 58260551 0 381368 5411370 0 801 0 3591 3946168 47 0 9109 0
1791251185094676 19840769860 52 468 19320 62690714 0 409688 5447410 0 801 0 3594 3946255 47 0 9118 0
1791251185596951 19841272135 52 468 20208 66230020 0 440936 5486610 0 801 0 3596 3946346 47 0 9126 0
1791251186104977 19841780160 53 468 21226 69300896 0 477012 5530278 0 801 0 3598 3946433 47 0 9137 0
1791251186605380 19842280564 53 468 22215 73055895 0 510768 5571754 0 801 0 3601 3946519 47 0 9149 0
1791251187106117 19842781300 53 468 23211 76671160 0 544920 5613498 0 802 0 3602 3946608 47 0 9159 0
1791251187606915 19843282098 54 468 24248 80652787 0 580200 5656498 0 802 0 3602 3946699 47 0 9167 0
1791251188109146 19843784330 54 468 25300 82698944 0 618696 5702586 0 802 0 3603 3946789 47 0 9175 0
1791251188612027 19844287211 54 468 26434 84791577 0 661992 5753602 0 802 0 3605 3946884 47 0 9178 0
1791251189114775 19844789959 54 468 27454 86425868 0 698376 5797706 0 802 0 3605 3946980 47 0 9182 0
1791251189619187 19845294371 54 468 28551 89114082 0 740368 5847290 0 802 0 3606 3947075 47 0 9184 0
1791251190121426 19845796610 54 468 29685 90946458 0 784036 5898910 0 802 0 3608 3947165 47 0 9191 0
1791251190624650 19846299834 55 468 30743 92530545 0 823804 5946270 0 803 0 3608 3947260 47 0 9193 0
1791251191125161 19846800345 55 468 31790 94626976 0 862816 5993002 0 803 0 3609 3947355 47 0 9198 0
1791251191628138 19847303321 55 468 32779 96744725 0 898828 6036606 0 803 0 3609 3947444 47 0 9207 0
1791251192128737 19847803921 55 468 33832 98587095 0 937132 6082630 0 803 0 3612 3947537 47 0 9210 0
1791251192633158 19848308341 55 468 34832 100786033 0 971368 6124586 0 803 0 3612 3947630 47 0 9217 0
1791251193134194 19848809378 55 468 35843 102434528 0 1006408 6167218 0 803 0 3613 3947724 47 0 9222 0
1791251193635042 19849310225 55 468 36887 104649494 0 1047088 6215618 0 803 0 3616 3947815 47 0 9226 0
1791251194135777 19849810961 55 468 37851 107194419 0 1083216 6259570 0 804 0 3620 3947904 47 0 9233 0
1791251194638916 19850314100 55 468 38946 110687226 0 1122924 6306998 0 804 0 3620 3947995 47 0 9242 0
1791251195143826 19850819010 55 468 39996 113553218 0 1161420 6353214 0 804 0 3622 3948089 47 0 9245 0
1791251195647068 19851322251 55 468 41052 116448350 0 1199100 6398614 0 804 0 3624 3948181 47 0 9253 0
1791251196148427 19851823611 56 468 42051 118791917 0 1233084 6441266 0 804 0 3626 3948270 47 0 9261 0
1791251196653349 19852328532 56 468 42352 119305753 0 1233660 6460595 0 805 0 3627 3948363 47 0 9262 0
1791251197157930 19852833114 56 468 42432 119408374 0 1233660 6468315 0 806 0 3628 3948455 47 0 9263 0
1791251197663101 19853338285 56 468 42513 119525422 0 1233660 6476267 0 806 0 3631 3948549 47 0 9264 0
1791251198170543 19853845727 56 468 42593 119614952 0 1233660 6483987 0 807 0 3631 3948646 47 0 9265 0
1791251198673009 19854348193 56 468 42672 119710677 0 1233660 6491579 0 807 0 3634 3948735 47 0 9266 0
1791251199174792 19854849975 56 468 42751 119983803 0 1233660 6499299 0 807 0 3635 3948831 47 0 9267 0
1791251199680449 19855355632 56 468 43409 121605687 0 1254348 6608869 0 807 0 3637 3948923 47 0 9273 0
1791251200182286 19855857470 56 468 44497 124083715 0 1293036 6760397 0 807 0 3639 3949013 47 0 9279 0
1791251200683811 19856358995 56 468 45676 127222023 0 1334604 6916221 0 807 0 3640 3949109 47 0 9282 0
1791251201186015 19856861199 56 468 46865 129672234 0 1377228 7093045 0 807 0 3640 3949204 47 0 9287 0
1791251201686427 19857361611 57 468 47847 132033133 0 1412460 7256429 0 807 0 3640 3949295 47 0 9295 0
1791251202187081 19857862264 57 468 48755 134557722 0 1444452 7416445 0 807 0 3640 3949383 47 0 9306 0
1791251202688108 19858363292 57 468 49580 136489034 0 1472580 7577357 0 808 0 3640 3949475 47 0 9312 0
1791251203192827 19858868011 57 468 50389 138838969 0 1498788 7727085 0 808 0 3641 3949568 47 0 9318 0
1791251203693644 19859368828 57 468 51488 141713415 0 1540848 7864745 0 808 0 3642 3949661 47 0 9324 0
1791251204196951 19859872134 57 468 52534 143371329 0 1577116 8012181 0 808 0 3643 3949757 47 0 9327 0
1791251204700625 19860375809 57 468 53591 145605229 0 1612216 8175665 0 808 0 3645 3949852 47 0 9330 0
1791251205202913 19860878097 58 468 54552 147890781 0 1643464 8345745 0 808 0 3646 3949946 47 0 9335 0
1791251205703605 19861378788 58 468 55285 149824894 0 1664296 8508625 0 809 0 3648 3950036 47 0 9340 0
1791251206204629 19861879813 58 468 55965 152002459 0 1683556 8668389 0 809 0 3649 3950133 47 0 9341 0
1791251206704840 19862380024 58 468 56568 153636382 0 1699216 8829057 0 809 0 3650 3950228 47 0 9343 0
1791251207205510 19862880694 58 468 57166 155263414 0 1714192 8987625 0 809 0 3651 3950324 47 0 9347 0
1791251207709733 19863384917 58 468 57750 156776450 0 1731004 9138765 0 810 0 3651 3950417 47 0 9352 0
1791251208212251 19863887435 58 468 58577 158897595 0 1757452 9280885 0 810 0 3652 3950506 47 0 9358 0
1791251208713629 19864388813 58 468 59545 160713526 0 1793876 9425389 0 810 0 3653 3950601 47 0 9360 0
1791251209215696 19864890880 59 468 60496 162409795 0 1826228 9585893 0 811 0 3655 3950694 47 0 9365 0
1791251209715926 19865391110 59 468 61408 163935663 0 1856372 9756413 0 811 0 3656 3950789 47 0 9367 0
1791251210217652 19865892835 59 468 62206 166804518 0 1880180 9917637 0 811 0 3656 3950876 47 0 9379 0
1791251210718200 19866393384 59 468 62961 169039123 0 1903508 10079925 0 811 0 3658 3950967 47 0 9384 0
1791251211221998 19866897182 59 468 63690 170611065 0 1925588 10241069 0 811 0 3659 3951059 47 0 9389 0
1791251211724421 19867399605 59 468 64394 173234345 0 1947068 10403053 0 811 0 3660 3951148 47 0 9397 0
1791251212228544 19867903728 59 468 65111 175185460 0 1969244 10543989 0 811 0 3660 3951244 47 0 9400 0
1791251212730431 19868405614 59 468 66025 177452000 0 2005612 10686893 0 811 0 3660 3951336 47 0 9407 0
1791251213230760 19868905944 60 468 66803 181093493 0 2030760 10843153 0 811 0 3660 3951428 47 0 9414 0
1791251213736072 19869411255 60 468 67482 184249230 0 2051208 11012057 0 811 0 3661 3951520 47 0 9421 0
1791251214236619 19869911803 60 468 67995 186264104 0 2064588 11176621 0 811 0 3661 3951613 47 0 9427 0
1791251214737304 19870412487 60 468 68457 189149678 0 2075472 11335497 0 811 0 3662 3951706 47 0 9432 0
1791251215242454 19870917637 60 468 68897 192406234 0 2084844 11497957 0 811 0 3662 3951800 47 0 9438 0
1791251215746247 19871421430 61 468 69355 195738465 0 2095044 11659341 0 812 0 3663 3951895 47 0 9441 0
1791251216248867 19871924049 61 468 69802 198260945 0 2106120 11807833 0 812 0 3666 3951989 47 0 9443 0
1791251216750007 19872425190 61 468 70400 201488837 0 2123700 11944173 0 812 0 3666 3952082 47 0 9450 0
1791251217253406 19872928590 61 468 71143 205246338 0 2149988 12090893 0 812 0 3667 3952177 47 0 9454 0
1791251217754604 19873429788 61 468 71884 207765632 0 2174924 12242437 0 812 0 3669 3952269 47 0 9459 0
1791251218258958 19873934141 62 468 72711 210351456 0 2203816 12416569 0 812 0 3669 3952364 47 0 9463 0
1791251218760458 19874435641 62 468 73255 213708504 0 2218192 12585345 0 812 0 3670 3952450 47 0 9474 0
1791251219262922 19874938105 62 468 73766 215391207 0 2230888 12747809 0 813 0 3670 3952545 47 0 9476 0
1791251219766799 19875441983 62 468 74273 216380486 0 2243560 12907033 0 814 0 3670 3952637 47 0 9482 0
1791251220266972 19875942156 62 468 74780 217436973 0 2255752 13067449 0 814 0 3671 3952731 47 0 9486 0
1791251220768126 19876443309 62 468 75286 218615713 0 2269204 13224493 0 814 0 3671 3952828 47 0 9490 0
1791251221270405 19876945589 62 468 75870 220232242 0 2286716 13365397 0 814 0 3671 3952923 47 0 9494 0
1791251221772165 19877447349 62 468 76555 221512429 0 2310448 13511105 0 814 0 3672 3953018 47 0 9496 0
1791251222274595 19877949779 63 468 77213 222950669 0 2330896 13670513 0 814 0 3672 3953114 47 0 9499 0
1791251222775048 19878450232 63 468 77786 225026645 0 2347336 13835049 0 814 0 3673 3953206 47 0 9507 0
1791251223276422 19878951606 63 468 78345 228538180 0 2362984 14000465 0 814 0 3674 3953300 47 0 9512 0
1791251223776584 19879451767 63 468 78900 229972787 0 2378872 14158633 0 814 0 3674 3953395 47 0 9515 0
1791251224277268 19879952452 63 468 79411 233299042 0 2392024 14319649 0 815 0 3675 3953487 47 0 9520 0
1791251224779143 19880454326 63 468 79904 233923946 0 2401720 14390806 0 816 0 3676 3953579 47 0 9524 0
1791251225282092 19880957275 63 468 79983 234013957 0 2401720 14398398 0 816 0 3677 3953674 47 0 9525 0
1791251225784101 19881459284 63 468 80063 234110101 0 2401720 14406246 0 817 0 3678 3953769 47 0 9525 0
1791251226284512 19881959695 65 468 80142 234204373 0 2401720 14413838 0 817 0 3678 3953865 47 0 9526 0
1791251226786858 19882462042 65 468 80223 234293403 0 2401720 14421558 0 817 0 3678 3953961 47 0 9527 0
1791251227290150 19882965333 65 468 80302 234391960 0 2401720 14429278 0 817 0 3678 3954056 47 0 9528 0
1791251227790895 19883466078 65 468 80381 234519839 0 2401720 14436870 0 818 0 3678 3954147 47 0 9529 0
1791251228292178 19883967362 65 468 80461 234654185 0 2401720 14444590 0 818 0 3681 3954238 47 0 9530 0
1791251228794973 19884470157 65 468 80541 234772411 0 2401720 14452542 0 818 0 3681 3954336 47 0 9530 0
1791251229295219 19884970403 65 468 80619 234888177 0 2401720 14459902 0 818 0 3681 3954435 47 0 9530 0
1791251229799902 19885475086 65 468 80700 234998363 0 2401720 14467854 0 818 0 3682 3954531 47 0 9530 0
1791251230301819 19885977003 65 468 80780 235084916 0 2401720 14475574 0 818 0 3682 3954629 47 0 9530 0
1791251230802090 19886477274 65 468 80859 235182781 0 2401720 14483166 0 818 0 3683 3954725 47 0 9531 0
1791251231304020 19886979204 66 468 80939 235277994 0 2401720 14490886 0 818 0 3684 3954820 47 0 9532 0
1791251231804682 19887479865 66 468 81018 235368409 0 2401720 14498478 0 818 0 3685 3954915 47 0 9534 0
1791251232307572 19887982755 66 468 81095 235572983 0 2401720 14506070 0 818 0 3686 3955013 47 0 9534 0
1791251232597979 19888273162 66 468 81141 235793724 0 2401720 14510702 0 819 0 3688 3955067 47 0 9535 0
