# hz=100 page_bytes=4096 possible_cpus=2
# program_id=20 jit_bytes=13455 xlated_bytes=7456
# pos:	0
# flags:	02000002
# mnt_id:	10
# ino:	26
# prog_type:	1
# prog_jited:	1
# prog_tag:	5aa2dd3f4c6b3039
# memlock:	8192
# prog_id:	20
# run_time_ns:	0
# run_cnt:	0
# recursion_misses:	0
# verified_insns:	298512
# map=counters type=6 key=4 value=32 max_entries=1
# pos:	0
# flags:	02000002
# mnt_id:	10
# ino:	26
# map_type:	6
# key_size:	4
# value_size:	32
# max_entries:	1
# map_flags:	0x0
# map_extra:	0x0
# memlock:	268
# map_id:	32
# frozen:	0
# map=accounting type=2 key=4 value=24 max_entries=1
# pos:	0
# flags:	02000002
# mnt_id:	10
# ino:	26
# map_type:	2
# key_size:	4
# value_size:	24
# max_entries:	1
# map_flags:	0x0
# map_extra:	0x0
# memlock:	224
# map_id:	33
# frozen:	0
# map=stream_epoch_v1 type=1 key=4 value=4 max_entries=1
# pos:	0
# flags:	02000002
# mnt_id:	10
# ino:	26
# map_type:	1
# key_size:	4
# value_size:	4
# max_entries:	1
# map_flags:	0x0
# map_extra:	0x0
# memlock:	1096
# map_id:	26
# frozen:	0
# map=stream_fault type=6 key=4 value=4 max_entries=1
# pos:	0
# flags:	02000002
# mnt_id:	10
# ino:	26
# map_type:	6
# key_size:	4
# value_size:	4
# max_entries:	1
# map_flags:	0x0
# map_extra:	0x0
# memlock:	220
# map_id:	28
# frozen:	0
# map=stream_losses type=1 key=4 value=4 max_entries=64
# pos:	0
# flags:	02000002
# mnt_id:	10
# ino:	26
# map_type:	1
# key_size:	4
# value_size:	4
# max_entries:	64
# map_flags:	0x0
# map_extra:	0x0
# memlock:	4120
# map_id:	27
# frozen:	0
# map=samples type=27 key=0 value=0 max_entries=262144
# pos:	0
# flags:	02000002
# mnt_id:	10
# ino:	26
# map_type:	27
# key_size:	0
# value_size:	0
# max_entries:	262144
# map_flags:	0x0
# map_extra:	0x0
# memlock:	275148
# map_id:	31
# frozen:	0
# map=flows type=9 key=36 value=32 max_entries=1024
# pos:	0
# flags:	02000002
# mnt_id:	10
# ino:	26
# map_type:	9
# key_size:	36
# value_size:	32
# max_entries:	1024
# map_flags:	0x0
# map_extra:	0x0
# memlock:	107456
# map_id:	30
# frozen:	0
# map=departures type=9 key=40 value=4 max_entries=8192
# pos:	0
# flags:	02000002
# mnt_id:	10
# ino:	26
# map_type:	9
# key_size:	40
# value_size:	4
# max_entries:	8192
# map_flags:	0x0
# map_extra:	0x0
# memlock:	656320
# map_id:	29
# frozen:	0
realtime_us monotonic_us daemon_ticks rss_pages runs runtime_ns ring_full ack_bytes upload_bytes unaccounted host_user host_nice host_system host_idle host_iowait host_irq host_softirq host_steal
1791250594103115 19249778298 31 624 0 0 0 0 2432 0 480 0 2229 3836739 44 0 4441 0
1791250594604381 19250279565 31 624 78 123631 0 0 10152 0 480 0 2231 3836831 44 0 4443 0
1791250595105098 19250780282 31 624 157 239100 0 0 17744 0 481 0 2231 3836924 44 0 4446 0
1791250595606012 19251281196 31 624 237 359218 0 0 25696 0 481 0 2231 3837014 44 0 4447 0
1791250596106351 19251781534 31 624 317 483268 0 0 33416 0 481 0 2232 3837104 44 0 4447 0
1791250596608052 19252283236 31 624 396 592236 0 0 41008 0 481 0 2232 3837195 44 0 4449 0
1791250597112844 19252788027 31 624 476 700871 0 0 48728 0 481 0 2233 3837289 44 0 4450 0
1791250597613531 19253288714 31 624 554 1200718 0 0 56320 0 481 0 2234 3837379 44 0 4452 0
1791250598114591 19253789775 32 624 635 1317835 0 0 64040 0 481 0 2234 3837473 44 0 4453 0
1791250598616178 19254291362 32 624 717 1427273 0 0 71844 0 481 0 2235 3837564 44 0 4454 0
1791250599116513 19254791697 32 624 796 1546419 0 0 79436 0 481 0 2237 3837658 44 0 4454 0
1791250599616957 19255292140 32 624 875 1663103 0 0 87156 0 481 0 2238 3837751 44 0 4455 0
1791250600121463 19255796647 32 624 954 1766363 0 0 94748 0 481 0 2238 3837847 44 0 4455 0
1791250600623493 19256298677 33 624 1034 1885438 0 0 102468 0 482 0 2239 3837936 44 0 4457 0
1791250601125071 19256800255 33 624 1114 2211106 0 0 110420 0 483 0 2239 3838030 44 0 4457 0
1791250601628304 19257303488 33 624 1194 2336874 0 0 118012 0 483 0 2240 3838125 44 0 4459 0
1791250602131294 19257806478 33 624 1274 2468570 0 0 125836 0 484 0 2241 3838217 44 0 4461 0
1791250602634469 19258309652 33 624 1500 3453851 0 576 242902 0 485 0 2241 3838306 44 0 4462 0
1791250603139516 19258814700 33 624 1727 4314309 0 576 398718 0 485 0 2241 3838402 44 0 4462 0
1791250603644019 19259319202 33 624 1966 5117621 0 576 571646 0 485 0 2242 3838493 44 0 4470 0
1791250604144694 19259819877 33 624 2205 5834880 0 576 735310 0 485 0 2243 3838587 44 0 4472 0
1791250604647975 19260323159 33 624 2435 6851972 0 576 898846 0 485 0 2243 3838681 44 0 4474 0
1791250605148593 19260823776 34 624 2664 7924655 0 576 1050158 0 485 0 2243 3838777 44 0 4475 0
1791250605650427 19261325611 34 624 2873 8740953 0 576 1183046 0 485 0 2244 3838869 44 0 4478 0
1791250606151202 19261826386 34 624 3080 9415828 0 576 1323318 0 485 0 2244 3838963 44 0 4479 0
1791250606653930 19262329114 34 624 3303 10612840 0 576 1476406 0 486 0 2244 3839059 44 0 4480 0
1791250607154169 19262829353 34 624 3536 11505785 0 576 1646118 0 486 0 2245 3839153 44 0 4483 0
1791250607660987 19263336171 34 624 3773 12856450 0 576 1828310 0 486 0 2246 3839248 44 0 4485 0
1791250608162982 19263838166 34 624 3996 13506746 0 576 1976534 0 486 0 2249 3839342 44 0 4487 0
1791250608663582 19264338766 35 624 4188 14894997 0 576 2086030 0 486 0 2249 3839435 44 0 4492 0
1791250609163985 19264839168 35 624 4376 15720074 0 576 2200286 0 487 0 2249 3839529 44 0 4493 0
1791250609666228 19265341412 35 624 4576 16775015 0 576 2328310 0 487 0 2249 3839624 44 0 4497 0
1791250610169573 19265844757 35 624 4786 17406240 0 576 2470590 0 487 0 2250 3839721 44 0 4499 0
1791250610671624 19266346808 35 624 5012 18056258 0 576 2624990 0 488 0 2251 3839811 44 0 4503 0
1791250611172293 19266847477 35 624 5255 19389962 0 576 2796246 0 488 0 2251 3839907 44 0 4506 0
1791250611673169 19267348353 35 624 5488 20147458 0 576 2958366 0 488 0 2252 3840003 44 0 4507 0
1791250612174337 19267849521 35 624 5721 21405396 0 576 3121902 0 489 0 2253 3840097 44 0 4509 0
1791250612677444 19268352628 36 624 5945 22579487 0 576 3271670 0 489 0 2253 3840192 44 0 4512 0
1791250613178417 19268853600 37 624 6149 23721265 0 576 3402782 0 491 0 2253 3840289 44 0 4514 0
1791250613684125 19269359308 37 624 6373 25197555 0 576 3549462 0 491 0 2254 3840381 44 0 4518 0
1791250614184919 19269860102 37 624 6600 27596782 0 576 3706822 0 491 0 2255 3840473 44 0 4525 0
1791250614686417 19270361600 37 624 6839 29338346 0 576 3882838 0 491 0 2256 3840569 44 0 4528 0
1791250615188774 19270863957 37 624 7071 30797823 0 576 4046862 0 491 0 2256 3840664 44 0 4529 0
1791250615693415 19271368598 38 624 7293 32999262 0 576 4191870 0 493 0 2257 3840760 44 0 4530 0
1791250616194472 19271869655 38 624 7491 34346412 0 576 4318478 0 493 0 2258 3840854 44 0 4533 0
1791250616700032 19272375215 38 624 7707 35722329 0 576 4460526 0 494 0 2259 3840950 44 0 4536 0
1791250617201717 19272876901 39 624 7932 41202512 0 576 4616342 0 494 0 2259 3841040 44 0 4543 0
1791250617702697 19273377881 39 624 8061 41945526 0 864 4651396 0 495 0 2260 3841136 44 0 4544 0
1791250618203495 19273878678 39 624 8140 42179328 0 864 4658988 0 496 0 2261 3841227 44 0 4547 0
1791250618704433 19274379617 39 624 8219 42691880 0 864 4666708 0 497 0 2264 3841321 44 0 4549 0
1791250619205176 19274880359 40 624 8298 42792857 0 864 4674300 0 497 0 2267 3841416 44 0 4550 0
1791250619705456 19275380640 40 624 8378 42921284 0 864 4682252 0 497 0 2267 3841512 44 0 4550 0
1791250620208361 19275883545 40 624 8458 43025358 0 864 4689844 0 497 0 2267 3841609 44 0 4551 0
1791250620709901 19276385085 40 624 8999 44465962 0 23088 4721076 0 498 0 2268 3841702 44 0 4554 0
1791250621210304 19276885488 40 624 10121 47207275 0 70032 4775972 0 498 0 2270 3841792 44 0 4561 0
1791250621713293 19277388476 40 624 11212 51446694 0 113904 4827436 0 498 0 2270 3841886 44 0 4568 0
1791250622220464 19277895648 40 624 12333 54961908 0 159216 4880468 0 498 0 2271 3841978 44 0 4575 0
1791250622724749 19278399933 41 624 13445 58897246 0 205104 4934076 0 499 0 2272 3842065 44 0 4587 0
1791250623225958 19278901142 41 624 14521 62154051 0 247248 4983812 0 499 0 2275 3842161 44 0 4589 0
1791250623727182 19279402365 41 624 15641 67109780 0 292856 5037372 0 499 0 2276 3842245 44 0 4602 0
1791250624230236 19279905419 41 624 16678 71448026 0 332132 5084240 0 499 0 2280 3842334 44 0 4609 0
1791250624733112 19280408296 41 624 17764 75836025 0 373604 5133432 0 500 0 2282 3842423 44 0 4617 0
1791250625234102 19280909285 41 624 18807 79653030 0 412076 5179624 0 500 0 2285 3842512 44 0 4623 0
1791250625734867 19281410051 42 624 19858 83066790 0 450668 5225936 0 500 0 2286 3842602 44 0 4632 0
1791250626236566 19281911749 42 624 20935 86527523 0 489752 5272612 0 501 0 2288 3842695 44 0 4638 0
1791250626737985 19282413169 42 624 22082 89838515 0 535800 5326380 0 501 0 2288 3842787 44 0 4646 0
1791250627242750 19282917933 42 624 23158 92386382 0 575208 5373380 0 501 0 2290 3842882 44 0 4649 0
1791250627744888 19283420071 43 624 24248 95473525 0 615648 5421540 0 502 0 2290 3842975 44 0 4655 0
1791250628247632 19283922816 43 624 25297 98941500 0 652908 5466520 0 502 0 2290 3843067 44 0 4663 0
1791250628753934 19284429118 43 624 26353 103286605 0 691068 5512504 0 502 0 2291 3843162 44 0 4668 0
1791250629259533 19284934717 43 624 27393 106301251 0 726684 5555840 0 502 0 2291 3843259 44 0 4671 0
1791250629760229 19285435412 43 624 28414 110447290 0 762492 5599368 0 502 0 2292 3843353 44 0 4677 0
1791250630265035 19285940219 43 624 29568 113916710 0 812352 5656820 0 502 0 2293 3843445 44 0 4683 0
1791250630768456 19286443639 43 624 30496 117280936 0 848236 5700424 0 502 0 2293 3843543 44 0 4686 0
1791250631273095 19286948279 43 624 31503 119892502 0 884524 5744536 0 503 0 2294 3843639 44 0 4688 0
1791250631774127 19287449310 44 624 32532 123595540 0 921004 5788736 0 503 0 2294 3843734 44 0 4693 0
1791250632274376 19287949560 44 624 33543 126532404 0 956872 5832324 0 503 0 2295 3843826 44 0 4700 0
1791250632776294 19288451478 44 624 34592 130411374 0 993804 5876848 0 503 0 2297 3843917 44 0 4709 0
1791250633281134 19288956318 45 624 35629 134451486 0 1030740 5921504 0 504 0 2300 3844005 44 0 4717 0
1791250633782398 19289457582 45 624 36605 138840936 0 1064580 5963064 0 504 0 2303 3844094 44 0 4725 0
1791250634283484 19289958667 45 624 37616 142612718 0 1099864 6005940 0 504 0 2306 3844184 44 0 4732 0
1791250634785550 19290460734 45 624 38746 146223525 0 1147148 6060944 0 504 0 2308 3844274 44 0 4741 0
1791250635290128 19290965312 45 624 39707 149398073 0 1182488 6104108 0 504 0 2311 3844363 44 0 4749 0
1791250635790717 19291465900 45 624 40728 152831408 0 1218128 6147596 0 504 0 2313 3844456 44 0 4754 0
1791250636292884 19291968067 45 624 41744 156195297 0 1253552 6190612 0 504 0 2314 3844549 44 0 4760 0
1791250636794078 19292469262 46 624 42732 159480666 0 1289072 6233852 0 504 0 2316 3844638 44 0 4767 0
1791250637301673 19292976857 46 624 43758 162707753 0 1324400 6276772 0 504 0 2316 3844732 44 0 4774 0
1791250637803131 19293478315 46 624 44724 166116506 0 1357424 6317516 0 504 0 2318 3844821 44 0 4781 0
1791250638311154 19293986338 46 624 45845 169950922 0 1407752 6375564 0 504 0 2319 3844912 44 0 4789 0
1791250638813914 19294489098 46 624 46697 172229299 0 1440344 6415980 0 504 0 2319 3845007 44 0 4793 0
1791250639319719 19294994903 46 624 47613 174843885 0 1471676 6455032 0 504 0 2320 3845104 44 0 4797 0
1791250639825063 19295500247 46 624 48606 179264785 0 1504940 6496248 0 504 0 2322 3845195 44 0 4803 0
1791250640325817 19296001001 47 624 49604 183255559 0 1539440 6538108 0 504 0 2322 3845293 44 0 4806 0
1791250640826014 19296501197 47 624 50312 185412410 0 1556144 6571218 0 505 0 2322 3845390 44 0 4807 0
1791250641327782 19297002966 47 624 50392 185542844 0 1556144 6578810 0 505 0 2322 3845484 44 0 4808 0
1791250641833315 19297508499 47 624 50471 185669661 0 1556144 6586530 0 505 0 2323 3845582 44 0 4808 0
1791250642333811 19298008994 47 624 50551 185792521 0 1556144 6594250 0 506 0 2323 3845678 44 0 4808 0
1791250642834549 19298509733 47 624 50630 185910172 0 1556144 6601842 0 506 0 2324 3845773 44 0 4809 0
1791250643338622 19299013806 48 624 50710 186026102 0 1556144 6609562 0 506 0 2324 3845869 44 0 4811 0
1791250643844131 19299519314 48 624 50867 186534029 0 1557392 6643876 0 508 0 2327 3845960 44 0 4815 0
1791250644346154 19300021338 48 624 51896 190564636 0 1596992 6756276 0 508 0 2328 3846049 44 0 4826 0
1791250644848715 19300523899 49 624 53024 195590827 0 1636652 6851288 0 508 0 2329 3846135 44 0 4838 0
1791250645352765 19301027947 49 624 54139 200587542 0 1674424 6949380 0 508 0 2329 3846226 44 0 4847 0
1791250645855040 19301530223 49 624 55181 205504369 0 1716532 7064056 0 509 0 2330 3846315 44 0 4856 0
1791250646356842 19302032025 49 624 56300 212779465 0 1759060 7191272 0 509 0 2331 3846408 44 0 4863 0
1791250646862812 19302537996 50 624 57402 218057564 0 1796380 7329056 0 510 0 2331 3846495 44 0 4873 0
1791250647364288 19303039471 50 624 58534 223781454 0 1832944 7484508 0 510 0 2333 3846581 44 0 4884 0
1791250647866397 19303541581 50 624 59656 229494329 0 1867408 7654716 0 511 0 2333 3846667 44 0 4896 0
1791250648369553 19304044737 51 624 60751 234036855 0 1900240 7823420 0 512 0 2335 3846755 44 0 4906 0
1791250648870756 19304545940 51 624 61682 237458690 0 1929900 7982880 0 512 0 2335 3846844 44 0 4915 0
1791250649371838 19305047022 51 624 62729 241054748 0 1960584 8117012 0 512 0 2335 3846933 44 0 4925 0
1791250649872316 19305547500 52 624 63814 243552996 0 1994280 8247852 0 513 0 2336 3847020 44 0 4934 0
1791250650375048 19306050232 52 624 64959 246466859 0 2030908 8397192 0 514 0 2338 3847112 44 0 4939 0
1791250650875380 19306550563 52 624 66162 249737755 0 2074276 8551728 0 514 0 2339 3847210 44 0 4941 0
1791250651380650 19307055833 52 624 67360 252269433 0 2113912 8711668 0 514 0 2340 3847303 44 0 4947 0
1791250651881850 19307557034 52 624 68382 255016445 0 2147488 8885748 0 514 0 2340 3847393 44 0 4955 0
1791250652386540 19308061723 52 624 69103 257428461 0 2168224 9046988 0 514 0 2342 3847488 44 0 4960 0
1791250652887545 19308562729 53 624 70000 260543335 0 2195044 9184848 0 514 0 2342 3847585 44 0 4964 0
1791250653394767 19309069950 53 624 71139 263880975 0 2230756 9324368 0 514 0 2342 3847679 44 0 4970 0
1791250653895794 19309570978 53 624 72245 266365830 0 2264452 9476952 0 515 0 2343 3847775 44 0 4973 0
1791250654397237 19310072421 53 624 73375 270899119 0 2299684 9635576 0 515 0 2344 3847866 44 0 4980 0
1791250654901561 19310576745 53 624 74575 274622690 0 2344812 9811944 0 516 0 2345 3847956 44 0 4986 0
1791250655401896 19311077080 53 624 75385 276741076 0 2370420 9973296 0 516 0 2347 3848048 44 0 4990 0
1791250655902155 19311577338 54 624 76039 279702529 0 2387412 10132336 0 517 0 2348 3848143 44 0 4992 0
1791250656402920 19312078103 54 624 76706 282288305 0 2404692 10282272 0 517 0 2348 3848238 44 0 4996 0
1791250656904652 19312579836 54 624 77776 285213433 0 2438744 10410508 0 517 0 2350 3848330 44 0 5000 0
1791250657409667 19313084851 54 624 78871 288045118 0 2473184 10551484 0 518 0 2351 3848424 44 0 5005 0
1791250657911571 19313586754 54 624 79980 291192045 0 2508464 10705756 0 518 0 2351 3848516 44 0 5011 0
1791250658413616 19314088800 54 624 81134 295651293 0 2544044 10874120 0 518 0 2352 3848609 44 0 5016 0
1791250658915554 19314590737 54 624 82212 298647071 0 2577836 11045200 0 518 0 2352 3848700 44 0 5025 0
1791250659415975 19315091159 54 624 83191 301890122 0 2607008 11207156 0 518 0 2352 3848795 44 0 5030 0
1791250659916287 19315591471 55 624 84150 305192492 0 2635888 11345532 0 518 0 2353 3848890 44 0 5033 0
1791250660416716 19316091900 55 624 85179 308700316 0 2666416 11462524 0 518 0 2355 3848983 44 0 5037 0
1791250660917575 19316592759 55 624 86279 312183426 0 2700496 11593876 0 518 0 2355 3849076 44 0 5042 0
1791250661419062 19317094246 55 624 87463 315040389 0 2741396 11738224 0 518 0 2355 3849168 44 0 5050 0
1791250661922322 19317597505 55 624 88521 318321890 0 2775656 11895876 0 518 0 2358 3849262 44 0 5053 0
1791250662423902 19318099086 55 624 89694 321116672 0 2813924 12065384 0 518 0 2359 3849355 44 0 5058 0
1791250662926273 19318601456 56 624 90675 323467683 0 2844704 12233580 0 519 0 2359 3849453 44 0 5061 0
1791250663433407 19319108591 56 624 91591 326504316 0 2871860 12385904 0 519 0 2359 3849545 44 0 5069 0
1791250663935156 19319610340 56 624 92714 330676024 0 2907104 12530772 0 519 0 2360 3849635 44 0 5078 0
1791250664436470 19320111654 56 624 93789 334085542 0 2940392 12684492 0 520 0 2361 3849726 44 0 5085 0
1791250664938352 19320613536 56 624 94997 337781355 0 2979556 12859400 0 521 0 2361 3849819 44 0 5090 0
1791250665439087 19321114271 56 624 95880 340229093 0 3006244 13026592 0 522 0 2361 3849912 44 0 5096 0
1791250665940234 19321615418 56 624 96829 342883580 0 3034948 13157200 0 522 0 2361 3850002 44 0 5104 0
1791250666443229 19322118412 58 624 97847 345278277 0 3064996 13264320 0 522 0 2362 3850095 44 0 5109 0
1791250666944280 19322619463 58 624 98960 348529542 0 3107500 13380936 0 522 0 2362 3850190 44 0 5113 0
1791250667446080 19323121264 58 624 99813 350874653 0 3136332 13510128 0 522 0 2362 3850283 44 0 5120 0
1791250667947177 19323622361 58 624 100559 353489327 0 3157704 13651804 0 522 0 2362 3850380 44 0 5123 0
1791250668447701 19324122885 58 624 101485 355435286 0 3184356 13803520 0 522 0 2365 3850469 44 0 5131 0
1791250668948480 19324623664 58 624 102614 358565946 0 3215880 13940316 0 522 0 2366 3850561 44 0 5137 0
1791250669449159 19325124342 58 624 102694 358690660 0 3215880 13947908 0 523 0 2367 3850654 44 0 5139 0
1791250669954375 19325629559 58 624 102773 359264048 0 3215880 13955628 0 523 0 2369 3850750 44 0 5139 0
1791250670456632 19326131816 58 624 102852 359375355 0 3215880 13963220 0 524 0 2371 3850848 44 0 5139 0
1791250670959527 19326634711 59 624 102932 359510446 0 3215880 13970940 0 524 0 2373 3850942 44 0 5140 0
1791250671463404 19327138587 59 624 103011 359624929 0 3215880 13978660 0 525 0 2374 3851037 44 0 5141 0
1791250671964245 19327639429 59 624 103090 359768377 0 3215880 13986252 0 525 0 2376 3851131 44 0 5141 0
1791250672464615 19328139799 59 624 103170 359885421 0 3215880 13994204 0 525 0 2377 3851226 44 0 5141 0
1791250672966581 19328641765 59 624 103250 360034776 0 3215880 14001796 0 525 0 2377 3851324 44 0 5142 0
1791250673469764 19329144947 59 624 103328 360246384 0 3215880 14009284 0 527 0 2378 3851416 44 0 5143 0
1791250673973951 19329649135 59 624 103409 360785670 0 3215880 14017236 0 527 0 2381 3851509 44 0 5145 0
1791250674474297 19330149480 60 624 103488 361033631 0 3215880 14024828 0 527 0 2381 3851599 44 0 5151 0
1791250674978631 19330653814 60 624 103567 361706142 0 3215880 14032548 0 527 0 2381 3851695 44 0 5154 0
1791250675480416 19331155600 60 624 103646 361932369 0 3215880 14040140 0 527 0 2381 3851792 44 0 5155 0
1791250675981208 19331656390 60 624 103726 362147687 0 3215880 14047860 0 527 0 2381 3851888 44 0 5158 0
1791250676483078 19332158261 60 624 103804 363094798 0 3215880 14055452 0 527 0 2382 3851981 44 0 5162 0
1791250676931935 19332607119 60 624 103878 363452479 0 3215880 14062580 0 527 0 2384 3852067 44 0 5163 0
