23564.67 0 0 0
23569.67 2 1792 224
23574.68 2 1800 232
23579.69 2 1804 236
23584.69 2 1804 236
23589.69 2 1804 236
23594.70 2 1808 240
23599.71 2 1800 232
23604.71 2 1816 248
23609.72 2 1816 248
23614.72 2 1816 248
23619.73 2 1820 252
23624.75 2 1820 252
23629.76 2 1820 252
23634.77 2 1824 256
23639.78 2 1824 256
23644.79 2 1828 260
23649.79 2 1828 260
23654.81 2 1828 260
23659.81 2 1832 264
23664.82 2 1832 264
23669.83 2 1836 268
23674.84 2 1836 268
23679.85 2 1836 268
23684.86 2 1840 272
23689.87 2 1840 272
23694.88 2 1844 276
23699.89 2 1832 264
23704.91 2 1844 276
23709.97 2 1848 280
23715.01 2 1848 280
23720.02 2 1852 284
23725.03 2 1852 284
23730.04 2 1852 284
23735.04 2 1856 288
23740.05 2 1856 288
23745.05 2 1856 288
23750.06 2 1860 292
23755.06 2 1860 292
23760.07 2 1864 296
23765.07 2 1864 296
23770.08 2 1864 296
23775.08 2 1868 300
23780.09 2 1868 300
23785.09 2 1872 304
23790.10 2 1860 292
23795.10 2 1872 304
23800.11 2 1876 308
23805.11 2 1876 308
23810.12 2 1876 308
23815.12 1 1068 156
23820.13 1 1068 156
23825.13 1 1068 156
23830.14 1 1068 156
23835.14 1 1072 160
23840.15 1 1072 160
23845.15 1 1072 160
23850.16 1 1072 160
