20837.18 0 0 0
20842.18 6 9404 0
20847.19 6 9408 0
20852.21 6 9412 0
20857.22 6 9412 0
20862.24 6 9412 0
20867.26 6 9416 0
20872.27 6 9416 0
20877.29 6 9416 0
20882.31 6 9420 0
20887.32 6 9420 0
20892.34 6 9424 0
20897.39 6 9432 0
20902.41 6 9440 0
20907.46 6 9440 0
20912.50 6 9440 0
20917.52 6 9440 0
20922.57 6 9444 0
20927.59 6 9444 0
20932.61 6 9448 0
20937.63 6 9448 0
20942.79 6 9452 0
20947.95 6 9452 0
20953.05 6 9452 0
20958.09 6 9452 0
20963.10 6 9456 0
20968.13 6 9460 0
20973.15 6 9460 0
20978.17 6 9460 0
20983.19 6 9464 0
20988.52 6 9464 0
20993.67 7 9468 0
20998.77 6 9464 0
21003.78 6 9464 0
21008.80 6 9472 0
21013.81 6 9464 0
21018.86 6 9472 0
21023.88 6 9476 0
21028.89 6 9476 0
21033.91 6 9480 0
21038.93 6 9480 0
21043.94 6 9480 0
21048.96 6 9484 0
21053.98 6 9484 0
21059.00 6 9488 0
21064.01 6 9484 0
21069.02 6 9488 0
21074.04 6 9488 0
21079.05 6 9488 0
21084.07 6 9492 0
21089.08 5 8684 0
21094.10 5 8684 0
21099.11 5 8684 0
21104.12 5 8684 0
21109.13 5 8684 0
21114.15 5 8684 0
21119.16 5 8684 0
21124.17 5 8684 0
21129.18 0 0 0
