# hz=100 page_bytes=4096 possible_cpus=2
# program_id=136 jit_bytes=8483 xlated_bytes=4776
# pos:	0
# flags:	02000002
# mnt_id:	10
# ino:	26
# prog_type:	1
# prog_jited:	1
# prog_tag:	1a92932acb008231
# memlock:	8192
# prog_id:	136
# run_time_ns:	0
# run_cnt:	0
# recursion_misses:	0
# verified_insns:	199283
# map=counters type=6 key=4 value=32 max_entries=1
# pos:	0
# flags:	02000002
# mnt_id:	10
# ino:	26
# map_type:	6
# key_size:	4
# value_size:	32
# max_entries:	1
# map_flags:	0x0
# map_extra:	0x0
# memlock:	268
# map_id:	169
# frozen:	0
# map=accounting type=2 key=4 value=24 max_entries=1
# pos:	0
# flags:	02000002
# mnt_id:	10
# ino:	26
# map_type:	2
# key_size:	4
# value_size:	24
# max_entries:	1
# map_flags:	0x0
# map_extra:	0x0
# memlock:	224
# map_id:	170
# frozen:	0
# map=flows type=9 key=36 value=32 max_entries=1024
# pos:	0
# flags:	02000002
# mnt_id:	10
# ino:	26
# map_type:	9
# key_size:	36
# value_size:	32
# max_entries:	1024
# map_flags:	0x0
# map_extra:	0x0
# memlock:	107456
# map_id:	167
# frozen:	0
# map=departures type=9 key=40 value=8 max_entries=8192
# pos:	0
# flags:	02000002
# mnt_id:	10
# ino:	26
# map_type:	9
# key_size:	40
# value_size:	8
# max_entries:	8192
# map_flags:	0x0
# map_extra:	0x0
# memlock:	656320
# map_id:	166
# frozen:	0
# map=samples type=27 key=0 value=0 max_entries=262144
# pos:	0
# flags:	02000002
# mnt_id:	10
# ino:	26
# map_type:	27
# key_size:	0
# value_size:	0
# max_entries:	262144
# map_flags:	0x0
# map_extra:	0x0
# memlock:	275148
# map_id:	168
# frozen:	0
realtime_us monotonic_us daemon_ticks rss_pages runs runtime_ns ring_full ack_bytes upload_bytes unaccounted host_user host_nice host_system host_idle host_iowait host_irq host_softirq host_steal
1791337288070786 62815652695 34 486 0 0 0 0 2560 0 3331 0 14059 12482781 69 0 39082 0
1791337288572303 62816154211 34 486 78 387264 0 0 10152 0 3331 0 14059 12482875 69 0 39084 0
1791337289077023 62816658931 34 486 158 567369 0 0 18104 0 3331 0 14059 12482965 69 0 39087 0
1791337289577876 62817159784 34 486 238 752805 0 0 25696 0 3332 0 14059 12483056 69 0 39089 0
1791337290078896 62817660805 34 486 317 925455 0 0 33416 0 3332 0 14059 12483149 69 0 39091 0
1791337290587975 62818169884 34 486 397 1085229 0 0 41136 0 3332 0 14060 12483242 69 0 39093 0
1791337291088643 62818670551 34 486 477 1232007 0 0 48856 0 3332 0 14060 12483331 69 0 39097 0
1791337291590666 62819172574 34 486 556 1337222 0 0 56448 0 3332 0 14060 12483423 69 0 39100 0
1791337292094950 62819676859 34 486 636 1432215 0 0 64168 0 3332 0 14061 12483515 69 0 39102 0
1791337292596426 62820178335 34 486 719 1551661 0 0 72204 0 3332 0 14061 12483608 69 0 39102 0
1791337293096911 62820678819 34 486 797 1677055 0 0 79796 0 3333 0 14061 12483704 69 0 39104 0
1791337293599539 62821181447 36 486 878 1796007 0 0 87516 0 3333 0 14061 12483799 69 0 39105 0
1791337294100813 62821682721 36 486 957 1905109 0 0 95236 0 3333 0 14062 12483888 69 0 39108 0
1791337294606176 62822188084 36 486 1036 2011580 0 0 102828 0 3333 0 14062 12483985 69 0 39108 0
1791337295109056 62822690965 36 486 1115 2107003 0 0 110548 0 3334 0 14062 12484079 69 0 39110 0
1791337295611882 62823193790 36 486 1195 2226889 0 0 118268 0 3334 0 14062 12484175 69 0 39112 0
1791337296112486 62823694393 36 486 1278 2377927 0 96 126193 0 3334 0 14064 12484266 69 0 39114 0
1791337296617408 62824199316 36 486 1495 3778365 0 576 242902 0 3335 0 14064 12484352 69 0 39122 0
1791337297118387 62824700295 36 486 1725 4866195 0 576 400622 0 3335 0 14065 12484446 69 0 39127 0
1791337297623173 62825205082 36 486 1964 6378353 0 576 573550 0 3335 0 14065 12484543 69 0 39127 0
1791337298124928 62825706837 37 486 2193 7789432 0 576 741718 0 3335 0 14067 12484638 69 0 39127 0
1791337298626122 62826208031 37 486 2426 9002517 0 576 903838 0 3335 0 14069 12484728 69 0 39133 0
1791337299127110 62826709018 37 486 2639 10065866 0 576 1030446 0 3335 0 14070 12484822 69 0 39137 0
1791337299634741 62827216650 38 486 2834 11171255 0 576 1152294 0 3335 0 14070 12484918 69 0 39139 0
1791337300136461 62827718369 38 486 3042 12352436 0 576 1285078 0 3335 0 14071 12485007 69 0 39143 0
1791337300637579 62828219487 38 486 3259 13745332 0 576 1431630 0 3335 0 14071 12485100 69 0 39148 0
1791337301138975 62828720884 38 486 3489 14916438 0 576 1593750 0 3335 0 14072 12485196 69 0 39151 0
1791337301640384 62829222293 38 486 3727 16246592 0 576 1772726 0 3336 0 14072 12485288 69 0 39157 0
1791337302141044 62829722953 38 486 3955 17214728 0 576 1931990 0 3336 0 14073 12485379 69 0 39162 0
1791337302642100 62830224008 39 486 4164 18592892 0 576 2063102 0 3336 0 14074 12485471 69 0 39168 0
1791337303145392 62830727301 39 486 4358 19641651 0 576 2189710 0 3336 0 14074 12485564 69 0 39171 0
1791337303651185 62831233093 39 486 4569 20738647 0 576 2330342 0 3337 0 14075 12485656 69 0 39176 0
1791337304153786 62831735694 39 486 4795 22243926 0 576 2484614 0 3337 0 14076 12485753 69 0 39177 0
1791337304655586 62832237494 40 486 5030 23371475 0 576 2652910 0 3337 0 14076 12485846 69 0 39182 0
1791337305156367 62832738276 40 486 5276 24546489 0 576 2821206 0 3337 0 14076 12485943 69 0 39184 0
1791337305660937 62833242845 40 486 5507 26858778 0 576 2984742 0 3337 0 14076 12486033 69 0 39192 0
1791337306164642 62833746550 40 486 5733 28384740 0 576 3134742 0 3337 0 14077 12486128 69 0 39195 0
1791337306665461 62834247370 40 486 5935 29883733 0 576 3264438 0 3337 0 14077 12486223 69 0 39199 0
1791337307168395 62834750303 41 486 6144 34348646 0 576 3406358 0 3337 0 14077 12486317 69 0 39205 0
1791337307668667 62835250575 41 486 6369 35427800 0 576 3560758 0 3337 0 14078 12486414 69 0 39205 0
1791337308172293 62835754202 41 486 6604 35999462 0 576 3732014 0 3337 0 14078 12486506 69 0 39206 0
1791337308674555 62836256464 41 486 6837 37113901 0 576 3909574 0 3338 0 14079 12486598 69 0 39209 0
1791337309176385 62836758294 41 486 7060 38186152 0 576 4056254 0 3338 0 14079 12486693 69 0 39213 0
1791337309678991 62837260900 41 486 7253 38682604 0 576 4164206 0 3338 0 14079 12486787 69 0 39218 0
1791337310180635 62837762543 41 486 7447 39878376 0 576 4280238 0 3338 0 14079 12486882 69 0 39220 0
1791337310684618 62838266525 42 486 7643 41231281 0 576 4406846 0 3338 0 14080 12486977 69 0 39223 0
1791337311186796 62838768704 42 486 7860 42233898 0 576 4548766 0 3338 0 14080 12487073 69 0 39225 0
1791337311690897 62839272806 42 486 7991 42619290 0 864 4586906 0 3340 0 14082 12487163 69 0 39228 0
1791337312192478 62839774386 42 486 8070 42807557 0 864 4594626 0 3340 0 14082 12487262 69 0 39229 0
1791337312695568 62840277477 42 486 8150 42971873 0 864 4602450 0 3340 0 14083 12487361 69 0 39230 0
1791337313197968 62840779876 43 486 8230 43148118 0 864 4610170 0 3340 0 14083 12487454 69 0 39232 0
1791337313698632 62841280540 43 486 8308 43399783 0 864 4617762 0 3341 0 14084 12487549 69 0 39237 0
1791337314199040 62841780949 44 486 8389 43808654 0 864 4625482 0 3341 0 14085 12487644 69 0 39239 0
1791337314701042 62842282950 44 486 8848 47153236 0 18936 4652666 0 3341 0 14087 12487733 69 0 39246 0
1791337315201709 62842783618 44 486 9948 52798037 0 63780 4705230 0 3341 0 14090 12487815 69 0 39258 0
1791337315704528 62843286436 44 486 11034 57357046 0 105156 4754326 0 3341 0 14090 12487899 69 0 39274 0
1791337316208509 62843790418 45 486 12075 61977238 0 143940 4800702 0 3341 0 14094 12487977 69 0 39291 0
1791337316710797 62844292705 45 486 13175 66806983 0 186084 4850566 0 3341 0 14096 12488060 69 0 39308 0
1791337317212115 62844794024 45 486 14234 70723975 0 226980 4899054 0 3341 0 14098 12488146 69 0 39318 0
1791337317713302 62845295211 45 486 15309 74437021 0 271856 4951650 0 3341 0 14098 12488235 69 0 39329 0
1791337318213784 62845795693 46 486 16238 77439553 0 307064 4994450 0 3341 0 14099 12488327 69 0 39336 0
1791337318715280 62846297188 46 486 17260 83638438 0 343568 5038546 0 3341 0 14101 12488414 69 0 39344 0
1791337319216199 62846798108 46 486 18268 87805667 0 378440 5081138 0 3342 0 14101 12488498 69 0 39356 0
1791337319716978 62847298885 46 486 19270 92734840 0 412712 5123234 0 3342 0 14103 12488583 69 0 39369 0
1791337320219256 62847801164 46 486 20307 97317550 0 450812 5168822 0 3343 0 14105 12488668 69 0 39381 0
1791337320728865 62848310773 46 486 21344 101981790 0 489212 5215174 0 3344 0 14106 12488752 69 0 39395 0
1791337321229922 62848811830 47 486 22351 108438151 0 523004 5256558 0 3344 0 14106 12488832 69 0 39414 0
1791337321737848 62849319756 47 486 23379 112522339 0 560732 5302006 0 3345 0 14108 12488920 69 0 39424 0
1791337322238349 62849820257 47 486 24536 117399932 0 612716 5361814 0 3345 0 14109 12489008 69 0 39435 0
1791337322740469 62850322378 47 486 25421 120086368 0 646040 5402626 0 3345 0 14110 12489099 69 0 39442 0
1791337323248468 62850830377 48 486 26432 123276055 0 682328 5446866 0 3345 0 14114 12489188 69 0 39450 0
1791337323752266 62851334175 48 486 27398 127029548 0 714896 5487154 0 3345 0 14114 12489274 69 0 39464 0
1791337324254385 62851836293 48 486 28317 131452123 0 744092 5524070 0 3346 0 14117 12489361 69 0 39472 0
1791337324754989 62852336898 48 486 29353 135384498 0 780080 5567650 0 3347 0 14119 12489446 69 0 39483 0
1791337325256540 62852838448 48 486 30338 138738069 0 812144 5607434 0 3348 0 14119 12489533 69 0 39495 0
1791337325764537 62853346445 49 486 31338 143828613 0 845648 5648530 0 3349 0 14123 12489618 69 0 39507 0
1791337326267780 62853849688 49 486 32345 147974942 0 879856 5690690 0 3349 0 14124 12489703 69 0 39521 0
1791337326769427 62854351335 49 486 33440 152432045 0 925280 5743474 0 3349 0 14127 12489788 69 0 39533 0
1791337327271666 62854853575 49 486 34212 157839537 0 951392 5777538 0 3351 0 14129 12489867 69 0 39547 0
1791337327772609 62855354517 50 486 35188 161136286 0 983168 5816906 0 3351 0 14132 12489953 69 0 39558 0
1791337328273800 62855855708 50 486 36168 164960307 0 1014764 5855990 0 3352 0 14133 12490035 69 0 39574 0
1791337328775530 62856357438 50 486 37172 170059437 0 1049420 5898470 0 3353 0 14134 12490119 69 0 39588 0
1791337329277542 62856859451 50 486 38188 173398127 0 1084004 5941006 0 3353 0 14138 12490205 69 0 39598 0
1791337329779938 62857361847 51 486 39220 178049604 0 1120964 5985558 0 3353 0 14138 12490297 69 0 39606 0
1791337330282137 62857864045 51 486 40228 183411877 0 1154276 6026590 0 3354 0 14141 12490382 69 0 39616 0
1791337330783075 62858364984 51 486 41311 186390757 0 1196404 6076310 0 3354 0 14141 12490477 69 0 39621 0
1791337331289997 62858871906 51 486 42323 188883034 0 1236948 6124574 0 3354 0 14142 12490565 69 0 39633 0
1791337331793638 62859375547 52 486 43309 191462257 0 1271100 6166318 0 3355 0 14142 12490653 69 0 39644 0
1791337332296201 62859878110 52 486 44289 195594481 0 1303932 6207102 0 3355 0 14142 12490743 69 0 39654 0
1791337332797177 62860379086 52 486 45302 198870240 0 1340220 6250750 0 3355 0 14143 12490835 69 0 39661 0
1791337333298151 62860880060 52 486 46357 201701656 0 1377372 6295622 0 3355 0 14143 12490926 69 0 39669 0
1791337333801643 62861383551 52 486 47462 204674592 0 1419984 6346186 0 3356 0 14143 12491014 69 0 39681 0
1791337334307854 62861889763 52 486 48455 208027874 0 1458948 6392742 0 3358 0 14144 12491100 69 0 39692 0
1791337334808520 62862390428 53 486 49197 210874733 0 1481292 6428743 0 3360 0 14144 12491190 69 0 39701 0
1791337335310063 62862891971 53 486 49276 211065123 0 1481292 6436335 0 3360 0 14144 12491285 69 0 39701 0
1791337335818729 62863400638 54 486 49358 211258365 0 1481292 6444287 0 3360 0 14144 12491381 69 0 39703 0
1791337336322997 62863904905 54 486 49437 211449848 0 1481292 6452007 0 3362 0 14146 12491469 69 0 39707 0
1791337336841758 62864423667 54 486 49518 211771306 0 1481292 6459855 0 3363 0 14146 12491561 69 0 39709 0
1791337337348202 62864930111 54 486 49598 212019630 0 1481292 6467679 0 3363 0 14147 12491643 69 0 39712 0
1791337337848708 62865430616 54 486 49751 212736549 0 1482540 6499033 0 3363 0 14148 12491730 69 0 39715 0
1791337338354703 62865936612 55 486 50759 216288282 0 1519440 6637709 0 3363 0 14149 12491810 69 0 39728 0
1791337338858568 62866440476 55 486 51812 219959735 0 1555440 6783437 0 3364 0 14150 12491890 69 0 39748 0
1791337339360514 62866942423 55 486 53009 223690149 0 1597392 6955085 0 3364 0 14150 12491983 69 0 39754 0
1791337339860729 62867442638 55 486 54011 226235469 0 1633104 7117173 0 3364 0 14150 12492077 69 0 39759 0
1791337340361265 62867943174 55 486 55103 228335110 0 1670352 7271637 0 3364 0 14151 12492170 69 0 39762 0
1791337340864693 62868446601 55 486 56260 231477859 0 1710960 7412837 0 3364 0 14152 12492263 69 0 39769 0
1791337341367079 62868948988 56 486 57432 234997259 0 1752912 7552061 0 3365 0 14153 12492353 69 0 39777 0
1791337341867930 62869449838 56 486 58676 237064130 0 1805584 7718861 0 3366 0 14153 12492446 69 0 39782 0
1791337342369728 62869951636 56 486 59581 239346452 0 1837924 7888617 0 3366 0 14154 12492538 69 0 39789 0
1791337342870282 62870452190 56 486 60196 240777402 0 1855816 8048429 0 3366 0 14154 12492627 69 0 39797 0
1791337343371006 62870952914 56 486 60741 243150338 0 1869736 8199765 0 3366 0 14156 12492721 69 0 39798 0
1791337343873690 62871455598 57 486 61542 246995553 0 1894156 8336897 0 3367 0 14157 12492812 69 0 39804 0
1791337344378368 62871960277 57 486 62539 252180117 0 1924012 8485513 0 3367 0 14161 12492897 69 0 39814 0
1791337344881047 62872462955 58 486 63389 260105967 0 1949188 8587761 0 3368 0 14161 12492965 69 0 39836 0
1791337345390014 62872971923 58 486 64456 265070619 0 1982020 8708833 0 3369 0 14164 12493049 69 0 39850 0
1791337345895533 62873477441 59 486 65598 272728617 0 2017252 8864369 0 3370 0 14167 12493135 69 0 39861 0
1791337346398990 62873980899 59 486 66741 277699183 0 2052196 9041361 0 3372 0 14170 12493218 69 0 39875 0
1791337346905066 62874486975 60 486 67860 281850423 0 2086684 9202561 0 3372 0 14174 12493298 69 0 39891 0
1791337347411354 62874993262 60 486 68958 287477489 0 2121148 9341657 0 3372 0 14178 12493379 69 0 39905 0
1791337347919224 62875501132 60 486 69968 293111706 0 2149984 9469541 0 3372 0 14179 12493449 69 0 39929 0
1791337348419895 62876001804 61 486 71146 297435740 0 2194664 9625621 0 3372 0 14180 12493538 69 0 39936 0
1791337348921046 62876502954 61 486 72141 301684342 0 2226080 9785061 0 3372 0 14182 12493621 69 0 39948 0
1791337349425786 62877007695 61 486 73141 304906284 0 2258372 9964033 0 3372 0 14185 12493710 69 0 39955 0
1791337349927827 62877509735 61 486 73834 306954486 0 2279408 10120941 0 3372 0 14186 12493804 69 0 39956 0
1791337350428723 62878010631 62 486 74677 309178288 0 2304488 10249341 0 3372 0 14187 12493897 69 0 39963 0
1791337350931218 62878513127 62 486 75717 314651054 0 2336840 10375877 0 3372 0 14189 12493975 69 0 39980 0
1791337351432221 62879014129 63 486 76867 321177686 0 2374760 10503349 0 3374 0 14191 12494052 69 0 39999 0
1791337351933458 62879515366 63 486 77981 326450974 0 2409416 10652133 0 3374 0 14192 12494136 69 0 40014 0
1791337352438126 62880020033 64 486 79118 329981723 0 2445512 10819469 0 3374 0 14194 12494222 69 0 40025 0
1791337352939371 62880521279 64 486 80133 333799592 0 2479860 10999185 0 3374 0 14196 12494309 69 0 40034 0
1791337353440799 62881022708 64 486 80876 338587878 0 2502720 11143893 0 3374 0 14196 12494397 69 0 40047 0
1791337353942502 62881524411 65 486 81843 342520334 0 2530056 11269917 0 3374 0 14199 12494480 69 0 40058 0
1791337354448036 62882029944 65 486 82960 346844735 0 2567112 11396525 0 3374 0 14199 12494567 69 0 40069 0
1791337354948844 62882530752 65 486 84081 350126177 0 2604168 11510909 0 3376 0 14199 12494664 69 0 40071 0
1791337355451111 62883033020 65 486 85224 352367095 0 2641776 11651837 0 3376 0 14199 12494755 69 0 40078 0
1791337355957955 62883539862 66 486 86321 355279147 0 2676852 11788817 0 3376 0 14200 12494847 69 0 40086 0
1791337356459920 62884041829 66 486 87525 357006493 0 2720592 11953093 0 3377 0 14201 12494942 69 0 40091 0
1791337356966929 62884548837 66 486 88512 359039488 0 2752260 12122177 0 3378 0 14203 12495032 69 0 40095 0
1791337357467818 62885049727 66 486 89224 360215368 0 2773056 12285021 0 3378 0 14204 12495124 69 0 40100 0
1791337357974538 62885556446 66 486 89805 361411017 0 2787072 12444173 0 3378 0 14204 12495218 69 0 40105 0
1791337358478489 62886060397 67 486 90674 363438913 0 2812320 12580461 0 3378 0 14205 12495312 69 0 40108 0
1791337358979218 62886561127 67 486 91761 365953257 0 2845824 12705293 0 3378 0 14208 12495404 69 0 40113 0
1791337359479438 62887061347 67 486 92898 368640403 0 2881632 12855229 0 3378 0 14209 12495497 69 0 40118 0
1791337359980963 62887562872 67 486 94039 371702259 0 2916480 13025949 0 3378 0 14212 12495587 69 0 40124 0
1791337360481307 62888063215 67 486 95064 375351130 0 2945952 13198885 0 3379 0 14212 12495671 69 0 40137 0
1791337360982119 62888564026 67 486 96002 378505635 0 2972736 13347413 0 3379 0 14216 12495754 69 0 40150 0
1791337361485576 62889067484 68 486 97044 383109851 0 3003648 13463349 0 3379 0 14217 12495839 69 0 40163 0
1791337361989158 62889571066 69 486 98116 388193496 0 3037800 13582189 0 3379 0 14219 12495923 69 0 40177 0
1791337362496980 62890078889 69 486 99136 391591198 0 3079884 13717017 0 3379 0 14220 12496013 69 0 40186 0
1791337362998233 62890580141 69 486 100011 394367458 0 3105336 13827503 0 3379 0 14223 12496103 69 0 40192 0
1791337363498539 62891080447 69 486 100090 394528892 0 3105336 13835095 0 3380 0 14224 12496200 69 0 40192 0
1791337364005087 62891586995 70 486 100170 394702825 0 3105336 13842815 0 3380 0 14224 12496297 69 0 40192 0
1791337364507877 62892089785 70 486 100249 394900948 0 3105336 13850407 0 3381 0 14224 12496394 69 0 40192 0
1791337365010251 62892592160 70 486 100329 395013970 0 3105336 13858127 0 3381 0 14224 12496489 69 0 40193 0
1791337365512868 62893094776 70 486 100408 395463454 0 3105336 13865847 0 3381 0 14224 12496584 69 0 40193 0
1791337366013931 62893595839 70 486 100487 395597353 0 3105336 13873439 0 3381 0 14224 12496676 69 0 40193 0
1791337366518046 62894099954 70 486 100567 395776471 0 3105336 13881159 0 3381 0 14224 12496775 69 0 40194 0
1791337367018869 62894600778 71 486 100648 395956650 0 3105336 13889111 0 3381 0 14225 12496872 69 0 40195 0
1791337367519071 62895100980 71 486 100726 396111926 0 3105336 13896703 0 3381 0 14225 12496969 69 0 40196 0
1791337368021649 62895603558 71 486 100806 396271894 0 3105336 13904423 0 3382 0 14225 12497063 69 0 40197 0
1791337368525059 62896106968 71 486 100885 396455520 0 3105336 13912015 0 3382 0 14225 12497161 69 0 40197 0
1791337369025462 62896607370 72 486 100965 396647080 0 3105336 13919735 0 3382 0 14225 12497252 69 0 40203 0
1791337369528731 62897110640 72 486 101044 396832351 0 3105336 13927455 0 3382 0 14226 12497350 69 0 40204 0
1791337370031685 62897613593 72 486 101124 397028944 0 3105336 13935175 0 3382 0 14227 12497444 69 0 40204 0
1791337370535741 62898117649 73 486 101203 397216392 0 3105336 13942767 0 3383 0 14228 12497536 69 0 40205 0
1791337370959193 62898541101 73 486 101271 397365132 0 3105336 13949535 0 3383 0 14231 12497616 69 0 40206 0
