# hz=100 page_bytes=4096 possible_cpus=2
# program_id=8 jit_bytes=6701 xlated_bytes=3728
# pos:	0
# flags:	02000002
# mnt_id:	10
# ino:	26
# prog_type:	1
# prog_jited:	1
# prog_tag:	e45e774793fd1fbd
# memlock:	4096
# prog_id:	8
# run_time_ns:	0
# run_cnt:	0
# recursion_misses:	0
# verified_insns:	199065
# map=counters type=6 key=4 value=24 max_entries=1
# pos:	0
# flags:	02000002
# mnt_id:	10
# ino:	26
# map_type:	6
# key_size:	4
# value_size:	24
# max_entries:	1
# map_flags:	0x0
# map_extra:	0x0
# memlock:	252
# map_id:	12
# frozen:	0
# map=flows type=9 key=36 value=32 max_entries=1024
# pos:	0
# flags:	02000002
# mnt_id:	10
# ino:	26
# map_type:	9
# key_size:	36
# value_size:	32
# max_entries:	1024
# map_flags:	0x0
# map_extra:	0x0
# memlock:	107456
# map_id:	10
# frozen:	0
# map=departures type=9 key=40 value=8 max_entries=8192
# pos:	0
# flags:	02000002
# mnt_id:	10
# ino:	26
# map_type:	9
# key_size:	40
# value_size:	8
# max_entries:	8192
# map_flags:	0x0
# map_extra:	0x0
# memlock:	656320
# map_id:	9
# frozen:	0
# map=samples type=27 key=0 value=0 max_entries=262144
# pos:	0
# flags:	02000002
# mnt_id:	10
# ino:	26
# map_type:	27
# key_size:	0
# value_size:	0
# max_entries:	262144
# map_flags:	0x0
# map_extra:	0x0
# memlock:	275148
# map_id:	11
# frozen:	0
realtime_us monotonic_us daemon_ticks rss_pages runs runtime_ns ring_full ack_bytes upload_bytes unaccounted host_user host_nice host_system host_idle host_iowait host_irq host_softirq host_steal
1791250328727112 18984402296 25 479 0 0 0 0 1960 0 378 0 1775 3787362 43 0 2329 0
1791250329228484 18984903668 25 479 78 58905 0 0 8480 0 378 0 1775 3787452 43 0 2333 0
1791250329733590 18985408774 25 479 158 111907 0 0 15104 0 378 0 1776 3787546 43 0 2333 0
1791250330235569 18985910752 25 479 240 164230 0 0 21624 0 378 0 1776 3787642 43 0 2335 0
1791250330743390 18986418574 25 479 317 218766 0 0 28144 0 378 0 1777 3787740 43 0 2336 0
1791250331245502 18986920685 27 479 398 280979 0 0 34566 0 378 0 1777 3787829 43 0 2339 0
1791250331745715 18987420899 27 479 477 336468 0 0 41086 0 378 0 1777 3787928 43 0 2339 0
1791250332247492 18987922676 27 479 556 392741 0 0 47508 0 378 0 1778 3788024 43 0 2339 0
1791250332747818 18988423001 27 479 635 450604 0 0 54028 0 378 0 1778 3788119 43 0 2342 0
1791250333251372 18988926556 27 479 716 639986 0 0 60492 0 379 0 1779 3788215 43 0 2342 0
1791250333752478 18989427661 27 479 798 698627 0 0 67214 0 379 0 1779 3788312 43 0 2343 0
1791250334255066 18989930250 27 479 877 756765 0 0 73734 0 379 0 1779 3788411 43 0 2345 0
1791250334758006 18990433189 27 479 957 816620 0 0 80254 0 379 0 1779 3788507 43 0 2347 0
1791250335260203 18990935386 27 479 1036 871525 0 0 86676 0 379 0 1781 3788602 43 0 2349 0
1791250335762136 18991437320 27 479 1116 932995 0 0 93196 0 379 0 1781 3788701 43 0 2349 0
1791250336264202 18991939385 28 479 1195 1013796 0 0 99716 0 379 0 1781 3788798 43 0 2349 0
1791250336764670 18992439854 28 479 1278 1086333 0 66 106381 0 379 0 1781 3788893 43 0 2350 0
1791250337266668 18992941851 28 479 1502 1806943 0 330 222610 0 379 0 1782 3788989 43 0 2352 0
1791250337767534 18993442718 28 479 1732 2264364 0 330 372862 0 380 0 1782 3789084 43 0 2354 0
1791250338269914 18993945098 28 479 1967 2876529 0 330 532296 0 380 0 1782 3789178 43 0 2356 0
1791250338774235 18994449418 28 479 2208 3284818 0 330 705356 0 381 0 1782 3789271 43 0 2361 0
1791250339274633 18994949817 28 479 2435 3798271 0 330 861866 0 381 0 1782 3789364 43 0 2365 0
1791250339776177 18995451361 28 479 2653 4733248 0 330 998590 0 381 0 1782 3789459 43 0 2368 0
1791250340277512 18995952696 28 479 2852 5122273 0 330 1123202 0 381 0 1783 3789555 43 0 2369 0
1791250340784337 18996459521 29 479 3060 5715420 0 330 1259828 0 381 0 1783 3789652 43 0 2372 0
1791250341284810 18996959994 29 479 3286 6167729 0 330 1410178 0 381 0 1783 3789749 43 0 2373 0
1791250341787302 18997462486 29 479 3527 6723538 0 330 1577084 0 382 0 1784 3789841 43 0 2377 0
1791250342294108 18997969291 29 479 3763 7189566 0 330 1742574 0 382 0 1784 3789940 43 0 2378 0
1791250342800720 18998475904 29 479 3996 7862482 0 330 1900696 0 382 0 1784 3790036 43 0 2380 0
1791250343301162 18998976346 29 479 4207 8312705 0 330 2031266 0 382 0 1784 3790128 43 0 2386 0
1791250343803136 18999478318 29 479 4414 9193811 0 330 2167990 0 382 0 1784 3790220 43 0 2391 0
1791250344306166 18999981349 29 479 4639 10425486 0 330 2319854 0 383 0 1784 3790310 43 0 2395 0
1791250344814607 19000489791 30 479 4878 11670522 0 330 2489788 0 384 0 1785 3790401 43 0 2400 0
1791250345318451 19000993634 30 479 5111 13177843 0 330 2661334 0 384 0 1786 3790495 43 0 2404 0
1791250345820651 19001495835 30 479 5331 14223927 0 330 2801386 0 384 0 1787 3790591 43 0 2407 0
1791250346321430 19001996613 30 479 5525 15453979 0 330 2904704 0 384 0 1787 3790686 43 0 2412 0
1791250346824091 19002499273 30 479 5710 16314796 0 330 3017106 0 386 0 1787 3790779 43 0 2415 0
1791250347325815 19003000999 30 479 5912 17031147 0 330 3141718 0 386 0 1788 3790872 43 0 2419 0
1791250347826550 19003501734 31 479 6120 18194166 0 330 3279858 0 386 0 1788 3790968 43 0 2421 0
1791250348331250 19004006433 31 479 6344 20217524 0 330 3431722 0 386 0 1789 3791063 43 0 2426 0
1791250348832727 19004507910 31 479 6582 21008703 0 330 3600442 0 386 0 1789 3791160 43 0 2427 0
1791250349334812 19005009996 31 479 6814 21478200 0 330 3765834 0 387 0 1789 3791255 43 0 2429 0
1791250349837209 19005512392 31 479 7037 22012045 0 330 3911642 0 387 0 1789 3791351 43 0 2432 0
1791250350343522 19006018705 31 479 7239 22738455 0 330 4031712 0 387 0 1789 3791446 43 0 2434 0
1791250350844686 19006519870 31 479 7444 23119982 0 330 4163796 0 387 0 1790 3791539 43 0 2438 0
1791250351345221 19007020405 31 479 7663 24238689 0 330 4311118 0 387 0 1790 3791632 43 0 2443 0
1791250351845704 19007520876 31 479 7895 24674861 0 330 4472066 0 387 0 1791 3791726 43 0 2446 0
1791250352349301 19008024484 32 479 8018 24820793 0 528 4500732 0 387 0 1791 3791818 43 0 2448 0
1791250352849831 19008525015 32 479 8098 24878586 0 528 4507252 0 387 0 1791 3791910 43 0 2450 0
1791250353351894 19009027078 32 479 8177 24936399 0 528 4513772 0 387 0 1791 3792008 43 0 2452 0
1791250353852928 19009528111 32 479 8257 24991746 0 528 4520194 0 387 0 1791 3792103 43 0 2455 0
1791250354353194 19010028377 32 479 8335 25044874 0 528 4526714 0 387 0 1791 3792194 43 0 2459 0
1791250354857638 19010532822 32 479 8416 25104299 0 528 4533234 0 387 0 1792 3792293 43 0 2460 0
1791250355358889 19011034073 32 479 9055 26310305 0 18792 4559080 0 387 0 1792 3792385 43 0 2467 0
1791250355859395 19011534579 32 479 10161 28743097 0 47238 4594046 0 387 0 1793 3792474 43 0 2477 0
1791250356360570 19012035754 32 479 11205 31097261 0 73638 4626868 0 387 0 1793 3792567 43 0 2483 0
1791250356862332 19012537516 33 479 12189 33594535 0 98378 4658128 0 387 0 1795 3792657 43 0 2492 0
1791250357362979 19013038163 33 479 13301 36407731 0 135388 4701560 0 387 0 1795 3792745 43 0 2502 0
1791250357864105 19013539288 33 479 14459 38999618 0 174332 4747024 0 387 0 1795 3792837 43 0 2508 0
1791250358364816 19014040000 33 479 15360 40355362 0 197246 4776458 0 387 0 1797 3792923 43 0 2519 0
1791250358865298 19014540482 33 479 16367 42335028 0 221132 4806766 0 388 0 1797 3793019 43 0 2524 0
1791250359365810 19015040993 33 479 17404 44677712 0 246662 4838816 0 388 0 1798 3793107 43 0 2533 0
1791250359866203 19015541387 33 479 18417 46940719 0 271856 4870432 0 388 0 1799 3793197 43 0 2542 0
1791250360368070 19016043254 33 479 19426 49665093 0 296078 4901174 0 388 0 1800 3793288 43 0 2549 0
1791250360868889 19016544073 33 479 20476 52441969 0 322676 4934292 0 388 0 1801 3793382 43 0 2554 0
1791250361373409 19017048593 33 479 21558 54243306 0 350990 4969028 0 390 0 1801 3793472 43 0 2561 0
1791250361873826 19017549010 33 479 22593 56049568 0 380516 5005276 0 390 0 1802 3793561 43 0 2569 0
1791250362375771 19018050954 33 479 23630 58007104 0 406610 5037792 0 390 0 1804 3793658 43 0 2572 0
1791250362883350 19018558533 33 479 24648 59807316 0 431606 5069308 0 390 0 1804 3793753 43 0 2575 0
1791250363390734 19019065918 34 479 25672 61876945 0 456818 5100942 0 390 0 1804 3793845 43 0 2582 0
1791250363894584 19019569768 34 479 26731 64452787 0 483482 5134328 0 390 0 1805 3793936 43 0 2591 0
1791250364395625 19020070809 34 479 27765 66713788 0 509882 5167248 0 390 0 1805 3794031 43 0 2598 0
1791250364897355 19020572538 35 479 28805 68675528 0 536922 5200710 0 390 0 1805 3794124 43 0 2603 0
1791250365401918 19021077102 35 479 29736 70402145 0 563028 5233336 0 390 0 1805 3794218 43 0 2610 0
1791250365904574 19021579757 35 479 30701 72102536 0 586536 5263364 0 390 0 1805 3794315 43 0 2613 0
1791250366404920 19022080104 35 479 31726 74629643 0 611880 5295130 0 390 0 1805 3794411 43 0 2617 0
1791250366906014 19022581198 35 479 32712 77737985 0 634602 5324372 0 390 0 1807 3794503 43 0 2624 0
1791250367407164 19023082347 35 479 33711 79884783 0 658350 5354542 0 390 0 1808 3794593 43 0 2632 0
1791250367911892 19023587075 35 479 34696 81884989 0 681564 5384178 0 390 0 1809 3794682 43 0 2639 0
1791250368413801 19024088985 35 479 35701 84899118 0 705192 5414528 0 391 0 1810 3794776 43 0 2643 0
1791250368917163 19024592347 35 479 36731 87372752 0 729366 5445320 0 391 0 1812 3794869 43 0 2649 0
1791250369420787 19025095970 35 479 37781 90319544 0 755334 5477710 0 391 0 1812 3794963 43 0 2652 0
1791250369924456 19025599639 35 479 38825 92733174 0 784450 5513346 0 391 0 1815 3795052 43 0 2661 0
1791250370425940 19026101124 36 479 39844 96400886 0 809800 5545118 0 391 0 1816 3795148 43 0 2666 0
1791250370932463 19026607647 36 479 40920 98573030 0 836662 5578500 0 392 0 1816 3795241 43 0 2671 0
1791250371440193 19027115376 36 479 41954 102133997 0 861346 5609906 0 392 0 1816 3795337 43 0 2676 0
1791250371940724 19027615908 36 479 42999 104548639 0 886216 5641296 0 393 0 1818 3795431 43 0 2680 0
1791250372441643 19028116826 36 479 44011 106601435 0 910174 5671676 0 393 0 1819 3795521 43 0 2686 0
1791250372942813 19028617996 36 479 45066 111847722 0 935386 5703408 0 394 0 1819 3795608 43 0 2698 0
1791250373444237 19029119420 37 479 46097 115665047 0 960982 5735426 0 394 0 1823 3795690 43 0 2711 0
1791250373946666 19029621850 37 479 47119 119028584 0 990366 5771330 0 394 0 1824 3795775 43 0 2726 0
1791250374451203 19030126387 37 479 48070 123434111 0 1014054 5801538 0 394 0 1826 3795861 43 0 2738 0
1791250374954260 19030629443 37 479 48958 126902589 0 1034376 5828282 0 395 0 1827 3795947 43 0 2748 0
1791250375455576 19031130759 37 479 49697 128992410 0 1047336 5853398 0 398 0 1829 3796039 43 0 2752 0
1791250375958516 19031633700 38 479 49776 129129628 0 1047336 5859918 0 398 0 1830 3796132 43 0 2755 0
1791250376459169 19032134352 38 479 49854 129268518 0 1047336 5866340 0 398 0 1830 3796225 43 0 2759 0
1791250376960584 19032635767 38 479 49934 129591292 0 1047336 5872860 0 398 0 1830 3796323 43 0 2760 0
1791250377464805 19033139989 38 479 50013 129700824 0 1047336 5879282 0 398 0 1830 3796422 43 0 2761 0
1791250377965344 19033640527 38 479 50092 129760404 0 1047336 5885802 0 398 0 1830 3796517 43 0 2761 0
1791250378466343 19034141526 38 479 50248 129980699 0 1048194 5916150 0 399 0 1830 3796614 43 0 2761 0
1791250378969199 19034644383 38 479 51348 131713235 0 1072704 6042464 0 399 0 1831 3796704 43 0 2770 0
1791250379473743 19035148927 38 479 52426 133920752 0 1093932 6179220 0 399 0 1832 3796793 43 0 2780 0
1791250379974603 19035649786 38 479 53456 136429094 0 1113336 6311026 0 399 0 1832 3796884 43 0 2788 0
1791250380475351 19036150535 38 479 54460 138471213 0 1131090 6442996 0 399 0 1832 3796980 43 0 2794 0
1791250380977605 19036652789 39 479 55503 140684053 0 1150802 6578236 0 401 0 1832 3797068 43 0 2803 0
1791250381478537 19037153721 39 479 56470 142888871 0 1177718 6747834 0 401 0 1832 3797158 43 0 2812 0
1791250381983201 19037658385 39 479 57263 144782391 0 1198804 6893532 0 401 0 1832 3797249 43 0 2818 0
1791250382484334 19038159517 39 479 58018 146561483 0 1214632 7000566 0 401 0 1832 3797346 43 0 2821 0
1791250382984759 19038659943 39 479 58893 148433296 0 1233208 7107418 0 401 0 1834 3797441 43 0 2824 0
1791250383485380 19039160563 39 479 59915 150548516 0 1253884 7222328 0 401 0 1836 3797531 43 0 2832 0
1791250383986112 19039661296 39 479 61018 155167554 0 1277710 7349570 0 401 0 1837 3797622 43 0 2839 0
1791250384486723 19040161907 41 479 62210 157889540 0 1304098 7491388 0 402 0 1839 3797713 43 0 2845 0
1791250384987261 19040662444 41 479 63373 160695114 0 1329112 7648584 0 403 0 1841 3797801 43 0 2853 0
1791250385489681 19041164865 41 479 64390 162691713 0 1350826 7810050 0 403 0 1841 3797890 43 0 2863 0
1791250385992138 19041667321 41 479 65343 165853503 0 1370824 7940936 0 403 0 1841 3797984 43 0 2868 0
1791250386492451 19042167635 41 479 66426 168789252 0 1393660 8031054 0 403 0 1841 3798080 43 0 2871 0
1791250386998375 19042673559 41 479 67584 171033861 0 1422016 8126190 0 403 0 1841 3798178 43 0 2875 0
1791250387503040 19043178224 41 479 68651 173360772 0 1451164 8239274 0 403 0 1842 3798271 43 0 2880 0
1791250388010238 19043685421 41 479 69663 175597988 0 1473412 8367966 0 404 0 1844 3798361 43 0 2888 0
1791250388513639 19044188823 42 479 70836 178341241 0 1499284 8509366 0 405 0 1844 3798448 43 0 2899 0
1791250389014474 19044689657 42 479 72018 180986955 0 1525054 8664394 0 405 0 1847 3798536 43 0 2907 0
1791250389520091 19045195274 42 479 72993 182625236 0 1546330 8828548 0 405 0 1848 3798630 43 0 2912 0
1791250390022022 19045697205 42 479 73840 184896131 0 1565110 8961342 0 405 0 1849 3798723 43 0 2917 0
1791250390528650 19046203834 42 479 75002 187333311 0 1590634 9065960 0 405 0 1849 3798818 43 0 2923 0
1791250391031993 19046707177 42 479 76096 190936547 0 1614870 9160304 0 405 0 1851 3798912 43 0 2927 0
1791250391532847 19047208031 43 479 77178 192475085 0 1637838 9275992 0 405 0 1852 3799004 43 0 2932 0
1791250392033309 19047708493 43 479 78265 194194157 0 1662192 9384282 0 405 0 1853 3799093 43 0 2940 0
1791250392533649 19048208832 43 479 79356 197558760 0 1686054 9508434 0 405 0 1854 3799186 43 0 2945 0
1791250393040765 19048715948 44 479 80533 200700967 0 1716588 9659038 0 405 0 1856 3799273 43 0 2957 0
1791250393544457 19049219640 44 479 81564 204481432 0 1739556 9817118 0 405 0 1857 3799363 43 0 2966 0
1791250394045937 19049721121 44 479 82368 207065881 0 1756852 9963568 0 405 0 1860 3799458 43 0 2970 0
1791250394547407 19050222591 44 479 83157 208634595 0 1772494 10108266 0 405 0 1861 3799552 43 0 2975 0
1791250395048644 19050723828 45 479 84211 210858880 0 1793884 10234586 0 405 0 1864 3799641 43 0 2982 0
1791250395553854 19051229038 45 479 85323 214076896 0 1817860 10357436 0 405 0 1865 3799726 43 0 2995 0
1791250396054633 19051729816 45 479 86380 216479275 0 1839700 10478254 0 405 0 1866 3799808 43 0 3010 0
1791250396554838 19052230021 45 479 87517 218407088 0 1862866 10631886 0 405 0 1868 3799896 43 0 3019 0
1791250397055599 19052730783 45 479 88604 220337153 0 1885240 10795630 0 405 0 1870 3799982 43 0 3031 0
1791250397560811 19053235995 45 479 89533 221614257 0 1905310 10940312 0 406 0 1871 3800071 43 0 3040 0
1791250398064320 19053739503 45 479 90564 224076393 0 1926100 11046350 0 407 0 1872 3800158 43 0 3050 0
1791250398565248 19054240432 46 479 91602 227063693 0 1946494 11141094 0 407 0 1874 3800239 43 0 3065 0
1791250399065474 19054740658 46 479 92730 229072688 0 1978966 11245390 0 407 0 1874 3800333 43 0 3071 0
1791250399566009 19055241193 46 479 93701 230729896 0 2001500 11363672 0 408 0 1875 3800425 43 0 3077 0
1791250400069109 19055744293 46 479 94779 232939473 0 2024828 11496472 0 409 0 1876 3800516 43 0 3084 0
1791250400569591 19056244775 46 479 95896 234960349 0 2048012 11641240 0 409 0 1876 3800610 43 0 3088 0
1791250401073384 19056748568 46 479 97035 236684108 0 2071784 11801638 0 409 0 1876 3800698 43 0 3098 0
1791250401576547 19057251730 47 479 97927 238116955 0 2089406 11951644 0 410 0 1878 3800785 43 0 3108 0
1791250402079640 19057754824 47 479 98769 240474738 0 2105312 12101246 0 410 0 1879 3800876 43 0 3116 0
1791250402580948 19058256132 47 479 99747 242252899 0 2125172 12221396 0 411 0 1881 3800967 43 0 3121 0
1791250403084832 19058760015 47 479 100830 244964899 0 2148008 12338564 0 411 0 1881 3801060 43 0 3128 0
1791250403585716 19059260899 47 479 101853 249250831 0 2168138 12445855 0 411 0 1883 3801140 43 0 3146 0
1791250404087095 19059762279 48 479 102193 250954766 0 2169590 12460272 0 411 0 1884 3801234 43 0 3148 0
1791250404594015 19060269198 48 479 102271 251069343 0 2169590 12466694 0 411 0 1884 3801330 43 0 3152 0
1791250405096053 19060771237 48 479 102353 251204986 0 2169590 12473416 0 411 0 1885 3801422 43 0 3154 0
1791250405596863 19061272046 48 479 102432 251307694 0 2169590 12479936 0 412 0 1885 3801514 43 0 3157 0
1791250406102982 19061778166 48 479 102511 251426422 0 2169590 12486358 0 412 0 1885 3801608 43 0 3160 0
1791250406604908 19062280092 48 479 102591 251551046 0 2169590 12492878 0 412 0 1886 3801701 43 0 3161 0
1791250407105615 19062780798 49 479 102669 251656207 0 2169590 12499300 0 412 0 1887 3801791 43 0 3166 0
1791250407606385 19063281568 49 479 102748 251779865 0 2169590 12505820 0 412 0 1889 3801886 43 0 3166 0
1791250408108939 19063784122 49 479 102827 251890308 0 2169590 12512242 0 412 0 1889 3801982 43 0 3168 0
1791250408613613 19064288797 49 479 102908 251946302 0 2169590 12518860 0 413 0 1889 3802079 43 0 3169 0
1791250409114341 19064789525 49 479 102989 252001586 0 2169590 12525582 0 413 0 1889 3802176 43 0 3170 0
1791250409615782 19065290966 49 479 103068 252052208 0 2169590 12532004 0 413 0 1889 3802272 43 0 3172 0
1791250410116879 19065792063 49 479 103147 252115235 0 2169590 12538524 0 413 0 1889 3802364 43 0 3174 0
1791250410618269 19066293453 49 479 103226 252164717 0 2169590 12544946 0 414 0 1889 3802458 43 0 3176 0
1791250411119587 19066794770 49 479 103306 252227208 0 2169590 12551466 0 414 0 1889 3802555 43 0 3176 0
1791250411623372 19067298556 50 479 103385 252279764 0 2169590 12557986 0 414 0 1889 3802652 43 0 3178 0
1791250411644972 19067320156 50 479 103389 252282878 0 2169590 12558188 0 414 0 1889 3802656 43 0 3178 0
