# hz=100 page_bytes=4096 possible_cpus=2
# program_id=124 jit_bytes=8483 xlated_bytes=4776
# pos:	0
# flags:	02000002
# mnt_id:	10
# ino:	26
# prog_type:	1
# prog_jited:	1
# prog_tag:	1a92932acb008231
# memlock:	8192
# prog_id:	124
# run_time_ns:	0
# run_cnt:	0
# recursion_misses:	0
# verified_insns:	199283
# map=counters type=6 key=4 value=32 max_entries=1
# pos:	0
# flags:	02000002
# mnt_id:	10
# ino:	26
# map_type:	6
# key_size:	4
# value_size:	32
# max_entries:	1
# map_flags:	0x0
# map_extra:	0x0
# memlock:	268
# map_id:	154
# frozen:	0
# map=accounting type=2 key=4 value=24 max_entries=1
# pos:	0
# flags:	02000002
# mnt_id:	10
# ino:	26
# map_type:	2
# key_size:	4
# value_size:	24
# max_entries:	1
# map_flags:	0x0
# map_extra:	0x0
# memlock:	224
# map_id:	155
# frozen:	0
# map=flows type=9 key=36 value=32 max_entries=1024
# pos:	0
# flags:	02000002
# mnt_id:	10
# ino:	26
# map_type:	9
# key_size:	36
# value_size:	32
# max_entries:	1024
# map_flags:	0x0
# map_extra:	0x0
# memlock:	107456
# map_id:	152
# frozen:	0
# map=departures type=9 key=40 value=8 max_entries=8192
# pos:	0
# flags:	02000002
# mnt_id:	10
# ino:	26
# map_type:	9
# key_size:	40
# value_size:	8
# max_entries:	8192
# map_flags:	0x0
# map_extra:	0x0
# memlock:	656320
# map_id:	151
# frozen:	0
# map=samples type=27 key=0 value=0 max_entries=262144
# pos:	0
# flags:	02000002
# mnt_id:	10
# ino:	26
# map_type:	27
# key_size:	0
# value_size:	0
# max_entries:	262144
# map_flags:	0x0
# map_extra:	0x0
# memlock:	275148
# map_id:	153
# frozen:	0
realtime_us monotonic_us daemon_ticks rss_pages runs runtime_ns ring_full ack_bytes upload_bytes unaccounted host_user host_nice host_system host_idle host_iowait host_irq host_softirq host_steal
1791337020825286 62548407195 33 471 0 0 0 0 2432 0 3169 0 13289 12434571 66 0 35848 0
1791337021326875 62548908783 33 471 79 150651 0 0 10152 0 3169 0 13289 12434662 66 0 35850 0
1791337021827663 62549409572 33 471 158 299044 0 0 17872 0 3169 0 13290 12434755 66 0 35853 0
1791337022328569 62549910478 33 471 236 444130 0 0 25464 0 3170 0 13290 12434847 66 0 35854 0
1791337022829560 62550411469 34 471 317 589726 0 0 33416 0 3171 0 13290 12434941 66 0 35855 0
1791337023334792 62550916700 34 471 396 760252 0 0 41008 0 3171 0 13290 12435036 66 0 35858 0
1791337023835143 62551417052 34 471 476 928728 0 0 48728 0 3171 0 13290 12435131 66 0 35859 0
1791337024336883 62551918792 34 471 554 1081435 0 0 56320 0 3171 0 13290 12435222 66 0 35861 0
1791337024839919 62552421827 34 471 634 1272808 0 0 64040 0 3172 0 13292 12435317 66 0 35862 0
1791337025342135 62552924043 34 471 716 1566178 0 0 71844 0 3172 0 13292 12435410 66 0 35866 0
1791337025846374 62553428282 34 471 795 1682896 0 0 79436 0 3172 0 13292 12435509 66 0 35867 0
1791337026346779 62553928688 34 471 875 1788492 0 0 87156 0 3172 0 13292 12435604 66 0 35868 0
1791337026851161 62554433069 34 471 953 1981493 0 0 94748 0 3172 0 13292 12435700 66 0 35869 0
1791337027352451 62554934360 36 471 1035 2446513 0 0 102700 0 3172 0 13292 12435795 66 0 35870 0
1791337027855215 62555437124 36 471 1112 2615485 0 0 110292 0 3172 0 13292 12435889 66 0 35875 0
1791337028356712 62555938621 36 471 1192 2738908 0 0 118012 0 3172 0 13292 12435986 66 0 35877 0
1791337028858529 62556440438 36 471 1275 2878367 0 96 125932 0 3172 0 13293 12436083 66 0 35879 0
1791337029359323 62556941232 36 471 1493 3489173 0 480 244222 0 3172 0 13293 12436175 66 0 35883 0
1791337029863450 62557445359 36 471 1724 4045087 0 480 403254 0 3172 0 13293 12436272 66 0 35886 0
1791337030365470 62557947378 36 471 1968 4805063 0 480 574510 0 3172 0 13293 12436367 66 0 35890 0
1791337030868475 62558450383 36 471 2200 5498777 0 480 736630 0 3172 0 13293 12436464 66 0 35890 0
1791337031369539 62558951447 37 471 2432 6304509 0 480 901838 0 3172 0 13294 12436557 66 0 35893 0
1791337031878364 62559460272 37 471 2655 7248559 0 480 1046846 0 3172 0 13294 12436653 66 0 35896 0
1791337032378629 62559960537 37 471 2866 8239592 0 480 1182950 0 3172 0 13295 12436753 66 0 35897 0
1791337032879474 62560461382 37 471 3084 9454778 0 480 1332590 0 3172 0 13295 12436848 66 0 35900 0
1791337033380357 62560962266 37 471 3325 10038273 0 480 1496254 0 3172 0 13295 12436948 66 0 35901 0
1791337033882849 62561464757 37 471 3562 10652507 0 480 1670598 0 3172 0 13295 12437041 66 0 35904 0
1791337034384636 62561966544 37 471 3795 11600519 0 480 1831174 0 3172 0 13295 12437136 66 0 35907 0
1791337034886976 62562468884 37 471 4020 12550408 0 480 1977726 0 3172 0 13295 12437230 66 0 35909 0
1791337035387478 62562969386 37 471 4227 13071314 0 480 2112054 0 3173 0 13295 12437324 66 0 35911 0
1791337035889849 62563471758 37 471 4443 13714524 0 480 2263366 0 3173 0 13295 12437419 66 0 35913 0
1791337036391636 62563973545 38 471 4674 14431888 0 480 2426902 0 3173 0 13295 12437516 66 0 35915 0
1791337036892388 62564474296 38 471 4911 15427377 0 480 2607550 0 3173 0 13295 12437609 66 0 35921 0
1791337037396286 62564978195 38 471 5137 16147377 0 480 2768230 0 3174 0 13295 12437702 66 0 35924 0
1791337037896621 62565478530 38 471 5341 16896035 0 480 2887118 0 3174 0 13295 12437799 66 0 35926 0
1791337038396956 62565978864 38 471 5517 17689488 0 480 2995198 0 3174 0 13296 12437889 66 0 35934 0
1791337038899917 62566481826 38 471 5714 18752734 0 480 3115502 0 3174 0 13297 12437986 66 0 35936 0
1791337039401189 62566983098 38 471 5918 19260144 0 480 3246742 0 3174 0 13297 12438082 66 0 35939 0
1791337039901690 62567483599 39 471 6138 20276558 0 480 3393422 0 3174 0 13297 12438181 66 0 35941 0
1791337040403667 62567985575 39 471 6374 21065388 0 480 3553998 0 3174 0 13298 12438275 66 0 35944 0
1791337040904235 62568486144 39 471 6608 23332814 0 480 3729758 0 3174 0 13299 12438368 66 0 35948 0
1791337041407705 62568989613 39 471 6842 24604133 0 480 3892006 0 3176 0 13302 12438459 66 0 35951 0
1791337041912421 62569494330 39 471 7066 25238845 0 480 4041774 0 3177 0 13302 12438556 66 0 35952 0
1791337042413533 62569995442 39 471 7268 26050960 0 480 4169798 0 3178 0 13302 12438653 66 0 35952 0
1791337042915107 62570497016 40 471 7477 26624750 0 480 4305670 0 3178 0 13303 12438744 66 0 35957 0
1791337043425661 62571007569 40 471 7708 27615446 0 480 4458758 0 3178 0 13304 12438840 66 0 35960 0
1791337043926302 62571508210 41 471 7934 29566073 0 480 4625382 0 3178 0 13305 12438933 66 0 35963 0
1791337044427564 62572009472 41 471 8066 29979423 0 768 4663519 0 3179 0 13305 12439025 66 0 35966 0
1791337044928628 62572510536 41 471 8145 30521937 0 768 4671111 0 3179 0 13305 12439123 66 0 35967 0
1791337045428943 62573010851 41 471 8224 30884022 0 768 4678831 0 3179 0 13306 12439221 66 0 35968 0
1791337045929571 62573511480 42 471 8304 31422682 0 768 4686655 0 3179 0 13307 12439315 66 0 35971 0
1791337046432790 62574014698 42 471 8384 31604246 0 768 4694375 0 3179 0 13307 12439409 66 0 35973 0
1791337046937849 62574519758 42 471 8464 32168713 0 768 4702095 0 3179 0 13307 12439502 66 0 35976 0
1791337047439471 62575021379 42 471 9015 33864572 0 25164 4735603 0 3179 0 13309 12439597 66 0 35981 0
1791337047941225 62575523133 43 471 10131 38459724 0 67116 4785275 0 3179 0 13312 12439679 66 0 35996 0
1791337048446531 62576028439 43 471 11208 41762768 0 105888 4831639 0 3179 0 13312 12439769 66 0 36004 0
1791337048949998 62576531907 43 471 12289 44063806 0 155308 4888779 0 3179 0 13315 12439859 66 0 36012 0
1791337049456740 62577038647 43 471 13595 47071524 0 217892 4959187 0 3179 0 13315 12439953 66 0 36018 0
1791337049969149 62577551057 43 471 14809 50162051 0 266012 5015027 0 3179 0 13315 12440040 66 0 36033 0
1791337050470737 62578052646 44 471 15858 53056894 0 302948 5059683 0 3179 0 13317 12440130 66 0 36040 0
1791337050978321 62578560230 44 471 16804 55378025 0 333620 5097947 0 3179 0 13317 12440216 66 0 36052 0
1791337051479889 62579061797 44 471 17808 62147320 0 365924 5138203 0 3179 0 13319 12440306 66 0 36060 0
1791337051980660 62579562569 44 471 18816 66736504 0 399464 5179463 0 3179 0 13320 12440392 66 0 36073 0
1791337052486062 62580067971 44 471 19826 70470826 0 433448 5221039 0 3180 0 13321 12440481 66 0 36082 0
1791337052988507 62580570416 44 471 20794 75309338 0 465032 5260343 0 3181 0 13324 12440562 66 0 36097 0
1791337053489800 62581071707 45 471 21883 79940263 0 507228 5310259 0 3182 0 13324 12440648 66 0 36111 0
1791337053991334 62581573242 45 471 22814 84909207 0 541688 5352543 0 3182 0 13325 12440738 66 0 36119 0
1791337054499928 62582081836 45 471 23799 89550037 0 575240 5393815 0 3182 0 13325 12440829 66 0 36130 0
1791337055008065 62582589974 46 471 24843 94930298 0 611300 5437467 0 3182 0 13326 12440920 66 0 36139 0
1791337055510833 62583092742 46 471 25889 99681903 0 647492 5481739 0 3182 0 13327 12441009 66 0 36149 0
1791337056018464 62583600373 46 471 26888 104901328 0 681248 5523215 0 3182 0 13331 12441087 66 0 36165 0
1791337056524291 62584106200 46 471 27921 108896358 0 716804 5566363 0 3183 0 13332 12441175 66 0 36177 0
1791337057027453 62584609362 47 471 28912 111777678 0 750980 5608259 0 3183 0 13332 12441263 66 0 36187 0
1791337057527643 62585109552 47 471 29886 114131925 0 784676 5649547 0 3183 0 13333 12441353 66 0 36194 0
1791337058029825 62585611733 47 471 30964 117131623 0 832304 5704895 0 3183 0 13333 12441446 66 0 36202 0
1791337058531555 62586113463 47 471 31800 118719359 0 862604 5743019 0 3183 0 13333 12441540 66 0 36209 0
1791337059037170 62586619079 47 471 32698 121953121 0 893876 5781779 0 3183 0 13336 12441630 66 0 36216 0
1791337059537926 62587119835 47 471 33708 124681492 0 928436 5824291 0 3183 0 13338 12441724 66 0 36220 0
1791337060061847 62587643756 47 471 34727 128525735 0 962996 5866443 0 3183 0 13338 12441820 66 0 36230 0
1791337060562669 62588144577 47 471 35756 131401255 0 998432 5909831 0 3183 0 13338 12441910 66 0 36239 0
1791337061063596 62588645505 48 471 36774 135270167 0 1032344 5951335 0 3183 0 13340 12442001 66 0 36247 0
1791337061564387 62589146296 48 471 37798 137131368 0 1067864 5994575 0 3184 0 13344 12442088 66 0 36255 0
1791337062067291 62589649200 48 471 38825 139845750 0 1105432 6039863 0 3184 0 13346 12442181 66 0 36260 0
1791337062569540 62590151448 49 471 39821 142263351 0 1146116 6088139 0 3184 0 13346 12442278 66 0 36263 0
1791337063073238 62590655147 49 471 40833 146483996 0 1182716 6132459 0 3184 0 13348 12442368 66 0 36270 0
1791337063573572 62591155481 49 471 41842 148649043 0 1216952 6174647 0 3185 0 13349 12442460 66 0 36275 0
1791337064076628 62591658537 49 471 42878 151086811 0 1252448 6217735 0 3185 0 13349 12442554 66 0 36282 0
1791337064577740 62592159649 49 471 43863 153410513 0 1285796 6258803 0 3185 0 13350 12442644 66 0 36290 0
1791337065080364 62592662272 49 471 44866 156377008 0 1320536 6301263 0 3185 0 13350 12442737 66 0 36298 0
1791337065586494 62593168402 49 471 45917 159330083 0 1356020 6344467 0 3186 0 13350 12442830 66 0 36304 0
1791337066087398 62593669307 49 471 46868 161651900 0 1388264 6384303 0 3186 0 13351 12442921 66 0 36311 0
1791337066589214 62594171122 49 471 47902 164636851 0 1423892 6427883 0 3186 0 13351 12443021 66 0 36312 0
1791337067092753 62594674662 49 471 48893 167259678 0 1457300 6469011 0 3186 0 13352 12443112 66 0 36319 0
1791337067595373 62595177282 49 471 49636 169237713 0 1475920 6505982 0 3186 0 13353 12443207 66 0 36321 0
1791337068097864 62595679773 49 471 49715 169350664 0 1475920 6513702 0 3186 0 13353 12443299 66 0 36324 0
1791337068598769 62596180677 49 471 49794 169481808 0 1475920 6521294 0 3186 0 13353 12443392 66 0 36326 0
1791337069100031 62596681940 49 471 49875 169629997 0 1475920 6529142 0 3186 0 13355 12443482 66 0 36330 0
1791337069600166 62597182075 50 471 49954 169735025 0 1475920 6536862 0 3186 0 13355 12443577 66 0 36332 0
1791337070101757 62597683666 51 471 50033 169881062 0 1475920 6544454 0 3188 0 13356 12443666 66 0 36333 0
1791337070607293 62598189201 51 471 50188 170913774 0 1477168 6577352 0 3188 0 13358 12443755 66 0 36337 0
1791337071113392 62598695300 51 471 51255 177062641 0 1512280 6701888 0 3188 0 13360 12443838 66 0 36353 0
1791337071613965 62599195874 51 471 52282 182408568 0 1543624 6847592 0 3188 0 13364 12443914 66 0 36367 0
1791337072115063 62599696972 51 471 53413 186557426 0 1579816 7011936 0 3189 0 13366 12444004 66 0 36375 0
1791337072619246 62600201155 52 471 54563 190551507 0 1616008 7177696 0 3190 0 13368 12444091 66 0 36383 0
1791337073119632 62600701541 52 471 55668 193132477 0 1654120 7347048 0 3191 0 13369 12444180 66 0 36391 0
1791337073623544 62601205452 52 471 56700 196194823 0 1686376 7487256 0 3192 0 13369 12444270 66 0 36401 0
1791337074125584 62601707493 53 471 57831 199302967 0 1722952 7601032 0 3192 0 13371 12444360 66 0 36409 0
1791337074627521 62602209430 53 471 58975 202436477 0 1763172 7721412 0 3192 0 13373 12444447 66 0 36419 0
1791337075132013 62602713921 53 471 60004 205103840 0 1802284 7863972 0 3192 0 13373 12444537 66 0 36429 0
1791337075635197 62603217105 54 471 60917 207991365 0 1829716 8019788 0 3193 0 13374 12444629 66 0 36435 0
1791337076136402 62603718311 54 471 61976 213086863 0 1863856 8188128 0 3193 0 13376 12444711 66 0 36449 0
1791337076638163 62604220072 54 471 62833 215261614 0 1889740 8356060 0 3193 0 13378 12444804 66 0 36454 0
1791337077138693 62604720602 54 471 63463 217864876 0 1908208 8514904 0 3193 0 13380 12444896 66 0 36461 0
1791337077639178 62605221086 54 471 64050 219608125 0 1923688 8664712 0 3194 0 13380 12444992 66 0 36463 0
1791337078140337 62605722246 54 471 65076 222020271 0 1956136 8799064 0 3194 0 13382 12445081 66 0 36471 0
1791337078646917 62606228825 56 471 66233 224740631 0 1993672 8949184 0 3194 0 13382 12445175 66 0 36477 0
1791337079148600 62606730509 56 471 67348 227761937 0 2028712 9112376 0 3194 0 13385 12445266 66 0 36482 0
1791337079654715 62607236624 56 471 68561 230380070 0 2069608 9265856 0 3194 0 13386 12445359 66 0 36489 0
1791337080155725 62607737633 56 471 69691 233123273 0 2106088 9401384 0 3194 0 13387 12445448 66 0 36499 0
1791337080662205 62608244113 56 471 70890 237478227 0 2147024 9572016 0 3194 0 13389 12445537 66 0 36509 0
1791337081164589 62608746497 56 471 71786 241693080 0 2174948 9731180 0 3194 0 13391 12445623 66 0 36519 0
1791337081666695 62609248604 57 471 72567 243946855 0 2198348 9896500 0 3194 0 13391 12445714 66 0 36527 0
1791337082171657 62609753565 57 471 73315 246609904 0 2219156 10047004 0 3194 0 13393 12445807 66 0 36532 0
1791337082672459 62610254367 57 471 74441 248815307 0 2255296 10177432 0 3194 0 13393 12445894 66 0 36544 0
1791337083173601 62610755509 57 471 75560 251649779 0 2288728 10322032 0 3194 0 13396 12445979 66 0 36553 0
1791337083676838 62611258747 57 471 76750 254959890 0 2326936 10483760 0 3194 0 13398 12446069 66 0 36562 0
1791337084177245 62611759154 57 471 77955 258373375 0 2365048 10651440 0 3194 0 13399 12446162 66 0 36568 0
1791337084677633 62612259542 57 471 79102 261950127 0 2401720 10811632 0 3194 0 13399 12446253 66 0 36577 0
1791337085179387 62612761295 58 471 80252 265602242 0 2439268 10966524 0 3194 0 13400 12446345 66 0 36585 0
1791337085683644 62613265553 58 471 81438 269282223 0 2476996 11136908 0 3194 0 13401 12446438 66 0 36591 0
1791337086187755 62613769663 58 471 82451 272926760 0 2510692 11289492 0 3194 0 13402 12446523 66 0 36605 0
1791337086690012 62614271920 58 471 83509 275394730 0 2542948 11400364 0 3194 0 13403 12446616 66 0 36612 0
1791337087191035 62614772943 59 471 84615 280387157 0 2583376 11513360 0 3194 0 13403 12446706 66 0 36621 0
1791337087692100 62615274008 59 471 85618 283880648 0 2625028 11636844 0 3194 0 13403 12446798 66 0 36628 0
1791337088193252 62615775161 59 471 86574 285631944 0 2655544 11775312 0 3194 0 13404 12446891 66 0 36632 0
1791337088694752 62616276660 59 471 87596 288070498 0 2687704 11928136 0 3194 0 13406 12446983 66 0 36636 0
1791337089197305 62616779214 59 471 88685 290795538 0 2720164 12097652 0 3194 0 13406 12447075 66 0 36642 0
1791337089701154 62617283063 59 471 89721 294192329 0 2750788 12259876 0 3194 0 13406 12447165 66 0 36652 0
1791337090202871 62617784779 59 471 90568 296262960 0 2774812 12424276 0 3195 0 13408 12447256 66 0 36656 0
1791337090707884 62618289793 60 471 91232 299013708 0 2793184 12586240 0 3195 0 13410 12447352 66 0 36658 0
1791337091211750 62618793658 60 471 92016 300810449 0 2814940 12723796 0 3195 0 13410 12447447 66 0 36665 0
1791337091713218 62619295126 60 471 93102 303461129 0 2848732 12853316 0 3195 0 13410 12447543 66 0 36668 0
1791337092213980 62619795888 60 471 94198 306033011 0 2882812 12996892 0 3195 0 13410 12447635 66 0 36674 0
1791337092714325 62620296233 60 471 95316 309037505 0 2917180 13156556 0 3195 0 13411 12447724 66 0 36684 0
1791337093216034 62620797943 60 471 96485 312614668 0 2954524 13334276 0 3195 0 13411 12447816 66 0 36692 0
1791337093718237 62621300146 61 471 97458 315138885 0 2985436 13502604 0 3196 0 13413 12447905 66 0 36699 0
1791337094218868 62621800777 61 471 98423 318126345 0 3014620 13630476 0 3196 0 13416 12447991 66 0 36709 0
1791337094723795 62622305704 61 471 99473 320915498 0 3046780 13739836 0 3196 0 13417 12448083 66 0 36716 0
1791337095226347 62622808256 61 471 100542 322878766 0 3088356 13858612 0 3196 0 13417 12448173 66 0 36725 0
1791337095729106 62623311015 61 471 101575 325442313 0 3118992 13971629 0 3196 0 13418 12448268 66 0 36729 0
1791337096233517 62623815425 61 471 101701 325594397 0 3119088 13982785 0 3196 0 13419 12448363 66 0 36731 0
1791337096735859 62624317768 61 471 101780 325690175 0 3119088 13990505 0 3196 0 13419 12448458 66 0 36731 0
1791337097238772 62624820681 61 471 101860 325938860 0 3119088 13998097 0 3196 0 13419 12448553 66 0 36731 0
1791337097742073 62625323982 61 471 101939 326564526 0 3119088 14005817 0 3196 0 13420 12448646 66 0 36733 0
1791337098246944 62625828852 62 471 102019 326684918 0 3119088 14013537 0 3196 0 13420 12448741 66 0 36733 0
1791337098755539 62626337448 62 471 102099 326780342 0 3119088 14021361 0 3196 0 13420 12448840 66 0 36733 0
1791337099262399 62626844308 62 471 102179 326886692 0 3119088 14029081 0 3197 0 13421 12448931 66 0 36736 0
1791337099766215 62627348123 62 471 102258 327162104 0 3119088 14036673 0 3197 0 13422 12449024 66 0 36738 0
1791337100267250 62627849159 62 471 102338 327279143 0 3119088 14044393 0 3197 0 13423 12449114 66 0 36742 0
1791337100768776 62628350684 62 471 102417 327384301 0 3119088 14052113 0 3197 0 13424 12449210 66 0 36743 0
1791337101271091 62628853000 62 471 102497 327498934 0 3119088 14059937 0 3197 0 13424 12449303 66 0 36743 0
1791337101776113 62629358021 62 471 102578 327599394 0 3119088 14067657 0 3197 0 13424 12449400 66 0 36743 0
1791337102277291 62629859200 62 471 102657 327758017 0 3119088 14075377 0 3197 0 13425 12449492 66 0 36745 0
1791337102781279 62630363188 63 471 102736 328040369 0 3119088 14082969 0 3197 0 13426 12449587 66 0 36749 0
1791337103281850 62630863759 63 471 102815 328166792 0 3119088 14090689 0 3198 0 13427 12449681 66 0 36751 0
1791337103718690 62631300598 63 471 102883 328287276 0 3119088 14097457 0 3198 0 13427 12449763 66 0 36754 0
