# hz=100 page_bytes=4096 possible_cpus=2
# program_id=24 jit_bytes=13455 xlated_bytes=7456
# pos:	0
# flags:	02000002
# mnt_id:	10
# ino:	26
# prog_type:	1
# prog_jited:	1
# prog_tag:	5aa2dd3f4c6b3039
# memlock:	8192
# prog_id:	24
# run_time_ns:	0
# run_cnt:	0
# recursion_misses:	0
# verified_insns:	298512
# map=counters type=6 key=4 value=32 max_entries=1
# pos:	0
# flags:	02000002
# mnt_id:	10
# ino:	26
# map_type:	6
# key_size:	4
# value_size:	32
# max_entries:	1
# map_flags:	0x0
# map_extra:	0x0
# memlock:	268
# map_id:	40
# frozen:	0
# map=accounting type=2 key=4 value=24 max_entries=1
# pos:	0
# flags:	02000002
# mnt_id:	10
# ino:	26
# map_type:	2
# key_size:	4
# value_size:	24
# max_entries:	1
# map_flags:	0x0
# map_extra:	0x0
# memlock:	224
# map_id:	41
# frozen:	0
# map=stream_epoch_v1 type=1 key=4 value=4 max_entries=1
# pos:	0
# flags:	02000002
# mnt_id:	10
# ino:	26
# map_type:	1
# key_size:	4
# value_size:	4
# max_entries:	1
# map_flags:	0x0
# map_extra:	0x0
# memlock:	1096
# map_id:	34
# frozen:	0
# map=stream_fault type=6 key=4 value=4 max_entries=1
# pos:	0
# flags:	02000002
# mnt_id:	10
# ino:	26
# map_type:	6
# key_size:	4
# value_size:	4
# max_entries:	1
# map_flags:	0x0
# map_extra:	0x0
# memlock:	220
# map_id:	36
# frozen:	0
# map=stream_losses type=1 key=4 value=4 max_entries=64
# pos:	0
# flags:	02000002
# mnt_id:	10
# ino:	26
# map_type:	1
# key_size:	4
# value_size:	4
# max_entries:	64
# map_flags:	0x0
# map_extra:	0x0
# memlock:	4120
# map_id:	35
# frozen:	0
# map=samples type=27 key=0 value=0 max_entries=262144
# pos:	0
# flags:	02000002
# mnt_id:	10
# ino:	26
# map_type:	27
# key_size:	0
# value_size:	0
# max_entries:	262144
# map_flags:	0x0
# map_extra:	0x0
# memlock:	275148
# map_id:	39
# frozen:	0
# map=flows type=9 key=36 value=32 max_entries=1024
# pos:	0
# flags:	02000002
# mnt_id:	10
# ino:	26
# map_type:	9
# key_size:	36
# value_size:	32
# max_entries:	1024
# map_flags:	0x0
# map_extra:	0x0
# memlock:	107456
# map_id:	38
# frozen:	0
# map=departures type=9 key=40 value=4 max_entries=8192
# pos:	0
# flags:	02000002
# mnt_id:	10
# ino:	26
# map_type:	9
# key_size:	40
# value_size:	4
# max_entries:	8192
# map_flags:	0x0
# map_extra:	0x0
# memlock:	656320
# map_id:	37
# frozen:	0
realtime_us monotonic_us daemon_ticks rss_pages runs runtime_ns ring_full ack_bytes upload_bytes unaccounted host_user host_nice host_system host_idle host_iowait host_irq host_softirq host_steal
1791250695111469 19350786653 49 644 0 0 0 0 1792 0 560 0 2580 3855380 44 0 5249 0
1791250695612714 19351287898 49 644 78 110135 0 0 9512 0 566 0 2607 3855431 44 0 5262 0
1791250696117792 19351792976 50 644 158 243338 0 0 17232 0 566 0 2608 3855523 44 0 5266 0
1791250696618915 19352294099 50 644 238 365445 0 0 25056 0 566 0 2608 3855616 44 0 5267 0
1791250697120238 19352795422 50 644 318 503541 0 0 32776 0 566 0 2608 3855711 44 0 5268 0
1791250697622541 19353297724 50 644 396 602061 0 0 40264 0 566 0 2608 3855805 44 0 5269 0
1791250698128202 19353803386 50 644 477 715608 0 0 48088 0 566 0 2608 3855901 44 0 5271 0
1791250698630021 19354305205 50 644 556 805115 0 0 55808 0 566 0 2608 3855994 44 0 5272 0
1791250699132902 19354808086 50 644 635 1023232 0 0 63400 0 566 0 2608 3856086 44 0 5273 0
1791250699633714 19355308898 50 644 716 1298049 0 0 71204 0 566 0 2608 3856177 44 0 5274 0
1791250700137649 19355812832 51 644 795 1401481 0 0 78796 0 566 0 2608 3856271 44 0 5276 0
1791250700637985 19356313168 51 644 875 1523916 0 0 86748 0 567 0 2609 3856362 44 0 5277 0
1791250701141829 19356817012 51 644 954 1666047 0 0 94340 0 568 0 2609 3856457 44 0 5278 0
1791250701642346 19357317530 51 644 1035 1803810 0 0 102060 0 568 0 2609 3856552 44 0 5278 0
1791250702145069 19357820252 51 644 1114 1927486 0 0 109780 0 568 0 2610 3856642 44 0 5281 0
1791250702647818 19358323002 51 644 1193 2045318 0 0 117372 0 568 0 2611 3856736 44 0 5283 0
1791250703148341 19358823524 51 644 1276 2247713 0 96 125425 0 568 0 2611 3856831 44 0 5283 0
1791250703654388 19359329571 52 644 1497 3863597 0 576 243806 0 572 0 2611 3856920 44 0 5289 0
1791250704159514 19359834698 52 644 1725 6343672 0 576 399622 0 572 0 2613 3857008 44 0 5300 0
1791250704664052 19360339235 52 644 1964 10179884 0 576 572782 0 572 0 2617 3857099 44 0 5302 0
1791250705165919 19360841103 53 644 2199 12386932 0 576 734542 0 572 0 2617 3857193 44 0 5308 0
1791250705670111 19361345295 53 644 2434 14394368 0 576 896894 0 573 0 2617 3857288 44 0 5312 0
1791250706171394 19361846577 53 644 2665 16566586 0 576 1055926 0 573 0 2617 3857384 44 0 5314 0
1791250706674839 19362350022 53 644 2873 18354717 0 576 1185494 0 573 0 2617 3857479 44 0 5318 0
1791250707176028 19362851211 53 644 3078 20197200 0 576 1318278 0 573 0 2617 3857571 44 0 5325 0
1791250707683507 19363358691 53 644 3298 22436681 0 576 1467918 0 573 0 2618 3857664 44 0 5331 0
1791250708187941 19363863125 53 644 3539 24677620 0 576 1631942 0 573 0 2618 3857757 44 0 5337 0
1791250708689480 19364364663 53 644 3774 26054408 0 576 1804870 0 573 0 2618 3857852 44 0 5340 0
1791250709190091 19364865275 53 644 4003 27186279 0 576 1968406 0 573 0 2618 3857949 44 0 5341 0
1791250709692337 19365367521 53 644 4227 28326575 0 576 2118174 0 573 0 2619 3858044 44 0 5342 0
1791250710194745 19365869929 53 644 4432 29025066 0 576 2249414 0 573 0 2619 3858137 44 0 5345 0
1791250710699072 19366374255 55 644 4640 30066827 0 576 2391334 0 573 0 2619 3858232 44 0 5349 0
1791250711200112 19366875296 55 644 4866 31219394 0 576 2547278 0 574 0 2621 3858321 44 0 5356 0
1791250711703205 19367378389 55 644 5104 32248207 0 576 2720438 0 574 0 2621 3858419 44 0 5357 0
1791250712205388 19367880572 55 644 5337 33770882 0 576 2896326 0 574 0 2621 3858518 44 0 5358 0
1791250712706079 19368381262 55 644 5556 34470041 0 576 3039918 0 574 0 2621 3858615 44 0 5358 0
1791250713206298 19368881482 55 644 5739 35467590 0 576 3143238 0 574 0 2621 3858712 44 0 5359 0
1791250713707492 19369382676 55 644 5922 36128838 0 576 3259038 0 574 0 2621 3858809 44 0 5360 0
1791250714208583 19369883767 56 644 6118 37677768 0 576 3387062 0 574 0 2621 3858909 44 0 5361 0
1791250714713122 19370388306 56 644 6328 38439426 0 576 3529110 0 574 0 2621 3859006 44 0 5363 0
1791250715213415 19370888598 56 644 6551 39278659 0 576 3685054 0 574 0 2621 3859101 44 0 5363 0
1791250715714251 19371389435 56 644 6792 40308591 0 576 3854894 0 574 0 2621 3859199 44 0 5365 0
1791250716214686 19371889869 56 644 7023 41036631 0 576 4021518 0 574 0 2621 3859293 44 0 5367 0
1791250716719566 19372394750 56 644 7255 42277855 0 576 4183638 0 574 0 2621 3859388 44 0 5371 0
1791250717220027 19372895211 56 644 7470 43560424 0 576 4319382 0 575 0 2621 3859481 44 0 5373 0
1791250717721316 19373396499 56 644 7669 44429952 0 576 4450622 0 575 0 2621 3859577 44 0 5375 0
1791250718222236 19373897420 57 644 7887 45286270 0 576 4595630 0 575 0 2622 3859671 44 0 5378 0
1791250718723834 19374399018 57 644 8015 45610692 0 864 4630914 0 575 0 2622 3859764 44 0 5380 0
1791250719225198 19374900382 57 644 8095 45742594 0 864 4638634 0 575 0 2622 3859859 44 0 5383 0
1791250719725432 19375400615 57 644 8174 46029348 0 864 4646226 0 575 0 2622 3859954 44 0 5386 0
1791250720231029 19375906213 57 644 8253 46163610 0 864 4653946 0 575 0 2623 3860046 44 0 5389 0
1791250720731605 19376406788 57 644 8332 46287753 0 864 4661538 0 575 0 2623 3860141 44 0 5391 0
1791250721231832 19376907016 57 644 8411 46413796 0 864 4669258 0 575 0 2623 3860237 44 0 5391 0
1791250721732899 19377408083 57 644 8930 48372001 0 22116 4699622 0 577 0 2625 3860321 44 0 5398 0
1791250722236282 19377911465 57 644 10036 52165197 0 62340 4747566 0 577 0 2625 3860416 44 0 5404 0
1791250722738401 19378413584 57 644 11008 55564423 0 92388 4785206 0 577 0 2625 3860514 44 0 5407 0
1791250723239810 19378914994 58 644 11938 58060822 0 120808 4821346 0 578 0 2625 3860602 44 0 5417 0
1791250723744034 19379419218 58 644 12964 61177804 0 163152 4871282 0 578 0 2625 3860694 44 0 5424 0
1791250724245087 19379920270 58 644 14038 64219415 0 208628 4924710 0 578 0 2625 3860788 44 0 5429 0
1791250724746424 19380421608 58 644 15170 68332533 0 256268 4979942 0 578 0 2626 3860880 44 0 5437 0
1791250725246730 19380921913 58 644 16245 71124889 0 297944 5029338 0 578 0 2626 3860975 44 0 5442 0
1791250725747409 19381422592 58 644 17295 73901591 0 335960 5075074 0 578 0 2627 3861069 44 0 5446 0
1791250726249660 19381924843 59 644 18386 76965771 0 375764 5122470 0 578 0 2627 3861162 44 0 5453 0
1791250726753867 19382429051 59 644 19397 79659179 0 412340 5166766 0 578 0 2630 3861255 44 0 5456 0
1791250727254644 19382929827 59 644 20443 82831776 0 449504 5211650 0 578 0 2630 3861350 44 0 5461 0
1791250727758512 19383433696 59 644 21528 86039450 0 491940 5261678 0 579 0 2630 3861446 44 0 5465 0
1791250728259984 19383935168 59 644 22536 90291343 0 529436 5307126 0 579 0 2631 3861534 44 0 5476 0
1791250728762643 19384437827 59 644 23613 94379839 0 569024 5354202 0 579 0 2633 3861628 44 0 5480 0
1791250729264197 19384939381 59 644 24647 98405810 0 605792 5398794 0 579 0 2635 3861718 44 0 5488 0
1791250729765270 19385440453 60 644 25671 103127856 0 643256 5443978 0 579 0 2638 3861813 44 0 5491 0
1791250730268098 19385943282 60 644 26710 106501464 0 680228 5488542 0 579 0 2639 3861900 44 0 5502 0
1791250730769732 19386444916 60 644 27735 110092728 0 716720 5532754 0 579 0 2639 3861994 44 0 5507 0
1791250731270920 19386946104 60 644 28765 114480240 0 752696 5576450 0 579 0 2639 3862088 44 0 5514 0
1791250731776426 19387451609 60 644 29776 116822279 0 788408 5619754 0 579 0 2639 3862183 44 0 5520 0
1791250732281194 19387956378 60 644 30772 120217619 0 822584 5661882 0 579 0 2640 3862273 44 0 5529 0
1791250732782330 19388457514 60 644 31757 123077471 0 857300 5703958 0 580 0 2641 3862367 44 0 5532 0
1791250733284001 19388959184 60 644 32818 126323284 0 903900 5758278 0 581 0 2642 3862455 45 0 5541 0
1791250733785506 19389460689 61 644 33713 131310734 0 936468 5798798 0 582 0 2643 3862543 45 0 5551 0
1791250734286187 19389961371 61 644 34706 135873956 0 975464 5845514 0 582 0 2645 3862633 45 0 5560 0
1791250734788645 19390463829 62 644 35628 140845911 0 1009220 5886990 0 582 0 2646 3862726 45 0 5566 0
1791250735294243 19390969426 62 644 36571 145205950 0 1041956 5927318 0 582 0 2648 3862817 45 0 5572 0
1791250735794960 19391470144 62 644 37514 149699469 0 1072892 5965974 0 582 0 2651 3862901 45 0 5585 0
1791250736296647 19391971831 63 644 38526 154217039 0 1107632 6008306 0 583 0 2651 3862988 45 0 5597 0
1791250736798562 19392473746 63 644 39532 159977170 0 1142192 6050818 0 584 0 2654 3863078 45 0 5604 0
1791250737300359 19392975542 63 644 40564 165603137 0 1177712 6094058 0 584 0 2656 3863162 45 0 5618 0
1791250737801003 19393476186 63 644 41550 171475254 0 1211144 6134850 0 585 0 2657 3863244 45 0 5633 0
1791250738305895 19393981078 64 644 42603 176632238 0 1249912 6181442 0 586 0 2659 3863324 45 0 5653 0
1791250738809620 19394484803 64 644 43623 179792608 0 1285336 6224586 0 586 0 2659 3863418 45 0 5658 0
1791250739312933 19394988116 64 644 44643 183428792 0 1320760 6267730 0 586 0 2662 3863512 45 0 5661 0
1791250739813391 19395488575 64 644 45677 187947379 0 1357048 6311738 0 586 0 2662 3863604 45 0 5669 0
1791250740314448 19395989631 64 644 46725 191760210 0 1393240 6355522 0 586 0 2664 3863692 45 0 5677 0
1791250740816501 19396491684 65 644 47753 195361108 0 1429912 6399914 0 586 0 2665 3863785 45 0 5683 0
1791250741318055 19396993238 65 644 48803 199110615 0 1466152 6443874 0 586 0 2666 3863876 45 0 5692 0
1791250741825517 19397500700 65 644 49570 200898020 0 1490472 6484936 0 586 0 2666 3863970 45 0 5696 0
1791250742327273 19398002456 65 644 49650 200992207 0 1490472 6492656 0 586 0 2666 3864064 45 0 5697 0
1791250742829542 19398504726 65 644 49728 201384347 0 1490472 6500248 0 586 0 2666 3864158 45 0 5698 0
1791250743333901 19399009085 65 644 49808 201523393 0 1490472 6507968 0 587 0 2666 3864251 45 0 5699 0
1791250743834188 19399509372 65 644 49887 201661012 0 1490472 6515688 0 587 0 2666 3864349 45 0 5700 0
1791250744335707 19400010890 65 644 49966 201843477 0 1490472 6523280 0 588 0 2667 3864443 45 0 5700 0
1791250744836151 19400511334 66 644 50170 202622345 0 1493544 6562634 0 588 0 2668 3864534 45 0 5704 0
1791250745338131 19401013315 66 644 51155 205730562 0 1529220 6710894 0 588 0 2668 3864630 45 0 5708 0
1791250745842436 19401517620 66 644 52327 210106953 0 1571652 6872446 0 588 0 2668 3864723 45 0 5712 0
1791250746344427 19402019611 66 644 53524 213894759 0 1615236 7030286 0 588 0 2669 3864814 45 0 5720 0
1791250746845455 19402520639 66 644 54738 219059721 0 1657764 7208686 0 588 0 2670 3864903 45 0 5731 0
1791250747346206 19403021390 66 644 55702 222368244 0 1691556 7368958 0 588 0 2673 3864992 45 0 5739 0
1791250747854626 19403529810 66 644 56760 225866459 0 1726692 7495190 0 589 0 2673 3865083 45 0 5746 0
1791250748354843 19404030027 66 644 57886 229918717 0 1766100 7610126 0 589 0 2673 3865174 45 0 5752 0
1791250748856165 19404531349 67 644 59129 233972107 0 1816928 7741242 0 589 0 2673 3865268 45 0 5758 0
1791250749360512 19405035696 67 644 60136 237186708 0 1850024 7876242 0 589 0 2674 3865361 45 0 5763 0
1791250749865638 19405540822 67 644 61235 240286213 0 1885268 8037966 0 589 0 2676 3865452 45 0 5771 0
1791250750367971 19406043155 67 644 62378 243298530 0 1921268 8199262 0 589 0 2676 3865543 45 0 5777 0
1791250750871866 19406547050 67 644 63380 247332308 0 1952684 8369510 0 590 0 2677 3865633 45 0 5784 0
1791250751374809 19407049993 67 644 64008 249396310 0 1970256 8533762 0 590 0 2678 3865721 45 0 5792 0
1791250751875241 19407550425 67 644 64618 251233796 0 1985784 8680530 0 590 0 2679 3865816 45 0 5796 0
1791250752378318 19408053502 68 644 65631 254969662 0 2014776 8812842 0 590 0 2681 3865903 45 0 5806 0
1791250752883906 19408559090 68 644 66751 257965023 0 2051448 8960914 0 590 0 2683 3865988 45 0 5818 0
1791250753390810 19409065994 68 644 67910 261222036 0 2089464 9127210 0 590 0 2684 3866084 45 0 5823 0
1791250753890994 19409566178 68 644 69097 264812654 0 2127960 9306210 0 590 0 2685 3866174 45 0 5831 0
1791250754393817 19410069000 68 644 69984 267595650 0 2155536 9467986 0 590 0 2686 3866259 45 0 5843 0
1791250754894145 19410569329 68 644 70967 270694013 0 2184624 9589586 0 590 0 2687 3866353 45 0 5848 0
1791250755394821 19411070005 69 644 72025 274091288 0 2216208 9695282 0 590 0 2689 3866443 45 0 5856 0
1791250755895768 19411570952 69 644 73095 276972446 0 2252576 9811938 0 590 0 2689 3866539 45 0 5862 0
1791250756398107 19412073291 69 644 74126 279770335 0 2295768 9941466 0 590 0 2690 3866628 45 0 5868 0
1791250756898875 19412574058 69 644 74921 281674417 0 2320104 10092410 0 590 0 2690 3866724 45 0 5870 0
1791250757399493 19413074677 69 644 75719 284893313 0 2342784 10257138 0 590 0 2690 3866816 45 0 5877 0
1791250757902921 19413578104 69 644 76552 287251054 0 2368476 10431158 0 590 0 2691 3866908 45 0 5883 0
1791250758404665 19414079849 70 644 77218 290127752 0 2386080 10590810 0 590 0 2692 3866998 45 0 5891 0
1791250758905917 19414581101 70 644 78007 292809100 0 2409564 10731638 0 590 0 2693 3867088 45 0 5902 0
1791250759407244 19415082427 70 644 79151 296732857 0 2448716 10854038 0 590 0 2694 3867181 45 0 5907 0
1791250759911650 19415586833 70 644 80278 298968541 0 2485436 10989574 0 590 0 2695 3867273 45 0 5912 0
1791250760412863 19416088046 70 644 81410 301628699 0 2520956 11139350 0 590 0 2696 3867363 45 0 5921 0
1791250760914010 19416589194 70 644 82544 305841720 0 2558012 11282814 0 590 0 2696 3867454 45 0 5928 0
1791250761414350 19417089534 70 644 83735 308651672 0 2596892 11456022 0 591 0 2696 3867538 45 0 5943 0
1791250761914864 19417590047 70 644 84767 312556877 0 2632472 11628890 0 591 0 2696 3867627 45 0 5953 0
1791250762417582 19418092766 71 644 85570 314619267 0 2656748 11776686 0 592 0 2698 3867716 45 0 5959 0
1791250762918794 19418593978 71 644 86607 319112089 0 2688140 11888366 0 592 0 2701 3867803 45 0 5968 0
1791250763425314 19419100498 71 644 87674 325080769 0 2721848 12008642 0 592 0 2703 3867891 45 0 5978 0
1791250763926592 19419601776 71 644 88781 330960301 0 2759912 12137802 0 592 0 2705 3867980 45 0 5989 0
1791250764427705 19420102889 72 644 89916 336187017 0 2797736 12283578 0 595 0 2708 3868061 45 0 6000 0
1791250764929762 19420604944 73 644 91029 342532180 0 2834216 12445122 0 595 0 2711 3868144 45 0 6012 0
1791250765434134 19421109317 74 644 92154 348959102 0 2870120 12622946 0 597 0 2712 3868227 45 0 6026 0
1791250765934898 19421610082 74 644 93059 354507509 0 2898644 12791974 0 597 0 2713 3868313 45 0 6039 0
1791250766436568 19422111752 74 644 94021 361454305 0 2930140 12919070 0 597 0 2713 3868406 45 0 6048 0
1791250766938969 19422614153 75 644 95114 366422268 0 2966124 13029166 0 597 0 2714 3868496 45 0 6057 0
1791250767445486 19423120669 75 644 96141 371315545 0 2998488 13146322 0 597 0 2716 3868584 45 0 6067 0
1791250767946809 19423621992 75 644 97221 375690560 0 3032328 13266858 0 597 0 2718 3868673 45 0 6076 0
1791250768448505 19424123689 75 644 98294 378707160 0 3065148 13415478 0 597 0 2718 3868766 45 0 6081 0
1791250768952506 19424627690 75 644 99420 382644534 0 3100464 13575730 0 598 0 2722 3868854 45 0 6087 0
1791250769453200 19425128383 76 644 100550 385984077 0 3134832 13745970 0 598 0 2726 3868940 45 0 6096 0
1791250769953622 19425628806 76 644 101575 390489673 0 3165108 13886482 0 598 0 2730 3869027 45 0 6103 0
1791250770455289 19426130473 76 644 101875 390943047 0 3166296 13905459 0 598 0 2730 3869118 45 0 6108 0
1791250770956814 19426631998 76 644 101955 391054803 0 3166296 13913179 0 598 0 2731 3869212 45 0 6110 0
1791250771458835 19427134018 76 644 102035 391157467 0 3166296 13921003 0 598 0 2731 3869304 45 0 6112 0
1791250771961851 19427637034 76 644 102113 391273952 0 3166296 13928595 0 598 0 2731 3869400 45 0 6115 0
1791250772463977 19428139161 76 644 102194 391370986 0 3166296 13936315 0 598 0 2731 3869496 45 0 6115 0
1791250772964595 19428639778 76 644 102273 391490857 0 3166296 13944035 0 598 0 2731 3869590 45 0 6116 0
1791250773465831 19429141014 76 644 102353 391761880 0 3166296 13951755 0 598 0 2731 3869681 45 0 6119 0
1791250773968514 19429643698 77 644 102432 391876997 0 3166296 13959347 0 598 0 2732 3869775 45 0 6119 0
1791250774473331 19430148514 77 644 102511 391990578 0 3166296 13967067 0 598 0 2732 3869868 45 0 6121 0
1791250774977046 19430652230 77 644 102590 392101544 0 3166296 13974659 0 598 0 2732 3869962 45 0 6122 0
1791250775480945 19431156128 77 644 102671 392227075 0 3166296 13982611 0 598 0 2732 3870053 45 0 6125 0
1791250775983778 19431658962 77 644 102752 392381644 0 3166296 13990459 0 598 0 2732 3870148 45 0 6125 0
1791250776485055 19432160239 77 644 102831 392661726 0 3166296 13998051 0 598 0 2732 3870243 45 0 6125 0
1791250776985860 19432661043 77 644 102911 392778310 0 3166296 14005771 0 598 0 2732 3870338 45 0 6126 0
1791250777493505 19433168689 77 644 102990 392893674 0 3166296 14013491 0 598 0 2733 3870429 45 0 6130 0
1791250777981039 19433656223 77 644 103066 393109544 0 3166296 14020955 0 598 0 2733 3870517 45 0 6133 0
