# hz=100 page_bytes=4096 possible_cpus=2
realtime_us monotonic_us daemon_ticks rss_pages runs runtime_ns ring_full ack_bytes upload_bytes unaccounted host_user host_nice host_system host_idle host_iowait host_irq host_softirq host_steal
1791251049223378 19704898562 0 312 0 0 0 0 0 0 724 0 3193 3920912 45 0 8270 0
1791251049730438 19705405622 0 312 0 0 0 0 0 0 724 0 3195 3921010 45 0 8271 0
1791251050236252 19705911436 0 312 0 0 0 0 0 0 724 0 3196 3921107 45 0 8271 0
1791251050736461 19706411644 0 312 0 0 0 0 0 0 725 0 3196 3921202 45 0 8272 0
1791251051244097 19706919281 1 312 0 0 0 0 0 0 725 0 3196 3921299 45 0 8273 0
1791251051748471 19707423654 1 312 0 0 0 0 0 0 725 0 3196 3921394 45 0 8275 0
1791251052252695 19707927878 1 312 0 0 0 0 0 0 725 0 3197 3921493 45 0 8275 0
1791251052753582 19708428765 1 312 0 0 0 0 0 0 725 0 3198 3921587 45 0 8276 0
1791251053256021 19708931205 1 312 0 0 0 0 0 0 725 0 3198 3921681 45 0 8276 0
1791251053758632 19709433816 1 312 0 0 0 0 0 0 726 0 3198 3921776 45 0 8278 0
1791251054263019 19709938203 2 312 0 0 0 0 0 0 726 0 3198 3921874 45 0 8279 0
1791251054770146 19710445330 2 312 0 0 0 0 0 0 726 0 3198 3921971 45 0 8279 0
1791251055270867 19710946051 2 312 0 0 0 0 0 0 726 0 3198 3922069 45 0 8281 0
1791251055771623 19711446806 2 312 0 0 0 0 0 0 727 0 3199 3922161 45 0 8284 0
1791251056277631 19711952814 2 312 0 0 0 0 0 0 727 0 3200 3922258 45 0 8286 0
1791251056781784 19712456968 2 312 0 0 0 0 0 0 727 0 3200 3922354 45 0 8287 0
1791251057283258 19712958442 2 312 0 0 0 0 0 0 727 0 3200 3922449 45 0 8287 0
1791251057784717 19713459901 2 312 0 0 0 0 0 0 727 0 3200 3922545 45 0 8289 0
1791251058285201 19713960385 2 312 0 0 0 0 0 0 727 0 3202 3922640 45 0 8291 0
1791251058786042 19714461225 2 312 0 0 0 0 0 0 727 0 3203 3922736 45 0 8292 0
1791251059287901 19714963084 2 312 0 0 0 0 0 0 727 0 3205 3922828 45 0 8294 0
1791251059790211 19715465395 2 312 0 0 0 0 0 0 727 0 3206 3922923 45 0 8299 0
1791251060293518 19715968702 2 312 0 0 0 0 0 0 727 0 3207 3923018 45 0 8299 0
1791251060794453 19716469637 2 312 0 0 0 0 0 0 727 0 3207 3923112 45 0 8305 0
1791251061297692 19716972875 2 312 0 0 0 0 0 0 727 0 3207 3923208 45 0 8306 0
1791251061798239 19717473422 2 312 0 0 0 0 0 0 727 0 3207 3923301 45 0 8309 0
1791251062298883 19717974067 3 312 0 0 0 0 0 0 727 0 3208 3923399 45 0 8311 0
1791251062802257 19718477440 3 312 0 0 0 0 0 0 727 0 3208 3923491 45 0 8316 0
1791251063304916 19718980100 3 312 0 0 0 0 0 0 727 0 3208 3923584 45 0 8320 0
1791251063805548 19719480732 3 312 0 0 0 0 0 0 727 0 3209 3923680 45 0 8323 0
1791251064309221 19719984405 3 312 0 0 0 0 0 0 727 0 3210 3923770 45 0 8327 0
1791251064809797 19720484981 3 312 0 0 0 0 0 0 727 0 3210 3923863 45 0 8331 0
1791251065310672 19720985855 4 312 0 0 0 0 0 0 727 0 3210 3923959 45 0 8336 0
1791251065813508 19721488692 4 312 0 0 0 0 0 0 727 0 3210 3924050 45 0 8339 0
1791251066320336 19721995519 4 312 0 0 0 0 0 0 727 0 3211 3924143 45 0 8344 0
1791251066824092 19722499276 4 312 0 0 0 0 0 0 727 0 3213 3924237 45 0 8348 0
1791251067329432 19723004615 4 312 0 0 0 0 0 0 727 0 3214 3924333 45 0 8350 0
1791251067831364 19723506547 5 312 0 0 0 0 0 0 728 0 3214 3924424 45 0 8357 0
1791251068333361 19724008544 5 312 0 0 0 0 0 0 728 0 3214 3924518 45 0 8362 0
1791251068836901 19724512084 6 312 0 0 0 0 0 0 729 0 3218 3924610 45 0 8365 0
1791251069337859 19725013043 6 312 0 0 0 0 0 0 729 0 3219 3924707 45 0 8367 0
1791251069838428 19725513612 6 312 0 0 0 0 0 0 729 0 3220 3924802 45 0 8368 0
1791251070342700 19726017884 6 312 0 0 0 0 0 0 729 0 3220 3924897 45 0 8370 0
1791251070843388 19726518572 6 312 0 0 0 0 0 0 729 0 3220 3924995 45 0 8370 0
1791251071344347 19727019531 6 312 0 0 0 0 0 0 729 0 3220 3925094 45 0 8370 0
1791251071847096 19727522279 6 312 0 0 0 0 0 0 729 0 3221 3925192 45 0 8372 0
1791251072353452 19728028636 6 312 0 0 0 0 0 0 730 0 3222 3925286 45 0 8373 0
1791251072860584 19728535768 7 312 0 0 0 0 0 0 730 0 3223 3925383 45 0 8374 0
1791251073363087 19729038271 7 312 0 0 0 0 0 0 730 0 3223 3925480 45 0 8375 0
1791251073863597 19729538781 7 312 0 0 0 0 0 0 730 0 3224 3925573 45 0 8379 0
1791251074364268 19730039452 7 312 0 0 0 0 0 0 730 0 3224 3925669 45 0 8381 0
1791251074869207 19730544391 8 312 0 0 0 0 0 0 730 0 3224 3925769 45 0 8382 0
1791251075370977 19731046160 8 312 0 0 0 0 0 0 730 0 3224 3925863 45 0 8384 0
1791251075874248 19731549432 8 312 0 0 0 0 0 0 730 0 3224 3925957 45 0 8388 0
1791251076374933 19732050116 8 312 0 0 0 0 0 0 730 0 3224 3926055 45 0 8389 0
1791251076881566 19732556750 8 312 0 0 0 0 0 0 730 0 3224 3926150 45 0 8394 0
1791251077383201 19733058385 8 312 0 0 0 0 0 0 730 0 3224 3926245 45 0 8398 0
1791251077884184 19733559368 8 312 0 0 0 0 0 0 730 0 3224 3926344 45 0 8399 0
1791251078384647 19734059831 8 312 0 0 0 0 0 0 730 0 3224 3926442 45 0 8401 0
1791251078885973 19734561156 8 312 0 0 0 0 0 0 730 0 3224 3926540 45 0 8404 0
1791251079390287 19735065471 8 312 0 0 0 0 0 0 730 0 3225 3926636 45 0 8407 0
1791251079894504 19735569688 8 312 0 0 0 0 0 0 730 0 3226 3926731 45 0 8412 0
1791251080398494 19736073678 8 312 0 0 0 0 0 0 730 0 3226 3926831 45 0 8413 0
1791251080898870 19736574054 8 312 0 0 0 0 0 0 730 0 3226 3926925 45 0 8420 0
1791251081401559 19737076743 8 312 0 0 0 0 0 0 730 0 3226 3927020 45 0 8423 0
1791251081904033 19737579216 10 312 0 0 0 0 0 0 730 0 3227 3927115 45 0 8427 0
1791251082405226 19738080409 10 312 0 0 0 0 0 0 730 0 3229 3927208 45 0 8432 0
1791251082908083 19738583267 10 312 0 0 0 0 0 0 730 0 3229 3927302 45 0 8436 0
1791251083412181 19739087365 10 312 0 0 0 0 0 0 730 0 3230 3927399 45 0 8438 0
1791251083912356 19739587540 10 312 0 0 0 0 0 0 730 0 3231 3927494 45 0 8441 0
1791251084414241 19740089425 10 312 0 0 0 0 0 0 731 0 3232 3927587 45 0 8444 0
1791251084915897 19740591080 10 312 0 0 0 0 0 0 731 0 3234 3927678 45 0 8452 0
1791251085419424 19741094608 10 312 0 0 0 0 0 0 731 0 3235 3927770 45 0 8458 0
1791251085920268 19741595452 10 312 0 0 0 0 0 0 731 0 3236 3927861 45 0 8465 0
1791251086424306 19742099490 10 312 0 0 0 0 0 0 731 0 3236 3927954 45 0 8471 0
1791251086924600 19742599784 10 312 0 0 0 0 0 0 731 0 3237 3928048 45 0 8476 0
1791251087430743 19743105927 10 312 0 0 0 0 0 0 732 0 3237 3928137 45 0 8486 0
1791251087931480 19743606664 10 312 0 0 0 0 0 0 733 0 3237 3928230 45 0 8491 0
1791251088434035 19744109219 10 312 0 0 0 0 0 0 733 0 3239 3928323 45 0 8496 0
1791251088934784 19744609968 10 312 0 0 0 0 0 0 733 0 3240 3928418 45 0 8500 0
1791251089435235 19745110418 10 312 0 0 0 0 0 0 733 0 3241 3928514 45 0 8504 0
1791251089935664 19745610848 10 312 0 0 0 0 0 0 734 0 3242 3928603 45 0 8512 0
1791251090436105 19746111288 10 312 0 0 0 0 0 0 734 0 3243 3928693 45 0 8520 0
1791251090942839 19746618023 11 312 0 0 0 0 0 0 734 0 3244 3928785 45 0 8526 0
1791251091444783 19747119967 11 312 0 0 0 0 0 0 734 0 3245 3928876 45 0 8534 0
1791251091945968 19747621151 11 312 0 0 0 0 0 0 734 0 3246 3928967 45 0 8542 0
1791251092452113 19748127297 11 312 0 0 0 0 0 0 734 0 3247 3929059 45 0 8550 0
1791251092957726 19748632910 11 312 0 0 0 0 0 0 734 0 3249 3929153 45 0 8556 0
1791251093461688 19749136872 11 312 0 0 0 0 0 0 734 0 3250 3929241 45 0 8566 0
1791251093963222 19749638405 11 312 0 0 0 0 0 0 734 0 3251 3929321 45 0 8585 0
1791251094465159 19750140342 11 312 0 0 0 0 0 0 734 0 3251 3929412 45 0 8593 0
1791251094966299 19750641483 12 312 0 0 0 0 0 0 734 0 3252 3929504 45 0 8602 0
1791251095469026 19751144209 12 312 0 0 0 0 0 0 734 0 3254 3929594 45 0 8610 0
1791251095969356 19751644539 12 312 0 0 0 0 0 0 735 0 3254 3929681 45 0 8620 0
1791251096470101 19752145284 12 312 0 0 0 0 0 0 735 0 3255 3929776 45 0 8622 0
1791251096971755 19752646938 12 312 0 0 0 0 0 0 735 0 3255 3929871 45 0 8622 0
1791251097473822 19753149006 13 312 0 0 0 0 0 0 735 0 3256 3929965 45 0 8623 0
1791251097977066 19753652249 13 312 0 0 0 0 0 0 735 0 3257 3930058 45 0 8624 0
1791251098483645 19754158828 13 312 0 0 0 0 0 0 736 0 3257 3930153 45 0 8626 0
1791251098986603 19754661787 13 312 0 0 0 0 0 0 736 0 3258 3930249 45 0 8628 0
1791251099488690 19755163873 13 312 0 0 0 0 0 0 736 0 3258 3930342 45 0 8633 0
1791251099989893 19755665076 13 312 0 0 0 0 0 0 737 0 3258 3930437 45 0 8637 0
1791251100491883 19756167067 13 312 0 0 0 0 0 0 737 0 3258 3930530 45 0 8643 0
1791251100993428 19756668612 13 312 0 0 0 0 0 0 737 0 3258 3930629 45 0 8645 0
1791251101493812 19757168996 13 312 0 0 0 0 0 0 737 0 3258 3930725 45 0 8648 0
1791251101995130 19757670314 13 312 0 0 0 0 0 0 737 0 3260 3930817 45 0 8654 0
1791251102496004 19758171188 13 312 0 0 0 0 0 0 737 0 3260 3930905 45 0 8664 0
1791251102996922 19758672106 13 312 0 0 0 0 0 0 737 0 3260 3930997 45 0 8672 0
1791251103500021 19759175204 14 312 0 0 0 0 0 0 739 0 3261 3931090 45 0 8676 0
1791251104004518 19759679702 14 312 0 0 0 0 0 0 739 0 3262 3931185 45 0 8680 0
1791251104506054 19760181237 14 312 0 0 0 0 0 0 739 0 3264 3931278 45 0 8686 0
1791251105007683 19760682867 15 312 0 0 0 0 0 0 739 0 3265 3931369 45 0 8692 0
1791251105512349 19761187533 15 312 0 0 0 0 0 0 739 0 3265 3931461 45 0 8699 0
1791251106013210 19761688394 15 312 0 0 0 0 0 0 740 0 3265 3931553 45 0 8703 0
1791251106520206 19762195389 15 312 0 0 0 0 0 0 740 0 3265 3931650 45 0 8707 0
1791251107020792 19762695976 15 312 0 0 0 0 0 0 740 0 3265 3931744 45 0 8712 0
1791251107522270 19763197454 15 312 0 0 0 0 0 0 740 0 3267 3931834 45 0 8717 0
1791251108024273 19763699457 15 312 0 0 0 0 0 0 740 0 3268 3931926 45 0 8723 0
1791251108526114 19764201298 15 312 0 0 0 0 0 0 740 0 3269 3932020 45 0 8728 0
1791251109027074 19764702258 15 312 0 0 0 0 0 0 740 0 3270 3932109 45 0 8735 0
1791251109532563 19765207747 15 312 0 0 0 0 0 0 740 0 3270 3932202 45 0 8741 0
1791251110032851 19765708035 15 312 0 0 0 0 0 0 741 0 3270 3932299 45 0 8743 0
1791251110535584 19766210768 15 312 0 0 0 0 0 0 741 0 3270 3932392 45 0 8751 0
1791251111040010 19766715193 15 312 0 0 0 0 0 0 741 0 3273 3932483 45 0 8757 0
1791251111540575 19767215758 16 312 0 0 0 0 0 0 741 0 3274 3932575 45 0 8760 0
1791251112044587 19767719771 17 312 0 0 0 0 0 0 741 0 3275 3932672 45 0 8763 0
1791251112544890 19768220074 17 312 0 0 0 0 0 0 741 0 3276 3932763 45 0 8771 0
1791251113045246 19768720430 17 312 0 0 0 0 0 0 741 0 3276 3932860 45 0 8775 0
1791251113549034 19769224218 17 312 0 0 0 0 0 0 741 0 3276 3932956 45 0 8777 0
1791251114050269 19769725453 17 312 0 0 0 0 0 0 741 0 3277 3933052 45 0 8780 0
1791251114552290 19770227474 17 312 0 0 0 0 0 0 741 0 3277 3933147 45 0 8782 0
1791251115053130 19770728313 17 312 0 0 0 0 0 0 741 0 3277 3933239 45 0 8789 0
1791251115553620 19771228804 17 312 0 0 0 0 0 0 741 0 3278 3933336 45 0 8791 0
1791251116057596 19771732780 17 312 0 0 0 0 0 0 741 0 3278 3933430 45 0 8797 0
1791251116563308 19772238491 18 312 0 0 0 0 0 0 741 0 3279 3933521 45 0 8802 0
1791251117066369 19772741553 18 312 0 0 0 0 0 0 742 0 3279 3933613 45 0 8806 0
1791251117569101 19773244284 18 312 0 0 0 0 0 0 742 0 3279 3933709 45 0 8808 0
1791251118069978 19773745161 18 312 0 0 0 0 0 0 742 0 3280 3933803 45 0 8812 0
1791251118570511 19774245695 18 312 0 0 0 0 0 0 742 0 3281 3933899 45 0 8814 0
1791251119073177 19774748361 18 312 0 0 0 0 0 0 742 0 3284 3933990 45 0 8820 0
1791251119573711 19775248894 18 312 0 0 0 0 0 0 742 0 3285 3934081 45 0 8824 0
1791251120079333 19775754516 18 312 0 0 0 0 0 0 742 0 3285 3934175 45 0 8827 0
1791251120582866 19776258050 18 312 0 0 0 0 0 0 742 0 3285 3934270 45 0 8831 0
1791251121083478 19776758662 18 312 0 0 0 0 0 0 742 0 3285 3934365 45 0 8835 0
1791251121584601 19777259784 19 312 0 0 0 0 0 0 743 0 3287 3934458 45 0 8836 0
1791251122085709 19777760893 19 312 0 0 0 0 0 0 743 0 3288 3934552 45 0 8837 0
1791251122589834 19778265018 19 312 0 0 0 0 0 0 743 0 3288 3934648 45 0 8838 0
1791251123090911 19778766095 19 312 0 0 0 0 0 0 743 0 3289 3934741 45 0 8841 0
1791251123591694 19779266877 19 312 0 0 0 0 0 0 743 0 3289 3934833 45 0 8847 0
1791251124093883 19779769067 19 312 0 0 0 0 0 0 744 0 3289 3934925 45 0 8854 0
1791251124594263 19780269447 19 312 0 0 0 0 0 0 744 0 3289 3935022 45 0 8857 0
1791251125095773 19780770956 19 312 0 0 0 0 0 0 744 0 3289 3935121 45 0 8857 0
1791251125602105 19781277288 19 312 0 0 0 0 0 0 744 0 3290 3935213 45 0 8858 0
1791251126106250 19781781434 20 312 0 0 0 0 0 0 744 0 3291 3935309 45 0 8858 0
1791251126608716 19782283899 20 312 0 0 0 0 0 0 744 0 3292 3935405 45 0 8860 0
1791251127109541 19782784724 20 312 0 0 0 0 0 0 744 0 3295 3935502 45 0 8860 0
1791251127612195 19783287379 20 312 0 0 0 0 0 0 745 0 3295 3935596 45 0 8861 0
1791251128112868 19783788051 20 312 0 0 0 0 0 0 745 0 3295 3935692 45 0 8861 0
1791251128613205 19784288389 20 312 0 0 0 0 0 0 745 0 3295 3935790 45 0 8862 0
1791251129113802 19784788985 20 312 0 0 0 0 0 0 745 0 3296 3935881 45 0 8862 0
1791251129614541 19785289724 20 312 0 0 0 0 0 0 745 0 3297 3935976 45 0 8862 0
1791251130114775 19785789959 21 312 0 0 0 0 0 0 745 0 3297 3936073 45 0 8863 0
1791251130615162 19786290346 21 312 0 0 0 0 0 0 745 0 3297 3936172 45 0 8864 0
1791251131119056 19786794240 21 312 0 0 0 0 0 0 745 0 3298 3936268 45 0 8864 0
1791251131621281 19787296465 21 312 0 0 0 0 0 0 745 0 3298 3936362 45 0 8867 0
1791251132070254 19787745438 21 312 0 0 0 0 0 0 745 0 3300 3936442 45 0 8868 0
