21444.97 0 0 0
21449.97 6 9376 2432
21454.98 6 9388 2444
21459.99 6 9392 2448
21465.00 6 9392 2448
21470.01 6 9392 2448
21475.02 6 9396 2452
21480.03 6 9460 2480
21485.03 6 9452 2472
21490.04 6 9464 2484
21495.05 6 9464 2484
21500.06 6 9460 2480
21505.07 6 9468 2488
21510.09 6 9468 2488
21515.10 6 9472 2492
21520.11 6 9472 2492
21525.14 6 9472 2492
21530.14 6 9476 2496
21535.15 6 9476 2496
21540.16 6 9472 2492
21545.17 6 9480 2500
21550.19 6 9480 2500
21555.20 6 9484 2504
21560.20 6 9484 2504
21565.21 6 9484 2504
21570.22 6 9488 2508
21575.23 6 9484 2504
21580.24 6 9488 2508
21585.24 6 9492 2512
21590.25 6 9488 2508
21595.26 6 9496 2516
21600.32 6 9496 2516
21605.33 6 9496 2516
21610.41 6 9500 2520
21615.44 6 9496 2516
21620.53 6 9504 2524
21625.56 6 9504 2524
21630.75 6 9504 2524
21635.76 6 9508 2528
21640.77 6 9508 2528
21645.78 6 9512 2532
21650.78 6 9508 2528
21655.79 6 9508 2528
21660.80 6 9516 2536
21665.81 6 9516 2536
21670.82 6 9520 2540
21675.83 6 9520 2540
21680.84 6 9516 2536
21685.85 6 9520 2540
21690.85 6 9520 2540
21695.86 5 8728 2412
21700.87 5 8728 2412
21705.88 5 8728 2412
21710.89 5 8728 2412
21715.89 5 8728 2412
21720.90 5 8728 2412
21725.91 5 8728 2412
21730.92 5 8728 2412
21735.93 2 3996 1216
