# hz=100 page_bytes=4096 possible_cpus=2
# program_id=144 jit_bytes=8483 xlated_bytes=4776
# pos:	0
# flags:	02000002
# mnt_id:	10
# ino:	26
# prog_type:	1
# prog_jited:	1
# prog_tag:	1a92932acb008231
# memlock:	8192
# prog_id:	144
# run_time_ns:	0
# run_cnt:	0
# recursion_misses:	0
# verified_insns:	199283
# map=counters type=6 key=4 value=32 max_entries=1
# pos:	0
# flags:	02000002
# mnt_id:	10
# ino:	26
# map_type:	6
# key_size:	4
# value_size:	32
# max_entries:	1
# map_flags:	0x0
# map_extra:	0x0
# memlock:	268
# map_id:	179
# frozen:	0
# map=accounting type=2 key=4 value=24 max_entries=1
# pos:	0
# flags:	02000002
# mnt_id:	10
# ino:	26
# map_type:	2
# key_size:	4
# value_size:	24
# max_entries:	1
# map_flags:	0x0
# map_extra:	0x0
# memlock:	224
# map_id:	180
# frozen:	0
# map=flows type=9 key=36 value=32 max_entries=1024
# pos:	0
# flags:	02000002
# mnt_id:	10
# ino:	26
# map_type:	9
# key_size:	36
# value_size:	32
# max_entries:	1024
# map_flags:	0x0
# map_extra:	0x0
# memlock:	107456
# map_id:	177
# frozen:	0
# map=departures type=9 key=40 value=8 max_entries=8192
# pos:	0
# flags:	02000002
# mnt_id:	10
# ino:	26
# map_type:	9
# key_size:	40
# value_size:	8
# max_entries:	8192
# map_flags:	0x0
# map_extra:	0x0
# memlock:	656320
# map_id:	176
# frozen:	0
# map=samples type=27 key=0 value=0 max_entries=262144
# pos:	0
# flags:	02000002
# mnt_id:	10
# ino:	26
# map_type:	27
# key_size:	0
# value_size:	0
# max_entries:	262144
# map_flags:	0x0
# map_extra:	0x0
# memlock:	275148
# map_id:	178
# frozen:	0
realtime_us monotonic_us daemon_ticks rss_pages runs runtime_ns ring_full ack_bytes upload_bytes unaccounted host_user host_nice host_system host_idle host_iowait host_irq host_softirq host_steal
1791337468010725 62995592634 36 463 0 0 0 0 2304 0 3479 0 14701 12514989 69 0 41300 0
1791337468511430 62996093338 36 463 78 186497 0 0 10024 0 3479 0 14703 12515081 69 0 41303 0
1791337469011947 62996593855 36 463 155 376538 0 0 17616 0 3480 0 14703 12515175 69 0 41306 0
1791337469515259 62997097167 36 463 236 570645 0 0 25336 0 3480 0 14703 12515275 69 0 41306 0
1791337470017781 62997599689 37 463 316 764925 0 0 33160 0 3480 0 14703 12515369 69 0 41311 0
1791337470525213 62998107121 37 463 395 1089166 0 0 40880 0 3480 0 14703 12515464 69 0 41312 0
1791337471027291 62998609198 37 463 474 1295308 0 0 48472 0 3480 0 14703 12515562 69 0 41313 0
1791337471534907 62999116815 37 463 554 1478041 0 0 56192 0 3480 0 14703 12515658 69 0 41317 0
1791337472036316 62999618225 37 463 634 1972868 0 0 64016 0 3480 0 14704 12515750 69 0 41320 0
1791337472537505 63000119414 37 463 715 2155368 0 0 71820 0 3480 0 14705 12515842 69 0 41324 0
1791337473040497 63000622405 38 463 795 2811883 0 0 79540 0 3480 0 14705 12515939 69 0 41326 0
1791337473545500 63001127408 38 463 875 3221524 0 0 87132 0 3480 0 14706 12516036 69 0 41328 0
1791337474048950 63001630858 38 463 954 3517430 0 0 94852 0 3480 0 14706 12516132 69 0 41331 0
1791337474550260 63002132169 38 463 1033 3698668 0 0 102444 0 3480 0 14707 12516227 69 0 41332 0
1791337475053806 63002635714 38 463 1113 4441799 0 0 110164 0 3480 0 14707 12516327 69 0 41332 0
1791337475559688 63003141596 39 463 1194 4626475 0 0 118116 0 3480 0 14707 12516424 69 0 41334 0
1791337476066845 63003648753 39 463 1278 5043442 0 96 126169 0 3480 0 14708 12516518 69 0 41336 0
1791337476568574 63004150482 39 463 1500 6118739 0 576 249054 0 3481 0 14708 12516611 69 0 41341 0
1791337477069247 63004651156 39 463 1725 7397673 0 576 404998 0 3481 0 14708 12516706 69 0 41346 0
1791337477569928 63005151837 39 463 1962 9013130 0 576 577798 0 3481 0 14709 12516798 69 0 41351 0
1791337478073104 63005655012 40 463 2195 10493133 0 576 747638 0 3481 0 14710 12516892 69 0 41355 0
1791337478574231 63006156139 40 463 2430 11628523 0 576 908214 0 3481 0 14710 12516988 69 0 41357 0
1791337479076393 63006658301 40 463 2637 13358604 0 576 1034694 0 3481 0 14711 12517083 69 0 41361 0
1791337479583781 63007165690 40 463 2832 14590376 0 576 1159990 0 3481 0 14712 12517177 69 0 41364 0
1791337480085383 63007667291 41 463 3035 15797941 0 576 1295734 0 3481 0 14714 12517272 69 0 41366 0
1791337480587649 63008169557 41 463 3253 16883058 0 576 1447046 0 3481 0 14714 12517366 69 0 41368 0
1791337481091077 63008672986 41 463 3489 18379290 0 576 1613926 0 3482 0 14714 12517460 69 0 41373 0
1791337481596768 63009178676 41 463 3730 20479919 0 576 1799078 0 3482 0 14716 12517550 69 0 41380 0
1791337482102558 63009684466 41 463 3959 21815451 0 576 1962974 0 3482 0 14717 12517645 69 0 41386 0
1791337482607702 63010189611 42 463 4163 22662886 0 576 2078774 0 3482 0 14718 12517738 69 0 41390 0
1791337483111578 63010693486 42 463 4344 23546470 0 576 2188270 0 3482 0 14718 12517833 69 0 41394 0
1791337483617442 63011199350 42 463 4535 24383868 0 576 2310246 0 3482 0 14718 12517929 69 0 41394 0
1791337484119309 63011701217 42 463 4738 25403904 0 576 2444678 0 3483 0 14719 12518023 69 0 41395 0
1791337484619678 63012201586 42 463 4956 26535860 0 576 2591126 0 3483 0 14719 12518115 69 0 41401 0
1791337485120900 63012702808 43 463 5190 27177759 0 576 2753350 0 3483 0 14719 12518210 69 0 41405 0
1791337485623342 63013205251 43 463 5427 27989322 0 576 2930910 0 3483 0 14719 12518300 69 0 41412 0
1791337486127019 63013708927 43 463 5649 29397822 0 576 3091358 0 3484 0 14721 12518384 69 0 41421 0
1791337486633005 63014214913 43 463 5877 30660718 0 576 3250390 0 3484 0 14721 12518478 69 0 41423 0
1791337487136036 63014717945 43 463 6083 31514440 0 576 3372366 0 3484 0 14721 12518574 69 0 41426 0
1791337487636610 63015218519 43 463 6277 32337073 0 576 3500390 0 3484 0 14721 12518668 69 0 41428 0
1791337488144750 63015726659 44 463 6488 33150132 0 576 3641126 0 3484 0 14722 12518764 69 0 41430 0
1791337488645927 63016227836 44 463 6712 33887623 0 576 3797070 0 3484 0 14723 12518858 69 0 41434 0
1791337489147177 63016729085 44 463 6949 35659145 0 576 3968326 0 3484 0 14724 12518951 69 0 41439 0
1791337489649762 63017231671 44 463 7179 37238721 0 576 4144342 0 3484 0 14726 12519046 69 0 41441 0
1791337490151103 63017733012 44 463 7401 38942053 0 576 4293982 0 3484 0 14726 12519139 69 0 41446 0
1791337490652071 63018233979 44 463 7596 39670811 0 576 4402062 0 3484 0 14726 12519234 69 0 41451 0
1791337491157336 63018739244 45 463 7792 41016205 0 576 4520822 0 3484 0 14727 12519320 69 0 41458 0
1791337491659176 63019241084 45 463 7911 41668717 0 960 4545395 0 3484 0 14729 12519415 69 0 41461 0
1791337492163247 63019745156 45 463 7991 41860130 0 960 4553115 0 3484 0 14729 12519512 69 0 41462 0
1791337492665916 63020247824 45 463 8070 41997480 0 960 4560707 0 3484 0 14731 12519605 69 0 41463 0
1791337493167945 63020749853 45 463 8149 42591154 0 960 4568427 0 3484 0 14731 12519700 69 0 41464 0
1791337493669991 63021251899 46 463 8228 42803869 0 960 4576019 0 3484 0 14731 12519797 69 0 41465 0
1791337494171132 63021753040 46 463 8308 43016560 0 960 4583739 0 3484 0 14732 12519890 69 0 41469 0
1791337494672470 63022254378 46 463 8799 45039475 0 20160 4612051 0 3484 0 14733 12519979 69 0 41478 0
1791337495176180 63022758089 46 463 9720 49103745 0 56736 4656347 0 3485 0 14734 12520066 69 0 41488 0
1791337495678361 63023260267 46 463 10782 53178082 0 98304 4705507 0 3485 0 14738 12520152 69 0 41498 0
1791337496182284 63023764192 47 463 11804 59648476 0 133920 4749203 0 3485 0 14742 12520234 69 0 41513 0
1791337496685866 63024267774 48 463 12898 64584676 0 178176 4800923 0 3485 0 14746 12520317 69 0 41526 0
1791337497186562 63024768470 48 463 14025 70574460 0 223776 4854243 0 3485 0 14748 12520401 69 0 41540 0
1791337497694859 63025276766 48 463 15067 75244645 0 262248 4900563 0 3485 0 14751 12520481 69 0 41556 0
1791337498196677 63025778585 48 463 16119 78834044 0 309336 4955243 0 3485 0 14752 12520567 69 0 41568 0
1791337498696827 63026278735 48 463 17092 81305137 0 346032 4999891 0 3485 0 14752 12520664 69 0 41570 0
1791337499198193 63026780102 48 463 18116 83760060 0 383340 5044791 0 3485 0 14754 12520759 69 0 41573 0
1791337499701858 63027283767 49 463 19134 86241410 0 420936 5090107 0 3485 0 14755 12520850 69 0 41583 0
1791337500204174 63027786082 49 463 20210 89265469 0 461628 5138519 0 3485 0 14755 12520938 69 0 41593 0
1791337500704396 63028286304 49 463 21241 92712024 0 500004 5184487 0 3485 0 14756 12521020 69 0 41610 0
1791337501205525 63028787433 49 463 22307 95391650 0 538308 5230511 0 3485 0 14756 12521115 69 0 41614 0
1791337501708195 63029290103 49 463 23349 98399108 0 576420 5276343 0 3485 0 14758 12521205 69 0 41622 0
1791337502209344 63029791252 49 463 24401 102444723 0 615348 5322863 0 3485 0 14760 12521293 69 0 41632 0
1791337502712156 63030294064 50 463 25476 104933557 0 658924 5374159 0 3485 0 14760 12521387 69 0 41636 0
1791337503214896 63030796805 50 463 26506 107739127 0 697516 5420703 0 3485 0 14762 12521476 69 0 41646 0
1791337503715244 63031297152 50 463 27453 109618483 0 729916 5460695 0 3486 0 14764 12521565 69 0 41652 0
1791337504217607 63031799516 50 463 28410 112166663 0 761716 5499983 0 3486 0 14766 12521654 69 0 41660 0
1791337504729069 63032310978 50 463 29382 116001469 0 794092 5539951 0 3486 0 14771 12521742 69 0 41671 0
1791337505239740 63032821648 50 463 30268 123215749 0 819040 5572723 0 3487 0 14773 12521813 69 0 41694 0
1791337505740074 63033321982 51 463 30858 126626027 0 837556 5599063 0 3487 0 14776 12521870 69 0 41708 0
1791337506246122 63033828029 52 463 31856 131171529 0 870664 5639763 0 3487 0 14778 12521954 69 0 41722 0
1791337506747970 63034329878 52 463 32869 136399002 0 905548 5682239 0 3487 0 14781 12522036 69 0 41736 0
1791337507250811 63034832720 52 463 33867 140150019 0 937900 5722311 0 3487 0 14782 12522123 69 0 41749 0
1791337507757760 63035339669 53 463 34793 143137111 0 965932 5757935 0 3487 0 14782 12522197 69 0 41774 0
1791337508259494 63035841402 53 463 35784 145044159 0 1001068 5801023 0 3487 0 14782 12522291 69 0 41780 0
1791337508760907 63036342815 53 463 36872 147483180 0 1042880 5850427 0 3488 0 14782 12522376 69 0 41792 0
1791337509263116 63036845025 53 463 37904 150395695 0 1084476 5899743 0 3488 0 14782 12522465 69 0 41800 0
1791337509766830 63037348738 53 463 38990 155668923 0 1125084 5947943 0 3488 0 14784 12522550 69 0 41813 0
1791337510267449 63037849358 54 463 40009 161531856 0 1161408 5991859 0 3489 0 14784 12522636 69 0 41826 0
1791337510774366 63038356274 54 463 41017 164880989 0 1195980 6034151 0 3489 0 14784 12522725 69 0 41838 0
1791337511276619 63038858527 54 463 42057 168079362 0 1232496 6078491 0 3489 0 14784 12522814 69 0 41850 0
1791337511780092 63039362000 54 463 43073 172914660 0 1267056 6120771 0 3489 0 14785 12522906 69 0 41859 0
1791337512281516 63039863424 54 463 44206 176518393 0 1309884 6171319 0 3489 0 14785 12522990 69 0 41875 0
1791337512786569 63040368477 54 463 45271 181075171 0 1348188 6217215 0 3489 0 14786 12523074 69 0 41889 0
1791337513288032 63040869940 55 463 46299 188869641 0 1384176 6261051 0 3489 0 14792 12523157 69 0 41900 0
1791337513788884 63041370792 55 463 47405 192550557 0 1430688 6315155 0 3489 0 14795 12523240 69 0 41913 0
1791337514291583 63041873491 55 463 48348 196473794 0 1463508 6355695 0 3489 0 14797 12523331 69 0 41920 0
1791337514797771 63042379680 55 463 48967 198378342 0 1478736 6386366 0 3489 0 14798 12523424 69 0 41926 0
1791337515298311 63042880219 55 463 49047 198889877 0 1478736 6394086 0 3491 0 14799 12523515 69 0 41930 0
1791337515798845 63043380752 55 463 49125 199080791 0 1478736 6401678 0 3491 0 14800 12523605 69 0 41934 0
1791337516303363 63043885271 55 463 49206 199266118 0 1478736 6409398 0 3491 0 14800 12523699 69 0 41937 0
1791337516808253 63044390161 55 463 49285 199834250 0 1478736 6417118 0 3491 0 14800 12523793 69 0 41939 0
1791337517308877 63044890785 55 463 49365 200043120 0 1478736 6424710 0 3491 0 14800 12523888 69 0 41941 0
1791337517810801 63045392709 56 463 49602 200752606 0 1483200 6470088 0 3492 0 14801 12523980 69 0 41943 0
1791337518312399 63045894308 56 463 50543 205311218 0 1515780 6616796 0 3493 0 14802 12524062 69 0 41958 0
1791337518814948 63046396857 57 463 51647 208593559 0 1552836 6777372 0 3494 0 14802 12524153 69 0 41966 0
1791337519316836 63046898745 57 463 52844 211553896 0 1594788 6955068 0 3495 0 14805 12524239 69 0 41976 0
1791337519818129 63047400038 58 463 53720 215241734 0 1622724 7114116 0 3496 0 14808 12524320 69 0 41989 0
1791337520319229 63047901138 58 463 54627 218031493 0 1653408 7268320 0 3497 0 14811 12524407 69 0 42000 0
1791337520826872 63048408780 58 463 55698 220591166 0 1689216 7384520 0 3497 0 14812 12524499 69 0 42007 0
1791337521327456 63048909364 58 463 56794 223441331 0 1726176 7497136 0 3497 0 14812 12524593 69 0 42012 0
1791337521828784 63049410692 58 463 57916 226415643 0 1769352 7620472 0 3497 0 14812 12524690 69 0 42015 0
1791337522329775 63049911684 58 463 58944 228402554 0 1805256 7755192 0 3497 0 14812 12524778 69 0 42026 0
1791337522830781 63050412690 59 463 59956 230839029 0 1838040 7906736 0 3497 0 14813 12524866 69 0 42035 0
1791337523331227 63050913136 59 463 61051 233363242 0 1871316 8071252 0 3498 0 14816 12524956 69 0 42038 0
1791337523835286 63051417193 59 463 62038 236792103 0 1900788 8245860 0 3498 0 14816 12525044 69 0 42048 0
1791337524337050 63051918959 59 463 62770 240214323 0 1921860 8405996 0 3499 0 14819 12525128 69 0 42059 0
1791337524840242 63052422150 60 463 63577 243143935 0 1943424 8540040 0 3499 0 14822 12525217 69 0 42068 0
1791337525346979 63052928888 60 463 64692 248057447 0 1977408 8665224 0 3499 0 14822 12525299 69 0 42085 0
1791337525855415 63053437323 60 463 65809 252968962 0 2011104 8807000 0 3499 0 14824 12525382 69 0 42102 0
1791337526358159 63053940068 61 463 66915 260085148 0 2045280 8961480 0 3501 0 14827 12525464 69 0 42114 0
1791337526861280 63054443189 61 463 68083 267870158 0 2081160 9131920 0 3501 0 14828 12525549 69 0 42129 0
1791337527364333 63054946242 63 463 69117 273409220 0 2117096 9302184 0 3501 0 14829 12525635 69 0 42141 0
1791337527866824 63055448732 63 463 69985 277441115 0 2143976 9461720 0 3502 0 14829 12525724 69 0 42150 0
1791337528367404 63055949312 64 463 71005 281494519 0 2176420 9586804 0 3503 0 14831 12525806 69 0 42164 0
1791337528867673 63056449582 64 463 72126 285238607 0 2213128 9719112 0 3504 0 14835 12525893 69 0 42170 0
1791337529372997 63056954905 64 463 73232 289360420 0 2248552 9861072 0 3504 0 14838 12525980 69 0 42180 0
1791337529875881 63057457789 64 463 74333 292634981 0 2282344 10021344 0 3504 0 14840 12526073 69 0 42185 0
1791337530376107 63057958016 64 463 75471 295257636 0 2323776 10195792 0 3504 0 14842 12526161 69 0 42193 0
1791337530876582 63058458491 65 463 76222 297646411 0 2346576 10354104 0 3505 0 14842 12526255 69 0 42197 0
1791337531379735 63058961644 65 463 76807 299471297 0 2362092 10516532 0 3505 0 14843 12526351 69 0 42200 0
1791337531880937 63059462846 65 463 77475 301035778 0 2379936 10654448 0 3505 0 14844 12526446 69 0 42202 0
1791337532385735 63059967644 65 463 78501 303551789 0 2411340 10790948 0 3506 0 14846 12526537 69 0 42206 0
1791337532890614 63060472523 65 463 79637 306703013 0 2446572 10943652 0 3506 0 14846 12526632 69 0 42211 0
1791337533392313 63060974222 66 463 80794 309927452 0 2484300 11111076 0 3506 0 14846 12526723 69 0 42218 0
1791337533895103 63061477011 66 463 81967 313772509 0 2522124 11266116 0 3506 0 14847 12526814 69 0 42226 0
1791337534396119 63061978028 66 463 83142 316461075 0 2563172 11410612 0 3506 0 14847 12526910 69 0 42228 0
1791337534900088 63062481996 66 463 84286 318822544 0 2605120 11582488 0 3506 0 14848 12527002 69 0 42234 0
1791337535400514 63062982422 66 463 85045 320513473 0 2628068 11745812 0 3506 0 14848 12527093 69 0 42242 0
1791337535903215 63063485123 66 463 85611 322577776 0 2642600 11907024 0 3506 0 14848 12527187 69 0 42244 0
1791337536407079 63063988987 66 463 86251 323825716 0 2659484 12050516 0 3506 0 14848 12527281 69 0 42245 0
1791337536908657 63064490565 67 463 87307 327360896 0 2692316 12186668 0 3506 0 14850 12527372 69 0 42254 0
1791337537411047 63064992956 67 463 88417 330651416 0 2727548 12337700 0 3507 0 14850 12527457 69 0 42268 0
1791337537913841 63065495749 67 463 89543 337124510 0 2760764 12494308 0 3507 0 14851 12527539 69 0 42283 0
1791337538414901 63065996810 68 463 90628 341595216 0 2794556 12636180 0 3507 0 14853 12527619 69 0 42301 0
1791337538918074 63066499982 68 463 91855 344278087 0 2838436 12789684 0 3508 0 14853 12527708 69 0 42309 0
1791337539422690 63067004598 68 463 92723 346379377 0 2867408 12963664 0 3508 0 14853 12527804 69 0 42314 0
1791337539927060 63067508968 69 463 93417 348119870 0 2888792 13122696 0 3508 0 14853 12527901 69 0 42317 0
1791337540427322 63068009231 69 463 94271 350128623 0 2913116 13256516 0 3508 0 14854 12527992 69 0 42321 0
1791337540928629 63068510537 69 463 95270 353018005 0 2943164 13377660 0 3508 0 14855 12528075 69 0 42333 0
1791337541429243 63069011151 69 463 96369 354923999 0 2977532 13523068 0 3508 0 14855 12528170 69 0 42340 0
1791337541933903 63069515811 69 463 97487 358311783 0 3013820 13687380 0 3508 0 14855 12528257 69 0 42352 0
1791337542437036 63070018944 69 463 98635 360788971 0 3054904 13861248 0 3508 0 14856 12528353 69 0 42356 0
1791337542941461 63070523369 69 463 99529 362933384 0 3079036 13985373 0 3508 0 14856 12528450 69 0 42360 0
1791337543445987 63071027895 69 463 99608 363047228 0 3079036 13992965 0 3508 0 14856 12528546 69 0 42363 0
1791337543947072 63071528981 69 463 99688 363144231 0 3079036 14000685 0 3509 0 14856 12528641 69 0 42364 0
1791337544448605 63072030514 69 463 99767 363239904 0 3079036 14008405 0 3510 0 14856 12528733 69 0 42366 0
1791337544950041 63072531949 69 463 99845 363357864 0 3079036 14015997 0 3510 0 14856 12528828 69 0 42367 0
1791337545451517 63073033426 69 463 99925 363696286 0 3079036 14023717 0 3510 0 14856 12528924 69 0 42369 0
1791337545952182 63073534090 69 463 100004 363773221 0 3079036 14031309 0 3510 0 14857 12529019 69 0 42369 0
1791337546453425 63074035333 69 463 100083 363867558 0 3079036 14039029 0 3510 0 14858 12529114 69 0 42370 0
1791337546956293 63074538201 69 463 100163 363971536 0 3079036 14046749 0 3511 0 14859 12529206 69 0 42370 0
1791337547456945 63075038853 70 463 100243 364094770 0 3079036 14054573 0 3511 0 14860 12529298 69 0 42374 0
1791337547959866 63075541775 70 463 100323 364187047 0 3079036 14062293 0 3511 0 14860 12529395 69 0 42375 0
1791337548464719 63076046627 70 463 100403 364277249 0 3079036 14070013 0 3511 0 14861 12529490 69 0 42376 0
1791337548965557 63076547465 70 463 100482 364369747 0 3079036 14077605 0 3511 0 14861 12529585 69 0 42377 0
1791337549466002 63077047911 70 463 100561 364482368 0 3079036 14085325 0 3512 0 14861 12529679 69 0 42377 0
1791337549967099 63077549007 70 463 100640 364633731 0 3079036 14092917 0 3512 0 14861 12529774 69 0 42381 0
1791337550472567 63078054476 70 463 100720 364796090 0 3079036 14100637 0 3512 0 14861 12529872 69 0 42383 0
1791337550897796 63078479704 70 463 100789 364958528 0 3079036 14107405 0 3512 0 14863 12529949 69 0 42384 0
