# hz=100 page_bytes=4096 possible_cpus=2
# program_id=56 jit_bytes=6701 xlated_bytes=3728
# pos:	0
# flags:	02000002
# mnt_id:	10
# ino:	26
# prog_type:	1
# prog_jited:	1
# prog_tag:	e45e774793fd1fbd
# memlock:	4096
# prog_id:	56
# run_time_ns:	0
# run_cnt:	0
# recursion_misses:	0
# verified_insns:	199065
# map=counters type=6 key=4 value=24 max_entries=1
# pos:	0
# flags:	02000002
# mnt_id:	10
# ino:	26
# map_type:	6
# key_size:	4
# value_size:	24
# max_entries:	1
# map_flags:	0x0
# map_extra:	0x0
# memlock:	252
# map_id:	87
# frozen:	0
# map=flows type=9 key=36 value=32 max_entries=1024
# pos:	0
# flags:	02000002
# mnt_id:	10
# ino:	26
# map_type:	9
# key_size:	36
# value_size:	32
# max_entries:	1024
# map_flags:	0x0
# map_extra:	0x0
# memlock:	107456
# map_id:	85
# frozen:	0
# map=departures type=9 key=40 value=8 max_entries=8192
# pos:	0
# flags:	02000002
# mnt_id:	10
# ino:	26
# map_type:	9
# key_size:	40
# value_size:	8
# max_entries:	8192
# map_flags:	0x0
# map_extra:	0x0
# memlock:	656320
# map_id:	84
# frozen:	0
# map=samples type=27 key=0 value=0 max_entries=262144
# pos:	0
# flags:	02000002
# mnt_id:	10
# ino:	26
# map_type:	27
# key_size:	0
# value_size:	0
# max_entries:	262144
# map_flags:	0x0
# map_extra:	0x0
# memlock:	275148
# map_id:	86
# frozen:	0
realtime_us monotonic_us daemon_ticks rss_pages runs runtime_ns ring_full ack_bytes upload_bytes unaccounted host_user host_nice host_system host_idle host_iowait host_irq host_softirq host_steal
1791252320178908 20975854092 27 472 0 0 0 0 1960 0 1109 0 4786 4165599 51 0 13136 0
1791252320683250 20976358434 27 472 80 58449 0 0 8682 0 1109 0 4786 4165698 51 0 13136 0
1791252321189125 20976864308 27 472 160 115538 0 0 15202 0 1109 0 4786 4165795 51 0 13137 0
1791252321693364 20977368547 27 472 239 173524 0 0 21624 0 1109 0 4786 4165893 51 0 13138 0
1791252322197295 20977872479 27 472 320 230229 0 0 28144 0 1109 0 4787 4165989 51 0 13139 0
1791252322702231 20978377414 27 472 399 325366 0 0 34664 0 1111 0 4787 4166085 51 0 13141 0
1791252323203075 20978878259 27 472 479 430319 0 0 41288 0 1111 0 4787 4166178 51 0 13145 0
1791252323708186 20979383369 27 472 559 625144 0 0 47808 0 1111 0 4788 4166274 51 0 13146 0
1791252324209586 20979884769 27 472 638 1058847 0 0 54230 0 1111 0 4788 4166373 51 0 13147 0
1791252324713282 20980388466 27 472 719 1130788 0 0 60792 0 1111 0 4788 4166468 51 0 13151 0
1791252325214476 20980889659 27 472 798 1250685 0 0 67214 0 1112 0 4788 4166562 51 0 13152 0
1791252325716668 20981391851 27 472 877 1373136 0 0 73734 0 1112 0 4788 4166659 51 0 13153 0
1791252326221170 20981896354 28 472 957 1500843 0 0 80254 0 1112 0 4789 4166755 51 0 13156 0
1791252326722366 20982397550 28 472 1037 1605275 0 0 86878 0 1112 0 4789 4166852 51 0 13157 0
1791252327223253 20982898437 28 472 1116 1956895 0 0 93398 0 1112 0 4790 4166943 51 0 13162 0
1791252327723922 20983399105 28 472 1195 2034908 0 0 99820 0 1112 0 4790 4167039 51 0 13164 0
1791252328224110 20983899294 28 472 1280 2308740 0 66 106583 0 1112 0 4790 4167136 51 0 13166 0
1791252328726925 20984402108 28 472 1494 3068325 0 396 225906 0 1112 0 4790 4167233 51 0 13168 0
1791252329228266 20984903450 29 472 1715 4476337 0 396 376158 0 1113 0 4790 4167326 51 0 13169 0
1791252329729606 20985404789 29 472 1960 4958400 0 396 543162 0 1113 0 4790 4167421 51 0 13172 0
1791252330230399 20985905583 29 472 2198 5708867 0 396 719152 0 1113 0 4790 4167516 52 0 13172 0
1791252330730863 20986406047 29 472 2427 6532434 0 396 869502 0 1113 0 4790 4167610 52 0 13176 0
1791252331234191 20986909375 29 472 2640 6942538 0 396 988058 0 1113 0 4790 4167706 52 0 13178 0
1791252331734482 20987409666 29 472 2829 7658093 0 396 1095918 0 1113 0 4791 4167800 52 0 13179 0
1791252332235512 20987910696 29 472 3026 8065218 0 396 1211446 0 1113 0 4792 4167896 52 0 13182 0
1791252332736892 20988412076 29 472 3231 8435662 0 396 1342114 0 1113 0 4792 4167993 52 0 13184 0
1791252333242580 20988917764 29 472 3450 9024364 0 396 1490852 0 1113 0 4792 4168088 52 0 13185 0
1791252333743329 20989418513 29 472 3682 9475866 0 396 1651800 0 1113 0 4792 4168184 52 0 13188 0
1791252334244102 20989919286 29 472 3921 9922631 0 396 1814164 0 1113 0 4792 4168278 52 0 13190 0
1791252334746431 20990421615 29 472 4150 10558394 0 396 1973598 0 1113 0 4793 4168373 52 0 13193 0
1791252335251575 20990926758 29 472 4383 11002586 0 396 2131720 0 1113 0 4793 4168467 52 0 13195 0
1791252335752183 20991427366 29 472 4595 11537605 0 396 2260776 0 1113 0 4793 4168560 52 0 13199 0
1791252336252521 20991927705 30 472 4799 12105670 0 396 2391444 0 1113 0 4793 4168657 52 0 13200 0
1791252336753679 20992428863 31 472 5014 12819165 0 396 2535738 0 1114 0 4794 4168749 52 0 13203 0
1791252337256301 20992931484 31 472 5246 13289370 0 396 2696588 0 1115 0 4795 4168843 52 0 13205 0
1791252337761605 20993436789 31 472 5484 13842712 0 396 2874190 0 1116 0 4795 4168937 52 0 13207 0
1791252338261894 20993937078 31 472 5708 14319049 0 396 3030498 0 1116 0 4795 4169036 52 0 13207 0
1791252338762613 20994437797 31 472 5914 15097123 0 396 3149054 0 1117 0 4795 4169132 52 0 13209 0
1791252339264257 20994939441 31 472 6099 15483882 0 396 3256914 0 1117 0 4796 4169228 52 0 13211 0
1791252339769406 20995444590 31 472 6297 15999362 0 396 3377186 0 1117 0 4796 4169325 52 0 13213 0
1791252340270030 20995945214 31 472 6505 16419931 0 396 3509270 0 1118 0 4796 4169420 52 0 13214 0
1791252340773057 20996448241 31 472 6726 17109756 0 396 3655176 0 1118 0 4796 4169518 52 0 13215 0
1791252341275029 20996950213 32 472 6960 17592044 0 396 3816124 0 1119 0 4797 4169609 52 0 13217 0
1791252341775407 20997450590 32 472 7196 18239534 0 396 3987572 0 1120 0 4797 4169706 52 0 13219 0
1791252342279664 20997954848 32 472 7426 18654753 0 396 4142464 0 1120 0 4797 4169800 52 0 13221 0
1791252342780753 20998455936 32 472 7636 19041338 0 396 4270006 0 1120 0 4798 4169889 52 0 13224 0
1791252343282940 20998958124 32 472 7833 19593130 0 396 4396132 0 1120 0 4798 4169988 52 0 13225 0
1791252343785296 20999460479 32 472 7956 19760067 0 594 4423379 0 1121 0 4798 4170081 52 0 13230 0
1791252344285923 20999961107 32 472 8035 19989537 0 594 4429801 0 1121 0 4798 4170176 52 0 13231 0
1791252344786194 21000461378 32 472 8115 20047317 0 594 4436321 0 1121 0 4798 4170270 52 0 13234 0
1791252345289603 21000964786 32 472 8193 20102954 0 594 4442743 0 1121 0 4799 4170365 52 0 13235 0
1791252345791788 21001466971 33 472 8274 20161048 0 594 4449263 0 1121 0 4799 4170463 52 0 13236 0
1791252346293948 21001969131 33 472 8352 20213592 0 594 4455783 0 1121 0 4799 4170555 52 0 13238 0
1791252346794448 21002469632 33 472 8888 20700413 0 15924 4478695 0 1121 0 4800 4170649 52 0 13243 0
1791252347295844 21002971028 33 472 10103 22840542 0 52290 4521581 0 1121 0 4800 4170745 52 0 13248 0
1791252347803030 21003478214 33 472 11176 24980521 0 81660 4557373 0 1121 0 4802 4170834 52 0 13254 0
1791252348304132 21003979316 33 472 12322 27603577 0 114594 4597029 0 1121 0 4802 4170924 52 0 13263 0
1791252348810665 21004485849 33 472 13449 29481620 0 145944 4634899 0 1121 0 4803 4171017 52 0 13269 0
1791252349313459 21004988642 33 472 14530 31179837 0 175710 4671087 0 1121 0 4803 4171113 52 0 13273 0
1791252349814687 21005489871 33 472 15639 33365137 0 209346 4711243 0 1121 0 4803 4171209 52 0 13277 0
1791252350319251 21005994435 34 472 16548 35554725 0 232230 4740549 0 1122 0 4803 4171302 52 0 13284 0
1791252350822516 21006497700 34 472 17591 38108864 0 258114 4772953 0 1122 0 4803 4171398 52 0 13287 0
1791252351323762 21006998945 34 472 18614 40538997 0 282636 4803897 0 1122 0 4805 4171488 52 0 13293 0
1791252351824348 21007499532 34 472 19706 42814098 0 311304 4839085 0 1122 0 4808 4171579 52 0 13299 0
1791252352325685 21008000868 34 472 20780 45825866 0 338784 4873189 0 1122 0 4808 4171675 52 0 13305 0
1791252352826873 21008502057 34 472 21879 49732168 0 366732 4907657 0 1122 0 4809 4171769 52 0 13310 0
1791252353327727 21009002911 34 472 22910 53981910 0 391290 4938637 0 1122 0 4810 4171852 52 0 13325 0
1791252353829651 21009504835 35 472 23939 58601335 0 415272 4969139 0 1122 0 4812 4171940 52 0 13335 0
1791252354330003 21010005186 35 472 24961 62400684 0 440328 5000617 0 1122 0 4812 4172025 52 0 13350 0
1791252354833712 21010508895 35 472 26025 66666732 0 467144 5033855 0 1122 0 4814 4172110 52 0 13362 0
1791252355334661 21011009844 35 472 27086 70186057 0 493310 5066541 0 1122 0 4816 4172197 52 0 13373 0
1791252355836606 21011511789 35 472 28173 76106295 0 521500 5101153 0 1122 0 4817 4172287 52 0 13383 0
1791252356337129 21012012313 35 472 29133 80633987 0 543850 5130023 0 1122 0 4819 4172368 52 0 13399 0
1791252356839332 21012514515 36 472 30116 84250144 0 566278 5158873 0 1122 0 4820 4172450 52 0 13416 0
1791252357346469 21013021652 36 472 31094 87430373 0 588976 5187993 0 1123 0 4821 4172537 52 0 13428 0
1791252357852450 21013527633 36 472 32078 89823629 0 612226 5217965 0 1123 0 4822 4172622 52 0 13440 0
1791252358353979 21014029163 36 472 33079 91389889 0 636202 5248461 0 1123 0 4822 4172717 52 0 13443 0
1791252358854840 21014530023 36 472 34111 92741501 0 665734 5284415 0 1123 0 4824 4172807 52 0 13449 0
1791252359356133 21015031317 36 472 34983 94011297 0 685798 5310999 0 1123 0 4826 4172899 52 0 13456 0
1791252359862980 21015538164 36 472 35953 95764521 0 707722 5339645 0 1123 0 4826 4172995 52 0 13460 0
1791252360366500 21016041683 36 472 36973 99790711 0 731596 5369941 0 1126 0 4827 4173081 52 0 13471 0
1791252360866782 21016541965 37 472 37927 104130230 0 752392 5397355 0 1127 0 4828 4173165 52 0 13484 0
1791252361372211 21017047394 37 472 38961 107639368 0 776842 5428227 0 1128 0 4830 4173251 52 0 13495 0
1791252361873224 21017548407 37 472 39970 111651391 0 800506 5458411 0 1128 0 4832 4173337 52 0 13507 0
1791252362375773 21018050957 38 472 41007 119330234 0 824278 5488703 0 1128 0 4833 4173426 52 0 13519 0
1791252362882776 21018557959 38 472 41973 122511849 0 846532 5517379 0 1128 0 4835 4173513 52 0 13529 0
1791252363386273 21019061457 39 472 42952 126352172 0 868786 5546153 0 1128 0 4836 4173591 52 0 13550 0
1791252363888784 21019563968 39 472 44004 131875374 0 899522 5583513 0 1129 0 4838 4173679 52 0 13560 0
1791252364396613 21020071797 39 472 44994 135812186 0 923978 5614489 0 1129 0 4839 4173764 52 0 13571 0
1791252364905320 21020580504 39 472 45861 141326493 0 943478 5640411 0 1130 0 4841 4173837 52 0 13590 0
1791252365406359 21021081542 40 472 46852 144393690 0 966446 5670003 0 1132 0 4841 4173922 52 0 13605 0
1791252365907667 21021582851 40 472 47848 147463268 0 990536 5700411 0 1132 0 4842 4174009 52 0 13613 0
1791252366411824 21022087008 40 472 48896 149979730 0 1016144 5732741 0 1132 0 4842 4174101 52 0 13622 0
1791252366913675 21022588859 40 472 49676 151521092 0 1029098 5758577 0 1133 0 4842 4174190 52 0 13630 0
1791252367416002 21023091186 40 472 49756 151581843 0 1029098 5765097 0 1133 0 4842 4174285 52 0 13631 0
1791252367917480 21023592663 40 472 49835 151633787 0 1029098 5771617 0 1133 0 4842 4174379 52 0 13631 0
1791252368417994 21024093178 40 472 49914 151694566 0 1029098 5778039 0 1133 0 4842 4174474 52 0 13631 0
1791252368920951 21024596135 40 472 49994 151762486 0 1029098 5784761 0 1133 0 4842 4174568 52 0 13632 0
1791252369421429 21025096613 40 472 50074 151820649 0 1029098 5791281 0 1133 0 4842 4174663 52 0 13632 0
1791252369924277 21025599460 41 472 50222 151997505 0 1029956 5816787 0 1133 0 4842 4174758 52 0 13633 0
1791252370424831 21026100015 41 472 51282 154798159 0 1057442 5946175 0 1133 0 4842 4174848 52 0 13643 0
1791252370925274 21026600457 41 472 52470 156885823 0 1086416 6086037 0 1133 0 4842 4174942 52 0 13649 0
1791252371426061 21027101245 41 472 53667 160403276 0 1115324 6242585 0 1133 0 4843 4175033 52 0 13657 0
1791252371928663 21027603847 41 472 54662 162256622 0 1138952 6398499 0 1133 0 4843 4175120 52 0 13668 0
1791252372431543 21028106727 41 472 55546 163960288 0 1159574 6539191 0 1133 0 4843 4175210 52 0 13678 0
1791252372934943 21028610127 41 472 56625 166618550 0 1184852 6637507 0 1133 0 4846 4175296 52 0 13688 0
1791252373436223 21029111407 42 472 57697 169177149 0 1209338 6735129 0 1133 0 4846 4175389 52 0 13696 0
1791252373938631 21029613815 42 472 58805 171567645 0 1239450 6844433 0 1133 0 4846 4175477 52 0 13704 0
1791252374442990 21030118174 42 472 59791 173990671 0 1261698 6968485 0 1133 0 4847 4175573 52 0 13708 0
1791252374944514 21030619697 42 472 60934 176738636 0 1287876 7105851 0 1133 0 4847 4175664 52 0 13713 0
1791252375445828 21031121012 42 472 62095 179882969 0 1313958 7256447 0 1133 0 4848 4175757 52 0 13720 0
1791252375946663 21031621847 42 472 63141 182075614 0 1337196 7417923 0 1133 0 4849 4175848 52 0 13727 0
1791252376453323 21032128507 43 472 63874 184288148 0 1353408 7563191 0 1133 0 4850 4175938 52 0 13736 0
1791252376955234 21032630418 43 472 64721 186118794 0 1370686 7682371 0 1133 0 4851 4176030 52 0 13743 0
1791252377457053 21033132236 43 472 65793 188688889 0 1393852 7802799 0 1133 0 4852 4176119 52 0 13752 0
1791252377957967 21033633151 43 472 66888 190913395 0 1418404 7912599 0 1133 0 4852 4176211 52 0 13760 0
1791252378462306 21034137490 43 472 68048 193291093 0 1444288 8053913 0 1133 0 4852 4176301 52 0 13770 0
1791252378963295 21034638479 43 472 69187 195800299 0 1469530 8212851 0 1133 0 4852 4176394 52 0 13777 0
1791252379464278 21035139462 43 472 70123 198113872 0 1489690 8374179 0 1133 0 4854 4176483 52 0 13785 0
1791252379968621 21035643805 44 472 70956 199626612 0 1507138 8507155 0 1134 0 4854 4176577 52 0 13791 0
1791252380473554 21036148738 44 472 72005 202668912 0 1529806 8601745 0 1134 0 4858 4176664 52 0 13798 0
1791252380978997 21036654181 44 472 72997 205167988 0 1549870 8696361 0 1134 0 4860 4176751 52 0 13810 0
1791252381479324 21037154508 44 472 74084 208008629 0 1576448 8811215 0 1135 0 4860 4176841 52 0 13819 0
1791252381989963 21037665146 44 472 75136 210606226 0 1598558 8938359 0 1135 0 4862 4176931 52 0 13829 0
1791252382490334 21038165518 44 472 76245 212915663 0 1623278 9077093 0 1135 0 4866 4177025 52 0 13830 0
1791252382994777 21038669961 46 472 77425 215197071 0 1649726 9226639 0 1135 0 4866 4177116 52 0 13837 0
1791252383501325 21039176508 46 472 78562 219882735 0 1675628 9387751 0 1135 0 4867 4177205 52 0 13847 0
1791252384004845 21039680028 46 472 79436 223176434 0 1693382 9533047 0 1135 0 4868 4177296 52 0 13856 0
1791252384507304 21040182487 46 472 80459 226353375 0 1714130 9657211 0 1136 0 4869 4177389 52 0 13863 0
1791252385009393 21040684576 47 472 81528 229965750 0 1735712 9779285 0 1137 0 4870 4177471 52 0 13877 0
1791252385509905 21041185089 47 472 82604 233869941 0 1758152 9912711 0 1139 0 4871 4177555 52 0 13888 0
1791252386013067 21041688251 47 472 83785 237222952 0 1790438 10061941 0 1140 0 4871 4177641 52 0 13898 0
1791252386514240 21042189423 47 472 84642 240038969 0 1810054 10218281 0 1140 0 4872 4177730 52 0 13907 0
1791252387015827 21042691010 47 472 85296 242210398 0 1822360 10368825 0 1140 0 4875 4177814 52 0 13920 0
1791252387517918 21043193101 48 472 85905 244559443 0 1834330 10521963 0 1141 0 4875 4177907 52 0 13924 0
1791252388023091 21043698275 48 472 86684 246922369 0 1850392 10639927 0 1141 0 4875 4177998 52 0 13934 0
1791252388523393 21044198577 48 472 87666 249057683 0 1871380 10752219 0 1141 0 4876 4178091 52 0 13940 0
1791252389023951 21044699135 48 472 88762 250819494 0 1894612 10878971 0 1142 0 4876 4178180 52 0 13949 0
1791252389530006 21045205189 48 472 89838 253584068 0 1918306 10990941 0 1142 0 4876 4178275 52 0 13955 0
1791252390032208 21045707392 49 472 90906 254994568 0 1940998 11118563 0 1142 0 4877 4178359 52 0 13966 0
1791252390532605 21046207789 49 472 92035 257801238 0 1964230 11270851 0 1142 0 4878 4178450 52 0 13974 0
1791252391039761 21046714945 49 472 93160 260502213 0 1990456 11438343 0 1142 0 4878 4178546 52 0 13979 0
1791252391544638 21047219822 49 472 94000 262354702 0 2007220 11578107 0 1142 0 4879 4178636 52 0 13985 0
1791252392051822 21047727005 49 472 95047 265183779 0 2028868 11683691 0 1142 0 4881 4178722 52 0 13997 0
1791252392554415 21048229599 49 472 96149 267509889 0 2055816 11788317 0 1142 0 4881 4178814 52 0 14004 0
1791252393057162 21048732346 49 472 97154 269616614 0 2083914 11895607 0 1142 0 4882 4178908 52 0 14009 0
1791252393563286 21049238470 50 472 98198 271808507 0 2107632 12027185 0 1144 0 4883 4178998 52 0 14015 0
1791252394064278 21049739462 50 472 99317 273443589 0 2132184 12170293 0 1144 0 4883 4179092 52 0 14020 0
1791252394565972 21050241156 50 472 100486 275842099 0 2158674 12328867 0 1144 0 4885 4179189 52 0 14022 0
1791252395066288 21050741472 50 472 101405 278511619 0 2174430 12444846 0 1144 0 4885 4179274 52 0 14034 0
1791252395568649 21051243833 50 472 101504 278579381 0 2174496 12452350 0 1144 0 4885 4179367 52 0 14034 0
1791252396071738 21051746922 50 472 101583 278638016 0 2174496 12458772 0 1144 0 4885 4179462 52 0 14036 0
1791252396573186 21052248370 50 472 101662 278697846 0 2174496 12465292 0 1145 0 4885 4179560 52 0 14036 0
1791252397073525 21052748709 50 472 101741 278755173 0 2174496 12471714 0 1145 0 4885 4179655 52 0 14037 0
1791252397574200 21053249384 51 472 101821 278814546 0 2174496 12478234 0 1146 0 4885 4179749 52 0 14038 0
1791252398075185 21053750369 51 472 101900 278884378 0 2174496 12484754 0 1146 0 4885 4179845 52 0 14039 0
1791252398578014 21054253197 51 472 101979 279131232 0 2174496 12491176 0 1146 0 4886 4179938 52 0 14043 0
1791252399080750 21054755933 51 472 102059 279192888 0 2174496 12497696 0 1146 0 4886 4180033 52 0 14044 0
1791252399581439 21055256623 51 472 102139 279261132 0 2174496 12504418 0 1146 0 4887 4180125 52 0 14047 0
1791252400083963 21055759147 51 472 102219 279315202 0 2174496 12510840 0 1147 0 4887 4180221 52 0 14047 0
1791252400587854 21056263038 51 472 102298 279510846 0 2174496 12517360 0 1147 0 4889 4180314 52 0 14049 0
1791252401093510 21056768694 52 472 102378 279571814 0 2174496 12523782 0 1147 0 4889 4180409 52 0 14051 0
1791252401594357 21057269541 52 472 102458 279782596 0 2174496 12530302 0 1147 0 4889 4180502 52 0 14053 0
1791252402096929 21057772113 52 472 102537 279834711 0 2174496 12536822 0 1147 0 4889 4180601 52 0 14055 0
1791252402597320 21058272504 53 472 102616 279893314 0 2174496 12543244 0 1147 0 4890 4180698 52 0 14056 0
1791252403056704 21058731888 53 472 102688 279946135 0 2174496 12549164 0 1147 0 4891 4180778 52 0 14060 0
