0 1791230243077525 24302
1 1791230243100360 26437
2 1791230243121926 26581
3 1791230243140146 23693
4 1791230243163338 29313
5 1791230243180246 22187
6 1791230243202372 27061
7 1791230243223547 26945
8 1791230243240296 22003
9 1791230243258369 24416
10 1791230243280077 21703
11 1791230243304447 30176
12 1791230243321275 23917
13 1791230243341157 27617
14 1791230243359623 21974
15 1791230243386474 26847
16 1791230243402208 21698
17 1791230243417175 23649
18 1791230243440414 23348
19 1791230243459384 24301
20 1791230243480566 24794
21 1791230243501208 25669
22 1791230243521313 25902
23 1791230243538566 20977
24 1791230243555258 21845
25 1791230243577797 23639
26 1791230243600096 22296
27 1791230243620038 24824
28 1791230243640295 24879
29 1791230243667427 27130
30 1791230243681895 21389
31 1791230243701765 26406
32 1791230243720475 24457
33 1791230243741178 26197
34 1791230243761127 24205
35 1791230243780748 24793
36 1791230243801768 27366
37 1791230243816614 22266
38 1791230243839890 24943
39 1791230243860526 26513
40 1791230243882932 23988
41 1791230243900943 24996
42 1791230243920148 23120
43 1791230243935223 20765
44 1791230243960220 25719
45 1791230243979721 21164
46 1791230244000519 26221
47 1791230244021493 24908
48 1791230244048906 33471
49 1791230244060138 26073
50 1791230244080727 25360
51 1791230244095936 20582
52 1791230244120294 24484
53 1791230244138826 21852
54 1791230244159426 23034
55 1791230244178765 24845
56 1791230244200620 21852
57 1791230244225489 24864
58 1791230244237708 23883
59 1791230244260036 22387
60 1791230244282517 22477
61 1791230244299581 24837
62 1791230244322634 23048
63 1791230244342096 27810
64 1791230244366131 28976
65 1791230244380886 21934
66 1791230244400569 24271
67 1791230244419712 24661
68 1791230244439808 25848
69 1791230244462809 22997
70 1791230244480425 22026
71 1791230244500456 23943
72 1791230244521796 26284
73 1791230244538708 24542
74 1791230244565191 26480
75 1791230244581848 22540
76 1791230244601557 27247
77 1791230244620337 25285
78 1791230244640173 26115
79 1791230244659832 25123
80 1791230244682068 22233
81 1791230244701341 23117
82 1791230244716604 22013
83 1791230244739928 23480
84 1791230244761900 26657
85 1791230244780933 24341
86 1791230244795696 21659
87 1791230244820856 25156
88 1791230244840597 24869
89 1791230244859581 23806
90 1791230244879870 24123
91 1791230244907343 27469
92 1791230244922033 21551
93 1791230244940945 26669
94 1791230244958395 21054
95 1791230244982791 24464
96 1791230245001368 27159
97 1791230245020234 25539
98 1791230245036696 22918
99 1791230245060566 23867
100 1791230245080664 25212
101 1791230245103821 23154
102 1791230245120623 25100
103 1791230245140757 25718
104 1791230245158752 23348
105 1791230245184943 26186
106 1791230245201037 22558
107 1791230245221737 27235
108 1791230245243442 21701
109 1791230245265047 26565
110 1791230245280287 21585
111 1791230245299691 25221
112 1791230245321520 21826
113 1791230245339510 25102
114 1791230245362182 22668
115 1791230245377457 22996
116 1791230245411425 33965
117 1791230245421894 21763
118 1791230245440669 25370
119 1791230245460212 24229
120 1791230245481184 24281
121 1791230245498608 23095
122 1791230245521370 22759
123 1791230245540100 25898
124 1791230245560311 26509
125 1791230245581531 25168
126 1791230245596466 21671
127 1791230245627035 30699
128 1791230245640741 21520
129 1791230245655997 20840
130 1791230245679948 24110
131 1791230245699985 25400
132 1791230245720514 24132
133 1791230245740489 24971
134 1791230245759667 24730
135 1791230245780525 25905
136 1791230245796711 22706
137 1791230245820394 23681
138 1791230245841538 25719
139 1791230245860739 26543
140 1791230245878414 21626
141 1791230245900628 22210
142 1791230245929391 35850
143 1791230245941626 25298
144 1791230245960521 24939
145 1791230245981479 24984
146 1791230246002153 25542
147 1791230246021574 25911
148 1791230246038339 24003
149 1791230246061553 26742
150 1791230246080408 25631
151 1791230246096382 21831
152 1791230246122631 26245
153 1791230246141364 25181
154 1791230246159692 24101
155 1791230246184024 29954
156 1791230246200415 21932
157 1791230246221305 26351
158 1791230246242255 25558
159 1791230246258829 22240
160 1791230246279257 25434
161 1791230246302650 28138
162 1791230246321476 28008
163 1791230246340655 26603
164 1791230246358665 23772
165 1791230246382361 23769
166 1791230246400289 23459
167 1791230246417403 22880
168 1791230246454538 37131
169 1791230246468658 28339
170 1791230246479343 24803
171 1791230246502283 27326
172 1791230246522854 28171
173 1791230246541503 25048
174 1791230246561482 24270
175 1791230246581416 24778
176 1791230246601258 24100
177 1791230246618543 22521
178 1791230246639933 24839
179 1791230246660414 26797
180 1791230246679694 21528
181 1791230246699425 23397
182 1791230246724089 24721
183 1791230246744462 25882
184 1791230246757102 22592
185 1791230246778363 24238
186 1791230246803061 24694
187 1791230246821258 22855
188 1791230246841237 25295
189 1791230246859620 22620
190 1791230246874000 20444
191 1791230246900561 26833
192 1791230246921318 23958
193 1791230246940447 26435
194 1791230246962154 25587
195 1791230246981455 25249
196 1791230247000343 25522
197 1791230247020951 20604
198 1791230247042988 29389
199 1791230247060689 23489
200 1791230247080572 24266
201 1791230247099333 24324
202 1791230247121582 27117
203 1791230247136388 22177
204 1791230247160748 24358
205 1791230247181987 25211
206 1791230247200768 24658
207 1791230247231791 33085
208 1791230247247147 32405
209 1791230247270500 31058
210 1791230247290425 30600
211 1791230247304220 27663
212 1791230247339379 41974
213 1791230247358775 38980
214 1791230247364609 29925
215 1791230247389406 35302
216 1791230247404099 28228
217 1791230247443150 44541
218 1791230247454768 34080
219 1791230247478575 40928
220 1791230247490921 36149
221 1791230247512682 34964
222 1791230247530947 36414
223 1791230247554471 35883
224 1791230247563352 27281
225 1791230247595703 41229
226 1791230247606864 32195
227 1791230247631945 36237
228 1791230247650175 31538
229 1791230247676093 36618
230 1791230247698888 40196
231 1791230247720965 46511
232 1791230247738247 42352
233 1791230247750650 34984
234 1791230247770600 33597
235 1791230247789005 32705
236 1791230247810795 36659
237 1791230247833715 33313
238 1791230247856099 40753
239 1791230247868721 35131
240 1791230247890762 35000
241 1791230247912308 38396
242 1791230247931733 33898
243 1791230247967124 45801
244 1791230247980202 44503
245 1791230248002880 40817
246 1791230248010765 36387
247 1791230248027188 32310
248 1791230248056852 41007
249 1791230248070620 34522
250 1791230248097158 40302
251 1791230248117861 41434
252 1791230248142511 45347
253 1791230248160588 42721
254 1791230248174024 38385
255 1791230248192934 39334
256 1791230248216879 42851
257 1791230248238696 43770
258 1791230248262097 46102
259 1791230248280839 46380
260 1791230248302938 43580
261 1791230248321323 46650
262 1791230248335381 39237
263 1791230248352251 38157
264 1791230248381634 47569
265 1791230248405406 51857
266 1791230248423502 48846
267 1791230248440623 39335
268 1791230248464199 43811
269 1791230248484501 50598
270 1791230248498001 44212
271 1791230248522391 39966
272 1791230248544969 48669
273 1791230248560484 46077
274 1791230248575897 41478
275 1791230248603190 42702
276 1791230248630935 55740
277 1791230248642075 44373
278 1791230248662642 47939
279 1791230248691470 56540
280 1791230248711046 53954
281 1791230248730026 53382
282 1791230248748775 52314
283 1791230248767177 49782
284 1791230248791067 56175
285 1791230248810943 56518
286 1791230248837137 57740
287 1791230248850996 55348
288 1791230248871867 55684
289 1791230248891952 56635
290 1791230248918437 58742
291 1791230248937465 57264
292 1791230248953574 59157
293 1791230248971038 57277
294 1791230248992284 58197
295 1791230249013459 59881
296 1791230249040560 60346
297 1791230249052857 52685
298 1791230249074962 61498
299 1791230249103132 68637
300 1791230249118467 56341
301 1791230249133000 58036
302 1791230249162020 58883
303 1791230249178331 59863
304 1791230249198627 62150
305 1791230249210283 54322
306 1791230249231516 54934
307 1791230249253038 55829
308 1791230249280273 59840
309 1791230249303146 66389
310 1791230249328211 68596
311 1791230249331437 57473
312 1791230249352493 57232
313 1791230249375472 58845
314 1791230249400326 61140
315 1791230249416813 62680
316 1791230249454311 78835
317 1791230249471506 72486
318 1791230249486956 72992
319 1791230249505272 68171
320 1791230249522875 68615
321 1791230249538824 62569
322 1791230249559506 63519
323 1791230249581113 67309
324 1791230249603455 66371
325 1791230249621494 65584
326 1791230249635628 61590
327 1791230249663452 64745
328 1791230249689102 70094
329 1791230249700923 66668
330 1791230249722196 65648
331 1791230249751341 71489
332 1791230249767652 73020
333 1791230249786326 72067
334 1791230249838591 98641
335 1791230249840666 86649
336 1791230249869945 90443
337 1791230249887054 92339
338 1791230249897436 79815
339 1791230249915337 76743
340 1791230249931573 73556
341 1791230249956472 76148
342 1791230249971561 75303
343 1791230249990139 74800
344 1791230250018359 83681
345 1791230250052694 96218
346 1791230250061773 87904
347 1791230250083788 85289
348 1791230250102926 88993
349 1791230250124714 87551
350 1791230250146446 90213
351 1791230250164992 90820
352 1791230250187190 90670
353 1791230250220681 101234
354 1791230250233349 98955
355 1791230250262181 108288
356 1791230250278987 103773
357 1791230250299332 99589
358 1791230250315977 95293
359 1791230250336921 103570
360 1791230250363739 101554
361 1791230250378409 103878
362 1791230250398595 104129
363 1791230250412173 98249
364 1791230250433200 96884
365 1791230250461048 104280
366 1791230250482217 104641
367 1791230250504141 107992
368 1791230250536025 115174
369 1791230250560302 120222
370 1791230250570434 114041
371 1791230250582497 107498
372 1791230250619371 119481
373 1791230250632810 112328
374 1791230250648269 112241
375 1791230250674103 116936
376 1791230250690902 109567
377 1791230250712871 119111
378 1791230250740460 121085
379 1791230250759862 119657
380 1791230250776663 116607
381 1791230250806930 132824
382 1791230250811345 111728
383 1791230250824766 110645
384 1791230250858078 117613
385 1791230250874280 114414
386 1791230250903773 129645
387 1791230250919287 118869
388 1791230250937697 119171
389 1791230250942436 108533
390 1791230250969831 111740
391 1791230250985809 111526
392 1791230251015027 117708
393 1791230251035905 121022
394 1791230251058329 120630
395 1791230251071549 117803
396 1791230251090340 113601
397 1791230251114569 120440
398 1791230251131578 116548
399 1791230251154909 119001
400 1791230251170078 115401
401 1791230251191619 117205
402 1791230251202248 107735
403 1791230251224099 109657
404 1791230251251270 115998
405 1791230251269245 114332
406 1791230251301731 122188
407 1791230251312124 117917
408 1791230251331498 117321
409 1791230251350575 112778
410 1791230251362716 106912
411 1791230251388325 108808
412 1791230251411370 109636
413 1791230251421954 101224
414 1791230251440065 102363
415 1791230251450855 93246
416 1791230251471526 91615
417 1791230251490468 96862
418 1791230251505071 90469
419 1791230251520967 84434
420 1791230251539744 82688
421 1791230251561489 82942
422 1791230251585804 85906
423 1791230251601863 82767
424 1791230251621257 86947
425 1791230251624570 70539
426 1791230251659638 79910
427 1791230251663010 61145
428 1791230251680163 62930
429 1791230251701775 68056
430 1791230251731766 72304
431 1791230251739461 64616
432 1791230251767170 65961
433 1791230251786116 64388
434 1791230251792821 53356
435 1791230251809429 54781
436 1791230251824423 44392
437 1791230251841342 47213
438 1791230251870524 50359
439 1791230251885263 45181
440 1791230251907106 48453
441 1791230251923854 44897
442 1791230251936587 42676
443 1791230251950357 35815
444 1791230251980894 44650
445 1791230252000227 38250
446 1791230252025015 44117
447 1791230252032332 37693
448 1791230252067623 49918
449 1791230252083592 41447
450 1791230252091638 32504
451 1791230252104944 30586
452 1791230252133746 37501
453 1791230252149482 32003
454 1791230252162928 29175
455 1791230252203874 42652
456 1791230252230270 50789
457 1791230252230280 36198
458 1791230252262856 40991
459 1791230252284219 46499
460 1791230252288703 33475
461 1791230252321350 43177
462 1791230252325921 29712
463 1791230252355780 34424
464 1791230252362672 25934
465 1791230252384579 28797
466 1791230252406093 29084
467 1791230252418156 22645
468 1791230252440302 22137
469 1791230252455021 21495
470 1791230252481599 26569
471 1791230252500557 26356
472 1791230252522124 21907
473 1791230252540683 24190
474 1791230252559672 24727
475 1791230252582135 24569
476 1791230252595955 21634
477 1791230252620520 25748
478 1791230252639992 25528
479 1791230252662031 27461
480 1791230252679475 21458
481 1791230252695467 20821
482 1791230252718202 24610
483 1791230252740582 22375
484 1791230252761299 27293
485 1791230252778534 21503
486 1791230252803197 24659
487 1791230252820939 22597
488 1791230252839836 24390
489 1791230252862389 22550
490 1791230252882076 24028
491 1791230252901709 25831
492 1791230252919995 23440
493 1791230252938336 24372
494 1791230252959127 22726
495 1791230252974781 21224
496 1791230252995368 20584
497 1791230253020994 26592
498 1791230253039565 26137
499 1791230253060373 20805
500 1791230253078880 23555
501 1791230253099554 25096
502 1791230253121864 22357
503 1791230253138926 24899
504 1791230253162496 27692
505 1791230253180430 21383
506 1791230253201198 20814
507 1791230253221867 26610
508 1791230253239898 24764
509 1791230253265387 31139
510 1791230253278557 20651
511 1791230253301646 26015
512 1791230253320787 24419
513 1791230253339411 24147
514 1791230253360187 25955
515 1791230253376781 23013
516 1791230253400485 26209
517 1791230253420250 25321
518 1791230253440330 23670
519 1791230253462053 21720
520 1791230253480734 25475
521 1791230253499838 25655
522 1791230253519775 25644
523 1791230253542635 22906
524 1791230253561493 25864
525 1791230253579379 22260
526 1791230253595465 20957
527 1791230253616153 22159
528 1791230253642212 28555
529 1791230253667881 25666
530 1791230253678053 24573
531 1791230253704427 26503
532 1791230253722092 23522
533 1791230253742066 27139
534 1791230253760607 23330
535 1791230253781233 24747
536 1791230253802289 26366
537 1791230253820692 25350
538 1791230253840678 24666
539 1791230253862339 21658
540 1791230253878991 23661
541 1791230253903928 24935
542 1791230253920429 21735
543 1791230253939174 25003
544 1791230253958591 24991
545 1791230253977665 23056
546 1791230253995646 21651
547 1791230254019200 23551
548 1791230254038080 22659
549 1791230254061688 24552
550 1791230254081776 27480
551 1791230254099378 22535
552 1791230254123499 24117
553 1791230254145110 27091
554 1791230254161715 22953
555 1791230254176033 21859
556 1791230254199461 24799
557 1791230254220686 23597
558 1791230254242721 22031
559 1791230254260219 24243
560 1791230254288367 28145
561 1791230254308338 27920
562 1791230254319983 25686
563 1791230254340041 26534
564 1791230254358405 23833
565 1791230254378980 20642
566 1791230254395287 21417
# sent 567 received 567
