% time     seconds  usecs/call     calls    errors syscall
------ ----------- ----------- --------- --------- ----------------
 28.27    0.075200         219       342           wait4
 19.06    0.050690          16      3075           read
 18.22    0.048454          17      2790           poll
 13.06    0.034746         203       171           fork
  3.27    0.008686           8      1026           rt_sigprocmask
  2.47    0.006565           7       855           close
  2.11    0.005607           6       912           mmap2
  1.92    0.005120           9       513           fcntl64
  1.69    0.004496           8       513           mprotect
  1.53    0.004081          11       342           dup2
  1.42    0.003788           7       513       171 open
  1.39    0.003706          21       171           execve
  1.30    0.003470          20       171           sigreturn
  0.80    0.002129           4       513       171 statx
  0.63    0.001684          14       114           sendfile64
  0.50    0.001326           3       342           brk
  0.50    0.001322          23        57           pipe
  0.39    0.001028           6       171           prctl
  0.31    0.000835           2       342           set_tid_address
  0.29    0.000759           4       171           set_thread_area
  0.28    0.000751           4       171       171 ioctl
  0.25    0.000654           1       342           rt_sigaction
  0.19    0.000498           8        57           writev
  0.15    0.000393           7        56           nanosleep
------ ----------- ----------- --------- --------- ----------------
100.00    0.265988          19     13730       513 total
