22652.58 0 0 0
22657.58 1 960 48
22662.59 1 960 48
22667.59 1 960 48
22672.59 1 960 48
22677.60 1 960 48
22682.60 1 960 48
22687.60 1 960 48
22692.61 1 960 48
22697.61 1 960 48
22702.62 1 960 48
22707.62 1 960 48
22712.62 1 960 48
22717.63 1 960 48
22722.64 1 960 48
22727.64 1 960 48
22732.65 1 960 48
22737.66 1 960 48
22742.67 1 960 48
22747.67 1 960 48
22752.68 1 960 48
22757.69 1 960 48
22762.70 1 960 48
22767.71 1 960 48
22772.72 1 960 48
22777.72 1 960 48
22782.73 1 960 48
22787.74 1 960 48
22792.75 1 960 48
22797.77 1 960 48
22802.78 1 960 48
22807.79 1 960 48
22812.81 1 960 48
22817.81 1 960 48
22822.82 1 960 48
22827.83 1 960 48
22832.84 1 960 48
22837.86 1 960 48
22842.89 1 960 48
22847.89 1 960 48
22852.89 1 960 48
22857.90 1 960 48
22862.90 1 960 48
22867.91 1 960 48
22872.91 1 960 48
22877.91 1 960 48
22882.92 1 960 48
22887.93 1 960 48
22892.93 1 960 48
22897.94 1 960 48
22902.94 1 960 48
22907.95 1 960 48
22912.95 1 960 48
22917.96 1 960 48
22922.96 1 960 48
22927.96 1 960 48
22932.97 1 960 48
22937.97 1 960 48
