0 1791229642584034 20882
1 1791229642611675 27613
2 1791229642629614 24016
3 1791229642653996 28785
4 1791229642674330 26287
5 1791229642689175 23514
6 1791229642710550 26783
7 1791229642729286 23732
8 1791229642751886 22597
9 1791229642768028 24409
10 1791229642789022 20992
11 1791229642809816 24619
12 1791229642830260 26137
13 1791229642850237 23956
14 1791229642870603 26513
15 1791229642891165 21133
16 1791229642910139 24213
17 1791229642929384 25507
18 1791229642960827 31441
19 1791229642972612 28033
20 1791229642993600 28739
21 1791229643020221 26616
22 1791229643033293 23379
23 1791229643049024 24669
24 1791229643069213 25696
25 1791229643096749 27532
26 1791229643117910 27827
27 1791229643132161 21887
28 1791229643148860 23432
29 1791229643170975 22112
30 1791229643189798 24614
31 1791229643209879 24758
32 1791229643231705 21822
33 1791229643251653 23938
34 1791229643266533 22454
35 1791229643296640 30101
36 1791229643311890 22117
37 1791229643330469 26413
38 1791229643358007 30798
39 1791229643374309 26168
40 1791229643392856 26789
41 1791229643419191 33771
42 1791229643431732 23454
43 1791229643452315 28617
44 1791229643469315 22141
45 1791229643492520 23203
46 1791229643509981 26112
47 1791229643539998 30014
48 1791229643552450 27652
49 1791229643571299 22898
50 1791229643588196 23938
51 1791229643611280 23079
52 1791229643629995 23733
53 1791229643655984 25986
54 1791229643671491 21713
55 1791229643690475 21559
56 1791229643708432 23039
57 1791229643729958 26218
58 1791229643751853 21892
59 1791229643771074 26046
60 1791229643791619 25146
61 1791229643809679 24323
62 1791229643840155 30471
63 1791229643850773 26445
64 1791229643866593 21022
65 1791229643887338 20742
66 1791229643908638 24856
67 1791229643928158 24581
68 1791229643953349 25187
69 1791229643968992 25499
70 1791229643992602 26868
71 1791229644011097 26490
72 1791229644031168 22719
73 1791229644047705 23031
74 1791229644065248 21134
75 1791229644085993 20742
76 1791229644113432 27434
77 1791229644129179 24986
78 1791229644150802 21668
79 1791229644171436 26366
80 1791229644191933 25868
81 1791229644208698 24302
82 1791229644230307 25128
83 1791229644248981 24652
84 1791229644272346 23362
85 1791229644288894 24522
86 1791229644309683 24807
87 1791229644333731 24044
88 1791229644350256 21380
89 1791229644371011 20997
90 1791229644389593 25464
91 1791229644410610 21062
92 1791229644431383 26568
93 1791229644450732 22497
94 1791229644468557 24776
95 1791229644491665 27187
96 1791229644509815 23493
97 1791229644530932 26873
98 1791229644551847 23701
99 1791229644576858 27015
100 1791229644588753 24186
101 1791229644610852 25828
102 1791229644629846 23964
103 1791229644649044 24582
104 1791229644670815 23833
105 1791229644692744 23623
106 1791229644711652 26741
107 1791229644729418 24336
108 1791229644750835 21488
109 1791229644775248 29707
110 1791229644790076 25813
111 1791229644812517 22438
112 1791229644828651 22809
113 1791229644847469 21823
114 1791229644869751 25373
115 1791229644890049 26148
116 1791229644913603 23551
117 1791229644931456 22756
118 1791229644949967 24586
119 1791229644971500 21530
120 1791229644997415 27384
121 1791229645012692 22920
122 1791229645033636 28288
123 1791229645050968 25814
124 1791229645071137 24844
125 1791229645088483 23929
126 1791229645110210 23840
127 1791229645139494 29345
128 1791229645151340 27951
129 1791229645170779 27147
130 1791229645191468 27209
131 1791229645210559 25783
132 1791229645229334 25757
133 1791229645249748 25180
134 1791229645268933 22136
135 1791229645289286 24779
136 1791229645309943 25062
137 1791229645328853 24959
138 1791229645351043 24065
139 1791229645368075 22370
140 1791229645390054 22129
141 1791229645412327 27999
142 1791229645428617 22158
143 1791229645450614 25487
144 1791229645465578 21856
145 1791229645490622 25034
146 1791229645510312 23859
147 1791229645526035 22131
148 1791229645550688 24744
149 1791229645571983 26342
150 1791229645588173 23491
151 1791229645608043 22909
152 1791229645631905 23857
153 1791229645650597 25488
154 1791229645675065 26775
155 1791229645689965 26026
156 1791229645718029 28061
157 1791229645730159 25463
158 1791229645750853 25236
159 1791229645772369 27694
160 1791229645792443 26065
161 1791229645812334 27425
162 1791229645831768 27740
163 1791229645850136 24463
164 1791229645870098 24464
165 1791229645890613 24820
166 1791229645910009 25130
167 1791229645926627 22733
168 1791229645954298 27667
169 1791229645972056 27388
170 1791229645991202 26815
171 1791229646005076 20856
172 1791229646031811 26859
173 1791229646048993 22777
174 1791229646070509 21513
175 1791229646096180 26416
176 1791229646109678 20789
177 1791229646130804 25763
178 1791229646151636 24588
179 1791229646165652 20620
180 1791229646189760 24366
181 1791229646210266 26213
182 1791229646229209 23330
183 1791229646251983 22913
184 1791229646272534 22430
185 1791229646292216 25966
186 1791229646307992 23870
187 1791229646331843 23846
188 1791229646351144 24798
189 1791229646371029 25421
190 1791229646391492 25802
191 1791229646409214 23320
192 1791229646429647 25038
193 1791229646446052 20709
194 1791229646469087 25301
195 1791229646489868 23320
196 1791229646510715 20835
197 1791229646539362 28947
198 1791229646552886 28691
199 1791229646572221 25181
200 1791229646590154 24192
201 1791229646605322 20552
202 1791229646632129 27192
203 1791229646658854 31439
204 1791229646673798 22103
205 1791229646693747 24677
206 1791229646712162 27210
207 1791229646731047 27068
208 1791229646762654 36977
209 1791229646773684 28018
210 1791229646794339 29730
211 1791229646825943 38770
212 1791229646831591 26092
213 1791229646860748 34802
214 1791229646871868 27006
215 1791229646900625 35681
216 1791229646918947 33280
217 1791229646942818 37382
218 1791229646963631 34645
219 1791229646978680 32117
220 1791229646993982 30347
221 1791229647020952 31487
222 1791229647038883 34288
223 1791229647061228 35905
224 1791229647080075 35523
225 1791229647108948 38316
226 1791229647114415 29221
227 1791229647138896 35467
228 1791229647162244 32146
229 1791229647174214 29774
230 1791229647192357 28362
231 1791229647232458 46516
232 1791229647238817 31626
233 1791229647268557 37833
234 1791229647287281 37920
235 1791229647300361 36477
236 1791229647316139 30696
237 1791229647346706 43020
238 1791229647357159 32356
239 1791229647383608 36899
240 1791229647406436 40958
241 1791229647428765 45152
242 1791229647446916 40476
243 1791229647459885 35502
244 1791229647480376 33621
245 1791229647502842 32470
246 1791229647525174 37160
247 1791229647549510 39730
248 1791229647563825 39569
249 1791229647582483 36815
250 1791229647599535 35706
251 1791229647621485 36850
252 1791229647642811 38663
253 1791229647680613 50357
254 1791229647692634 42397
255 1791229647712383 41373
256 1791229647728878 45093
257 1791229647750110 44389
258 1791229647762595 38403
259 1791229647786417 40461
260 1791229647803105 38977
261 1791229647827638 42842
262 1791229647859204 48990
263 1791229647866465 40415
264 1791229647892566 43321
265 1791229647909514 45875
266 1791229647937124 46841
267 1791229647950796 41277
268 1791229647981642 53177
269 1791229647991331 47058
270 1791229648014149 49175
271 1791229648032300 44551
272 1791229648055411 51692
273 1791229648082927 55487
274 1791229648109480 65705
275 1791229648113933 50218
276 1791229648142491 57581
277 1791229648162453 52970
278 1791229648190320 61065
279 1791229648200598 52709
280 1791229648219233 54024
281 1791229648234935 49360
282 1791229648256119 52158
283 1791229648279686 54328
284 1791229648313043 63089
285 1791229648335815 66434
286 1791229648359420 65949
287 1791229648364498 60196
288 1791229648386508 56503
289 1791229648399036 54430
290 1791229648420942 56441
291 1791229648443078 56588
292 1791229648468027 63883
293 1791229648505629 80305
294 1791229648520374 71266
295 1791229648538724 72218
296 1791229648578851 91472
297 1791229648589196 83564
298 1791229648605231 72641
299 1791229648623261 74255
300 1791229648637828 73188
301 1791229648659281 70082
302 1791229648680985 76681
303 1791229648693619 70356
304 1791229648730545 79941
305 1791229648744472 73254
306 1791229648762668 75022
307 1791229648780724 76987
308 1791229648810731 84588
309 1791229648826273 82409
310 1791229648850083 84778
311 1791229648864064 79485
312 1791229648896514 86544
313 1791229648915747 90229
314 1791229648937712 92263
315 1791229648960608 96541
316 1791229648972391 84048
317 1791229649001713 90740
318 1791229649012648 82392
319 1791229649043614 94074
320 1791229649060765 96220
321 1791229649081172 96370
322 1791229649108356 103256
323 1791229649120750 95109
324 1791229649137180 93564
325 1791229649164894 97665
326 1791229649182551 95138
327 1791229649202069 98243
328 1791229649221329 97368
329 1791229649243630 100214
330 1791229649269467 104569
331 1791229649282607 96003
332 1791229649307611 98017
333 1791229649321107 97153
334 1791229649349323 105690
335 1791229649360587 93101
336 1791229649393651 104654
337 1791229649401986 94822
338 1791229649431674 102505
339 1791229649449854 100796
340 1791229649475885 111250
341 1791229649489637 99440
342 1791229649503657 97466
343 1791229649523214 99222
344 1791229649546596 101268
345 1791229649577159 105515
346 1791229649592698 103502
347 1791229649608414 104754
348 1791229649632242 109026
349 1791229649647294 101367
350 1791229649674962 109604
351 1791229649696255 112712
352 1791229649723178 114746
353 1791229649740395 112483
354 1791229649770048 125549
355 1791229649783060 118786
356 1791229649796025 105149
357 1791229649817604 110619
358 1791229649833092 109911
359 1791229649868947 122057
360 1791229649887695 120299
361 1791229649900088 115539
362 1791229649926544 116244
363 1791229649942637 115690
364 1791229649963103 114538
365 1791229649988189 119234
366 1791229650005303 117602
367 1791229650014977 108369
368 1791229650038902 114459
369 1791229650065533 120976
370 1791229650084972 120304
371 1791229650098055 112387
372 1791229650122570 117265
373 1791229650151961 126449
374 1791229650164789 120391
375 1791229650184420 120586
376 1791229650198655 113679
377 1791229650218308 112673
378 1791229650253591 123627
379 1791229650261517 114748
380 1791229650279568 114776
381 1791229650293374 108951
382 1791229650318842 114977
383 1791229650330758 106700
384 1791229650359789 106192
385 1791229650371579 104910
386 1791229650382112 91825
387 1791229650390832 87075
388 1791229650416731 88673
389 1791229650439677 89793
390 1791229650448440 83272
391 1791229650470889 85148
392 1791229650489962 83473
393 1791229650512270 80892
394 1791229650528098 83593
395 1791229650548467 81361
396 1791229650555226 70306
397 1791229650582710 73171
398 1791229650594382 66860
399 1791229650623836 75366
400 1791229650640002 75623
401 1791229650661336 74372
402 1791229650679393 70131
403 1791229650689188 65347
404 1791229650711686 66087
405 1791229650728228 63479
406 1791229650744912 55720
407 1791229650761553 57803
408 1791229650784237 56006
409 1791229650794728 49812
410 1791229650815227 50411
411 1791229650832368 48129
412 1791229650861172 52584
413 1791229650879541 53703
414 1791229650896333 52088
415 1791229650921571 57507
416 1791229650934616 45444
417 1791229650951334 46845
418 1791229650966365 42125
419 1791229650993267 48478
420 1791229651016581 50214
421 1791229651034089 44710
422 1791229651052649 43381
423 1791229651070023 45431
424 1791229651088041 38027
425 1791229651116574 47590
426 1791229651130674 44892
427 1791229651149645 39155
428 1791229651171624 41757
429 1791229651184779 40950
430 1791229651208145 41018
431 1791229651221119 36337
432 1791229651248273 44291
433 1791229651278127 48151
434 1791229651301342 53066
435 1791229651312099 42159
436 1791229651332819 40441
437 1791229651346659 42543
438 1791229651366487 40769
439 1791229651396922 50254
440 1791229651412279 46782
441 1791229651432114 43027
442 1791229651465357 55073
443 1791229651487678 60871
444 1791229651487684 43210
445 1791229651518338 53947
446 1791229651541699 54828
447 1791229651556930 50033
448 1791229651572137 47550
449 1791229651596353 52463
450 1791229651615904 50267
451 1791229651639500 54706
452 1791229651660722 56734
453 1791229651684638 56315
454 1791229651712283 67629
455 1791229651728801 64038
456 1791229651746289 61648
457 1791229651759198 53292
458 1791229651765315 38168
459 1791229651797473 51621
460 1791229651804179 40927
461 1791229651840870 54505
462 1791229651849365 45173
463 1791229651865405 41930
464 1791229651885524 40798
465 1791229651901752 36341
466 1791229651924886 39358
467 1791229651935261 23904
468 1791229651949519 25128
469 1791229651971383 26500
470 1791229651990762 23823
471 1791229652010681 27203
472 1791229652032736 26714
473 1791229652057160 27967
474 1791229652072178 22333
475 1791229652096700 30483
476 1791229652115309 25666
477 1791229652139257 30081
478 1791229652150742 27080
479 1791229652170696 24044
480 1791229652188507 21217
481 1791229652211851 23335
482 1791229652229688 24965
483 1791229652250681 26641
484 1791229652271637 25784
485 1791229652292680 24143
486 1791229652310725 25819
487 1791229652336028 25300
488 1791229652350077 23516
489 1791229652371039 24022
490 1791229652389443 22597
491 1791229652419582 30271
492 1791229652433650 29743
493 1791229652451174 23414
494 1791229652468973 24848
495 1791229652492242 27939
496 1791229652509196 24242
497 1791229652532408 23268
498 1791229652549777 25984
499 1791229652577727 27935
500 1791229652589866 25220
501 1791229652610932 24758
502 1791229652630866 25976
503 1791229652652045 21172
504 1791229652676528 30485
505 1791229652694452 26182
506 1791229652710236 22546
507 1791229652728178 23953
508 1791229652755496 31828
509 1791229652773255 25104
510 1791229652792113 28212
511 1791229652808792 23993
512 1791229652830758 21956
513 1791229652856754 32004
514 1791229652886909 30146
515 1791229652900670 29736
516 1791229652933593 46682
517 1791229652966839 33240
518 1791229652966878 33239
519 1791229652980968 25324
520 1791229652991381 25592
521 1791229653007688 23011
522 1791229653032949 25254
523 1791229653048026 23913
# sent 524 received 524
