# hz=100 page_bytes=4096 possible_cpus=2
# program_id=92 jit_bytes=8483 xlated_bytes=4776
# pos:	0
# flags:	02000002
# mnt_id:	10
# ino:	26
# prog_type:	1
# prog_jited:	1
# prog_tag:	1a92932acb008231
# memlock:	8192
# prog_id:	92
# run_time_ns:	0
# run_cnt:	0
# recursion_misses:	0
# verified_insns:	199283
# map=counters type=6 key=4 value=32 max_entries=1
# pos:	0
# flags:	02000002
# mnt_id:	10
# ino:	26
# map_type:	6
# key_size:	4
# value_size:	32
# max_entries:	1
# map_flags:	0x0
# map_extra:	0x0
# memlock:	268
# map_id:	130
# frozen:	0
# map=accounting type=2 key=4 value=24 max_entries=1
# pos:	0
# flags:	02000002
# mnt_id:	10
# ino:	26
# map_type:	2
# key_size:	4
# value_size:	24
# max_entries:	1
# map_flags:	0x0
# map_extra:	0x0
# memlock:	224
# map_id:	131
# frozen:	0
# map=flows type=9 key=36 value=32 max_entries=1024
# pos:	0
# flags:	02000002
# mnt_id:	10
# ino:	26
# map_type:	9
# key_size:	36
# value_size:	32
# max_entries:	1024
# map_flags:	0x0
# map_extra:	0x0
# memlock:	107456
# map_id:	128
# frozen:	0
# map=departures type=9 key=40 value=8 max_entries=8192
# pos:	0
# flags:	02000002
# mnt_id:	10
# ino:	26
# map_type:	9
# key_size:	40
# value_size:	8
# max_entries:	8192
# map_flags:	0x0
# map_extra:	0x0
# memlock:	656320
# map_id:	127
# frozen:	0
# map=samples type=27 key=0 value=0 max_entries=262144
# pos:	0
# flags:	02000002
# mnt_id:	10
# ino:	26
# map_type:	27
# key_size:	0
# value_size:	0
# max_entries:	262144
# map_flags:	0x0
# map_extra:	0x0
# memlock:	275148
# map_id:	129
# frozen:	0
realtime_us monotonic_us daemon_ticks rss_pages runs runtime_ns ring_full ack_bytes upload_bytes unaccounted host_user host_nice host_system host_idle host_iowait host_irq host_softirq host_steal
1791255439975293 24095650477 25 473 0 0 0 0 2816 0 1634 0 6808 4774275 57 0 21843 0
1791255440475806 24096150989 25 473 78 109389 0 0 10536 0 1634 0 6808 4774372 57 0 21843 0
1791255440978116 24096653300 25 473 159 206576 0 0 18360 0 1634 0 6808 4774464 57 0 21847 0
1791255441479574 24097154758 25 473 239 315145 0 0 26080 0 1635 0 6808 4774560 57 0 21847 0
1791255441981226 24097656410 25 473 318 422203 0 0 33800 0 1635 0 6808 4774648 57 0 21851 0
1791255442484021 24098159204 25 473 398 514243 0 0 41392 0 1636 0 6809 4774745 57 0 21853 0
1791255442984931 24098660115 25 473 478 601582 0 0 49112 0 1636 0 6809 4774841 57 0 21854 0
1791255443486227 24099161411 25 473 557 691064 0 0 56832 0 1636 0 6809 4774939 57 0 21856 0
1791255443987222 24099662406 25 473 636 789061 0 0 64424 0 1636 0 6809 4775036 57 0 21857 0
1791255444493693 24100168876 25 473 717 892216 0 0 72228 0 1636 0 6810 4775131 57 0 21858 0
1791255444995088 24100670271 26 473 797 1282270 0 0 79948 0 1637 0 6810 4775224 57 0 21862 0
1791255445495779 24101170963 26 473 876 1372122 0 0 87540 0 1637 0 6811 4775319 57 0 21863 0
1791255445996665 24101671848 26 473 955 1471748 0 0 95260 0 1638 0 6811 4775412 57 0 21865 0
1791255446499894 24102175077 26 473 1035 1837548 0 0 103084 0 1638 0 6811 4775510 57 0 21866 0
1791255447001839 24102677023 26 473 1114 1956659 0 0 110804 0 1639 0 6811 4775604 57 0 21867 0
1791255447502544 24103177727 26 473 1194 2042094 0 0 118524 0 1639 0 6812 4775701 57 0 21868 0
1791255448004412 24103679595 26 473 1274 2138979 0 0 126220 0 1639 0 6812 4775796 57 0 21870 0
1791255448505367 24104180550 27 473 1492 2717731 0 576 240198 0 1639 0 6812 4775895 57 0 21870 0
1791255449005895 24104681078 27 473 1716 3816450 0 576 392926 0 1639 0 6812 4775989 57 0 21876 0
1791255449506693 24105181877 27 473 1953 5161411 0 576 562766 0 1639 0 6812 4776081 57 0 21881 0
1791255450009430 24105684613 27 473 2186 6177542 0 576 734022 0 1639 0 6812 4776177 57 0 21883 0
1791255450512808 24106187992 27 473 2416 6758792 0 576 896142 0 1639 0 6812 4776271 57 0 21888 0
1791255451013782 24106688966 27 473 2631 7910678 0 576 1030342 0 1640 0 6812 4776367 57 0 21889 0
1791255451516662 24107191846 27 473 2826 8449490 0 576 1152318 0 1640 0 6812 4776464 57 0 21893 0
1791255452019250 24107694434 28 473 3036 8973949 0 576 1288062 0 1640 0 6812 4776560 57 0 21897 0
1791255452522507 24108197690 28 473 3258 9489385 0 576 1439606 0 1640 0 6814 4776654 57 0 21900 0
1791255453023330 24108698514 28 473 3488 10579488 0 576 1604814 0 1640 0 6814 4776750 57 0 21901 0
1791255453524184 24109199368 28 473 3724 11151202 0 576 1782246 0 1641 0 6814 4776845 57 0 21903 0
1791255454026514 24109701698 28 473 3952 12036784 0 576 1938190 0 1642 0 6815 4776939 57 0 21906 0
1791255454527799 24110202983 28 473 4161 12394096 0 576 2069302 0 1643 0 6816 4777030 57 0 21909 0
1791255455030787 24110705970 28 473 4364 12846988 0 576 2203630 0 1644 0 6817 4777124 57 0 21909 0
1791255455531487 24111206670 28 473 4576 13682841 0 576 2348766 0 1644 0 6817 4777220 57 0 21910 0
1791255456034075 24111709259 29 473 4805 14184329 0 576 2510758 0 1644 0 6818 4777313 57 0 21914 0
1791255456535796 24112210980 29 473 5044 14814733 0 576 2688318 0 1644 0 6819 4777409 57 0 21918 0
1791255457038347 24112713531 29 473 5271 15681129 0 576 2859574 0 1644 0 6819 4777502 57 0 21920 0
1791255457542898 24113218081 29 473 5482 16575988 0 576 2987726 0 1644 0 6819 4777596 57 0 21925 0
1791255458045021 24113720205 29 473 5667 17136877 0 576 3096038 0 1644 0 6819 4777692 57 0 21926 0
1791255458545442 24114220626 29 473 5856 17569433 0 576 3214566 0 1644 0 6821 4777786 57 0 21928 0
1791255459046242 24114721425 29 473 6062 18124226 0 576 3347454 0 1644 0 6821 4777884 57 0 21928 0
1791255459551915 24115227099 29 473 6283 19035221 0 576 3494134 0 1644 0 6821 4777981 57 0 21930 0
1791255460053911 24115729095 29 473 6512 19693310 0 576 3654710 0 1644 0 6821 4778077 57 0 21931 0
1791255460556215 24116231399 29 473 6750 20674237 0 576 3832142 0 1644 0 6821 4778173 57 0 21935 0
1791255461057553 24116732736 30 473 6982 22203895 0 576 3994390 0 1644 0 6822 4778271 57 0 21936 0
1791255461559256 24117234440 30 473 7199 23167435 0 576 4130262 0 1644 0 6823 4778364 57 0 21938 0
1791255462063247 24117738430 30 473 7396 23981410 0 576 4258518 0 1644 0 6823 4778461 57 0 21939 0
1791255462563980 24118239163 30 473 7605 24607761 0 576 4399022 0 1645 0 6823 4778555 57 0 21941 0
1791255463069172 24118744356 30 473 7829 25826138 0 576 4554966 0 1646 0 6823 4778652 57 0 21942 0
1791255463571182 24119246366 30 473 7966 26206347 0 864 4600700 0 1646 0 6823 4778745 57 0 21944 0
1791255464073965 24119749149 30 473 8047 26317156 0 864 4608420 0 1646 0 6824 4778840 57 0 21944 0
1791255464575226 24120250409 30 473 8125 26406733 0 864 4616140 0 1646 0 6824 4778932 57 0 21945 0
1791255465075542 24120750726 31 473 8204 26489510 0 864 4623732 0 1646 0 6824 4779026 57 0 21946 0
1791255465583266 24121258450 31 473 8285 26577746 0 864 4631452 0 1646 0 6824 4779122 57 0 21947 0
1791255466083901 24121759085 31 473 8365 26677714 0 864 4639404 0 1646 0 6824 4779217 57 0 21948 0
1791255466584377 24122259561 31 473 8843 27592148 0 20964 4668616 0 1646 0 6824 4779310 57 0 21954 0
1791255467084720 24122759904 31 473 9808 30431253 0 52404 4707648 0 1646 0 6826 4779401 57 0 21960 0
1791255467585299 24123260482 31 473 10745 33219893 0 81396 4744360 0 1646 0 6826 4779496 57 0 21967 0
1791255468092806 24123767989 31 473 11632 35828731 0 107936 4778620 0 1646 0 6826 4779584 57 0 21977 0
1791255468593274 24124268458 31 473 12716 38851455 0 152688 4830964 0 1646 0 6827 4779678 57 0 21981 0
1791255469094796 24124769980 31 473 13813 40988310 0 202424 4888292 0 1646 0 6827 4779769 57 0 21988 0
1791255469595654 24125270837 32 473 14972 43310902 0 251480 4945068 0 1646 0 6827 4779864 57 0 21993 0
1791255470098076 24125773259 32 473 16059 46242275 0 292272 4993580 0 1646 0 6827 4779959 57 0 21997 0
1791255470598430 24126273614 32 473 17148 48508884 0 333084 5042216 0 1646 0 6828 4780050 57 0 22004 0
1791255471101528 24126776712 33 473 18206 51348561 0 372600 5089452 0 1646 0 6829 4780140 57 0 22013 0
1791255471603353 24127278537 33 473 19217 53245132 0 410328 5134772 0 1646 0 6830 4780227 57 0 22021 0
1791255472108733 24127783917 33 473 20288 55008767 0 448824 5180988 0 1646 0 6831 4780320 57 0 22028 0
1791255472609926 24128285110 33 473 21446 57704813 0 498432 5238188 0 1646 0 6832 4780409 57 0 22037 0
1791255473111811 24128786994 33 473 22430 60398974 0 532680 5280156 0 1647 0 6833 4780502 57 0 22041 0
1791255473613838 24129289022 33 473 23368 63217677 0 565956 5321152 0 1647 0 6835 4780589 57 0 22052 0
1791255474116048 24129791232 33 473 24312 64719802 0 596712 5359500 0 1647 0 6838 4780681 57 0 22058 0
1791255474619560 24130294744 33 473 25278 67641764 0 628440 5398948 0 1647 0 6838 4780773 57 0 22067 0
1791255475121745 24130796929 33 473 26317 70372065 0 664176 5442508 0 1648 0 6839 4780859 57 0 22079 0
1791255475623319 24131298503 33 473 27325 72496324 0 699888 5485708 0 1648 0 6840 4780947 57 0 22088 0
1791255476127564 24131802747 34 473 28330 75269270 0 733116 5526888 0 1648 0 6840 4781041 57 0 22095 0
1791255476634224 24132309407 34 473 29340 79209771 0 767556 5568920 0 1648 0 6840 4781129 57 0 22107 0
1791255477134797 24132809980 34 473 30308 82286940 0 799452 5608536 0 1648 0 6842 4781217 57 0 22116 0
1791255477636829 24133312013 34 473 31408 84462425 0 841320 5658124 0 1648 0 6844 4781309 57 0 22123 0
1791255478142869 24133818053 34 473 32438 86723540 0 879096 5703492 0 1648 0 6844 4781403 57 0 22128 0
1791255478643827 24134319011 34 473 33487 89673850 0 918456 5750804 0 1648 0 6845 4781494 57 0 22135 0
1791255479144836 24134820020 34 473 34564 92144453 0 958596 5798536 0 1648 0 6845 4781582 57 0 22146 0
1791255479647106 24135322289 34 473 35630 94366537 0 997164 5844824 0 1648 0 6846 4781675 57 0 22154 0
1791255480149221 24135824404 34 473 36612 96784395 0 1029936 5885188 0 1648 0 6846 4781771 57 0 22158 0
1791255480649891 24136325075 35 473 37641 99358631 0 1066308 5929280 0 1648 0 6847 4781856 57 0 22170 0
1791255481152950 24136828134 35 473 38654 102537748 0 1100952 5971644 0 1648 0 6848 4781950 57 0 22175 0
1791255481654801 24137329985 35 473 39677 105595714 0 1136424 6014708 0 1648 0 6848 4782041 57 0 22182 0
1791255482160113 24137835297 35 473 40842 107999299 0 1186516 6072648 0 1648 0 6848 4782136 57 0 22189 0
1791255482661687 24138336871 35 473 41854 109879210 0 1222312 6116268 0 1648 0 6848 4782228 57 0 22194 0
1791255483163359 24138838543 35 473 42874 112225345 0 1257724 6159400 0 1648 0 6848 4782319 57 0 22201 0
1791255483666589 24139341772 35 473 43889 115146396 0 1292056 6201452 0 1648 0 6849 4782409 57 0 22211 0
1791255484172699 24139847882 36 473 44926 118581272 0 1328308 6245296 0 1648 0 6852 4782494 57 0 22222 0
1791255484674656 24140349840 36 473 45972 121132786 0 1364788 6289496 0 1648 0 6856 4782579 57 0 22233 0
1791255485180498 24140855682 36 473 46996 123685835 0 1400116 6332648 0 1649 0 6858 4782672 57 0 22238 0
1791255485681122 24141356306 36 473 47966 126987602 0 1433812 6374064 0 1649 0 6858 4782763 57 0 22246 0
1791255486183219 24141858403 36 473 49010 130161065 0 1474680 6422524 0 1649 0 6858 4782856 57 0 22252 0
1791255486683632 24142358816 37 473 49699 132915837 0 1498732 6459544 0 1650 0 6861 4782943 57 0 22259 0
1791255487184077 24142859261 37 473 49776 133024684 0 1498732 6467136 0 1650 0 6861 4783042 57 0 22259 0
1791255487685074 24143360258 37 473 49857 133115230 0 1498732 6474856 0 1650 0 6862 4783139 57 0 22260 0
1791255488191086 24143866270 37 473 49937 133203817 0 1498732 6482576 0 1650 0 6862 4783234 57 0 22260 0
1791255488691297 24144366481 37 473 50015 133454800 0 1498732 6490168 0 1650 0 6862 4783327 57 0 22262 0
1791255489191708 24144866891 37 473 50094 133551102 0 1498732 6497760 0 1651 0 6863 4783420 57 0 22264 0
1791255489698154 24145373337 37 473 50246 133870001 0 1499980 6527570 0 1651 0 6863 4783518 57 0 22267 0
1791255490203474 24145878658 37 473 51305 136581567 0 1532748 6673282 0 1651 0 6865 4783609 57 0 22272 0
1791255490705336 24146380520 37 473 52515 139563246 0 1575412 6820810 0 1651 0 6865 4783696 57 0 22286 0
1791255491205872 24146881056 37 473 53655 142381037 0 1615156 6963770 0 1651 0 6866 4783790 57 0 22292 0
1791255491706946 24147382130 37 473 54864 145978315 0 1658428 7112266 0 1653 0 6866 4783877 57 0 22302 0
1791255492209173 24147884357 37 473 56096 148277919 0 1702084 7285490 0 1654 0 6867 4783969 57 0 22308 0
1791255492712244 24148387428 37 473 57121 151243259 0 1737400 7456678 0 1654 0 6867 4784061 57 0 22316 0
1791255493212668 24148887852 37 473 58051 153297599 0 1766488 7596806 0 1654 0 6867 4784150 57 0 22326 0
1791255493713995 24149389178 38 473 59110 156204080 0 1798912 7715694 0 1654 0 6867 4784243 57 0 22332 0
1791255494217581 24149892765 38 473 60187 158006480 0 1833472 7845982 0 1654 0 6867 4784337 57 0 22340 0
1791255494721693 24150396877 38 473 61371 160491297 0 1878432 7992950 0 1654 0 6868 4784430 57 0 22345 0
1791255495222630 24150897814 38 473 62462 163338642 0 1913628 8151538 0 1654 0 6868 4784523 57 0 22352 0
1791255495723565 24151398748 39 473 63608 166660412 0 1950972 8322978 0 1654 0 6868 4784613 57 0 22361 0
1791255496224165 24151899349 39 473 64575 168998179 0 1983096 8489662 0 1654 0 6870 4784700 57 0 22371 0
1791255496725492 24152400676 39 473 65399 172237140 0 2007852 8639354 0 1654 0 6871 4784789 57 0 22382 0
1791255497229539 24152904722 39 473 66438 174953207 0 2038584 8781254 0 1654 0 6872 4784884 57 0 22386 0
1791255497731955 24153407139 39 473 67558 177266271 0 2073144 8936118 0 1654 0 6872 4784980 57 0 22390 0
1791255498234647 24153909831 39 473 68687 180712589 0 2107848 9106694 0 1654 0 6872 4785072 57 0 22397 0
1791255498736012 24154411196 39 473 69858 184271990 0 2145288 9270742 0 1654 0 6874 4785157 57 0 22412 0
1791255499240022 24154915206 40 473 70918 186724225 0 2178936 9433958 0 1654 0 6874 4785249 57 0 22419 0
1791255499740258 24155415442 40 473 71981 189596812 0 2211960 9576606 0 1654 0 6874 4785338 57 0 22429 0
1791255500249545 24155924729 40 473 73041 191981529 0 2243256 9694598 0 1654 0 6874 4785430 57 0 22439 0
1791255500750221 24156425405 40 473 74134 193667812 0 2278500 9811546 0 1654 0 6875 4785519 57 0 22447 0
1791255501254201 24156929385 40 473 75185 196476413 0 2321276 9943874 0 1654 0 6877 4785608 57 0 22455 0
1791255501761577 24157436761 40 473 76148 198173596 0 2352488 10095646 0 1654 0 6878 4785702 57 0 22460 0
1791255502263503 24157938687 40 473 77110 200447450 0 2381192 10261870 0 1654 0 6878 4785795 57 0 22466 0
1791255502764032 24158439216 41 473 77986 201873939 0 2406908 10429274 0 1654 0 6880 4785883 57 0 22474 0
1791255503270712 24158945896 41 473 78690 203834005 0 2426612 10596018 0 1654 0 6880 4785977 57 0 22482 0
1791255503771564 24159446747 41 473 79307 205758423 0 2442836 10749530 0 1654 0 6881 4786063 57 0 22494 0
1791255504273819 24159949003 41 473 80244 208094391 0 2469044 10882274 0 1655 0 6881 4786152 57 0 22503 0
1791255504776206 24160451390 41 473 81373 212145926 0 2505140 11017186 0 1655 0 6882 4786240 57 0 22516 0
1791255505277654 24160952837 41 473 82544 214529921 0 2543732 11168362 0 1655 0 6882 4786331 57 0 22525 0
1791255505778757 24161453940 41 473 83674 217648544 0 2579348 11336762 0 1655 0 6884 4786424 57 0 22528 0
1791255506282394 24161957577 42 473 84774 220191401 0 2615288 11516294 0 1655 0 6885 4786513 57 0 22538 0
1791255506783268 24162458452 42 473 85679 221898159 0 2644472 11668870 0 1655 0 6885 4786606 57 0 22544 0
1791255507283880 24162959064 42 473 86736 224731402 0 2677400 11775910 0 1655 0 6886 4786696 57 0 22551 0
1791255507788644 24163463827 42 473 87814 227522428 0 2713636 11877098 0 1655 0 6886 4786789 57 0 22560 0
1791255508288899 24163964082 42 473 88795 230715702 0 2753324 11993986 0 1655 0 6888 4786879 57 0 22567 0
1791255508789526 24164464710 42 473 89678 232400506 0 2781776 12121126 0 1655 0 6888 4786973 57 0 22571 0
1791255509291018 24164966202 42 473 90701 234811322 0 2813552 12268702 0 1655 0 6888 4787066 57 0 22577 0
1791255509793978 24165469162 43 473 91690 237042885 0 2842820 12429210 0 1655 0 6889 4787161 57 0 22580 0
1791255510295106 24165970290 43 473 92691 238845577 0 2872904 12602758 0 1655 0 6889 4787254 57 0 22587 0
1791255510796613 24166471797 43 473 93437 240508920 0 2894108 12766010 0 1655 0 6890 4787350 57 0 22590 0
1791255511304257 24166979441 43 473 94114 241934954 0 2913128 12919462 0 1655 0 6891 4787443 57 0 22595 0
1791255511804658 24167479841 43 473 95133 244031964 0 2943656 13054982 0 1655 0 6892 4787532 57 0 22605 0
1791255512310248 24167985432 43 473 96280 246758730 0 2980904 13203398 0 1657 0 6892 4787630 57 0 22607 0
1791255512812008 24168487192 43 473 97401 248827999 0 3017576 13346478 0 1657 0 6893 4787715 57 0 22619 0
1791255513318611 24168993795 43 473 98554 252416912 0 3055208 13509174 0 1658 0 6894 4787804 57 0 22629 0
1791255513819822 24169495006 43 473 99729 256563578 0 3092804 13663986 0 1658 0 6895 4787897 57 0 22636 0
1791255514320198 24169995382 43 473 100760 258532021 0 3130424 13843654 0 1658 0 6895 4787989 57 0 22642 0
1791255514823729 24170498913 45 473 101440 260558161 0 3149192 13982280 0 1658 0 6896 4788086 57 0 22645 0
1791255515324185 24170999369 45 473 101716 261006001 0 3151496 13999389 0 1660 0 6896 4788179 57 0 22647 0
1791255515824384 24171499568 45 473 101795 261121870 0 3151496 14007109 0 1660 0 6896 4788276 57 0 22647 0
1791255516324878 24172000062 45 473 101875 261225482 0 3151496 14014829 0 1660 0 6899 4788370 57 0 22648 0
1791255516825240 24172500423 45 473 101954 261327226 0 3151496 14022421 0 1660 0 6899 4788465 57 0 22648 0
1791255517325939 24173001123 45 473 102033 261428253 0 3151496 14030141 0 1660 0 6899 4788558 57 0 22649 0
1791255517826540 24173501723 45 473 102112 261524937 0 3151496 14037733 0 1661 0 6899 4788652 57 0 22651 0
1791255518327904 24174003088 46 473 102191 261614961 0 3151496 14045453 0 1661 0 6899 4788747 57 0 22651 0
1791255518828753 24174503937 46 473 102270 261699305 0 3151496 14053045 0 1661 0 6899 4788843 57 0 22651 0
1791255519330032 24175005215 46 473 102349 261795648 0 3151496 14060765 0 1661 0 6899 4788935 57 0 22654 0
1791255519834220 24175509403 46 473 102428 261860197 0 3151496 14068357 0 1661 0 6899 4789031 57 0 22656 0
1791255520339822 24176015005 46 473 102508 262359290 0 3151496 14076077 0 1661 0 6899 4789125 57 0 22657 0
1791255520843134 24176518318 46 473 102589 262455024 0 3151496 14084029 0 1661 0 6900 4789218 57 0 22658 0
1791255521344947 24177020131 46 473 102668 262555699 0 3151496 14091621 0 1661 0 6900 4789313 57 0 22660 0
1791255521850605 24177525789 46 473 102748 262676063 0 3151496 14099341 0 1661 0 6900 4789404 57 0 22664 0
1791255522352785 24178027969 46 473 102827 262779369 0 3151496 14107061 0 1661 0 6901 4789496 57 0 22666 0
1791255522860342 24178535525 46 473 102908 262885473 0 3151496 14115013 0 1661 0 6901 4789591 57 0 22668 0
1791255522873088 24178548272 46 473 102910 262887393 0 3151496 14115141 0 1661 0 6901 4789593 57 0 22668 0
