# hz=100 page_bytes=4096 possible_cpus=2
# program_id=64 jit_bytes=8483 xlated_bytes=4776
# pos:	0
# flags:	02000002
# mnt_id:	10
# ino:	1035
# prog_type:	1
# prog_jited:	1
# prog_tag:	1a92932acb008231
# memlock:	8192
# prog_id:	64
# run_time_ns:	0
# run_cnt:	0
# recursion_misses:	0
# verified_insns:	199283
# map=counters type=6 key=4 value=32 max_entries=1
# pos:	0
# flags:	02000002
# mnt_id:	10
# ino:	1035
# map_type:	6
# key_size:	4
# value_size:	32
# max_entries:	1
# map_flags:	0x0
# map_extra:	0x0
# memlock:	268
# map_id:	72
# frozen:	0
# map=accounting type=2 key=4 value=24 max_entries=1
# pos:	0
# flags:	02000002
# mnt_id:	10
# ino:	1035
# map_type:	2
# key_size:	4
# value_size:	24
# max_entries:	1
# map_flags:	0x0
# map_extra:	0x0
# memlock:	224
# map_id:	73
# frozen:	0
# map=flows type=9 key=36 value=32 max_entries=1024
# pos:	0
# flags:	02000002
# mnt_id:	10
# ino:	1035
# map_type:	9
# key_size:	36
# value_size:	32
# max_entries:	1024
# map_flags:	0x0
# map_extra:	0x0
# memlock:	107456
# map_id:	70
# frozen:	0
# map=departures type=9 key=40 value=8 max_entries=8192
# pos:	0
# flags:	02000002
# mnt_id:	10
# ino:	1035
# map_type:	9
# key_size:	40
# value_size:	8
# max_entries:	8192
# map_flags:	0x0
# map_extra:	0x0
# memlock:	656320
# map_id:	69
# frozen:	0
# map=samples type=27 key=0 value=0 max_entries=262144
# pos:	0
# flags:	02000002
# mnt_id:	10
# ino:	1035
# map_type:	27
# key_size:	0
# value_size:	0
# max_entries:	262144
# map_flags:	0x0
# map_extra:	0x0
# memlock:	275148
# map_id:	71
# frozen:	0
realtime_us monotonic_us daemon_ticks rss_pages runs runtime_ns ring_full ack_bytes upload_bytes unaccounted host_user host_nice host_system host_idle host_iowait host_irq host_softirq host_steal
1791230584664602 1885403041 29 482 0 0 0 0 2792 0 278 0 2294 370510 65 0 2086 0
1791230585164892 1885903331 29 482 77 117499 0 0 10512 0 278 0 2294 370608 65 0 2086 0
1791230585670830 1886409269 29 482 158 247922 0 0 18000 0 278 0 2295 370700 65 0 2087 0
1791230586171704 1886910143 29 482 238 399935 0 0 25824 0 278 0 2296 370791 65 0 2092 0
1791230586673741 1887412180 29 482 317 534190 0 0 33544 0 278 0 2296 370884 65 0 2093 0
1791230587177861 1887916299 29 482 396 655053 0 0 41136 0 278 0 2297 370978 65 0 2094 0
1791230587678525 1888416964 29 482 476 786589 0 0 48856 0 278 0 2297 371068 65 0 2095 0
1791230588179425 1888917863 29 482 555 965591 0 0 56576 0 278 0 2297 371164 65 0 2095 0
1791230588683857 1889422295 29 482 634 1094425 0 0 64168 0 278 0 2297 371258 65 0 2097 0
1791230589186056 1889924495 29 482 718 1553528 0 0 72204 0 278 0 2297 371349 65 0 2100 0
1791230589686518 1890424957 29 482 796 1725868 0 0 79924 0 279 0 2297 371443 65 0 2100 0
1791230590191338 1890929776 29 482 876 1876902 0 0 87516 0 279 0 2298 371530 65 0 2104 0
1791230590693293 1891431731 29 482 955 2052022 0 0 95236 0 280 0 2298 371625 65 0 2104 0
1791230591197763 1891936202 29 482 1034 2191677 0 0 102828 0 280 0 2298 371716 65 0 2106 0
1791230591698832 1892437270 29 482 1113 2332779 0 0 110548 0 280 0 2298 371810 65 0 2106 0
1791230592206207 1892944645 30 482 1192 2540885 0 0 118140 0 281 0 2300 371902 65 0 2111 0
1791230592708631 1893447070 30 482 1277 2780570 0 96 126425 0 281 0 2300 371998 65 0 2112 0
1791230593212784 1893951222 30 482 1501 3900893 0 576 247766 0 281 0 2300 372094 65 0 2116 0
1791230593720049 1894458487 30 482 1733 4766238 0 576 406798 0 281 0 2300 372192 65 0 2119 0
1791230594225316 1894963755 30 482 1971 5929226 0 576 579726 0 281 0 2300 372289 65 0 2121 0
1791230594725813 1895464251 30 482 2204 6731807 0 576 749566 0 281 0 2301 372384 65 0 2123 0
1791230595226446 1895964885 30 482 2435 7755365 0 576 910014 0 281 0 2302 372478 65 0 2127 0
1791230595729224 1896467663 32 482 2667 8688631 0 576 1072134 0 282 0 2302 372576 65 0 2128 0
1791230596230080 1896968518 32 482 2898 9559870 0 576 1228310 0 282 0 2302 372670 65 0 2131 0
1791230596731099 1897469538 32 482 3119 10228733 0 576 1373086 0 282 0 2302 372766 65 0 2132 0
1791230597231559 1897969997 32 482 3335 11311090 0 576 1512278 0 282 0 2302 372861 65 0 2137 0
1791230597733898 1898472337 32 482 3559 12015586 0 576 1669766 0 282 0 2302 372960 65 0 2137 0
1791230598236703 1898975142 32 482 3794 13163439 0 576 1842694 0 282 0 2303 373052 65 0 2143 0
1791230598740665 1899479104 32 482 4029 14238446 0 576 2023214 0 282 0 2303 373147 65 0 2146 0
1791230599241717 1899980156 32 482 4253 14950751 0 576 2180702 0 283 0 2303 373245 65 0 2146 0
1791230599746486 1900484924 33 482 4474 15799580 0 576 2290454 0 283 0 2303 373342 65 0 2148 0
1791230600249410 1900987848 33 482 4661 16625476 0 576 2397094 0 283 0 2305 373436 65 0 2148 0
1791230600750188 1901488627 33 482 4846 17162470 0 576 2512894 0 283 0 2306 373530 65 0 2150 0
1791230601255659 1901994098 33 482 5046 18276323 0 576 2644134 0 283 0 2306 373630 65 0 2150 0
1791230601761122 1902499560 33 482 5257 18957120 0 576 2787598 0 283 0 2307 373727 65 0 2150 0
1791230602261919 1903000358 33 482 5482 20009164 0 576 2943542 0 284 0 2307 373823 65 0 2152 0
1791230602762894 1903501333 33 482 5721 20883373 0 576 3117886 0 285 0 2308 373919 65 0 2153 0
1791230603263506 1904001943 33 482 5952 21618584 0 576 3276918 0 286 0 2308 374013 65 0 2157 0
1791230603763931 1904502370 33 482 6187 23268944 0 576 3439038 0 286 0 2309 374109 65 0 2160 0
1791230604269914 1905008353 33 482 6421 24491255 0 576 3601262 0 286 0 2310 374200 65 0 2164 0
1791230604773396 1905511834 33 482 6653 25545369 0 576 3763382 0 286 0 2310 374295 65 0 2167 0
1791230605279021 1906017460 33 482 6884 26358499 0 576 3925502 0 286 0 2311 374389 65 0 2170 0
1791230605780710 1906519148 34 482 7106 27187081 0 576 4081318 0 286 0 2311 374484 65 0 2173 0
1791230606281108 1907019547 34 482 7327 28135923 0 576 4224910 0 286 0 2312 374579 65 0 2175 0
1791230606786351 1907524790 35 482 7544 29182552 0 576 4365414 0 286 0 2313 374676 65 0 2175 0
1791230607287980 1908026417 35 482 7762 29898253 0 576 4515286 0 286 0 2313 374773 65 0 2175 0
1791230607790158 1908528596 35 482 7994 30787561 0 576 4680262 0 286 0 2314 374866 65 0 2180 0
1791230608290839 1909029278 35 482 8118 31480292 0 864 4710915 0 287 0 2314 374959 65 0 2180 0
1791230608795189 1909533628 35 482 8197 31603402 0 864 4718507 0 287 0 2315 375055 65 0 2182 0
1791230609298709 1910037148 35 482 8278 31713924 0 864 4726227 0 287 0 2315 375148 65 0 2182 0
1791230609799239 1910537677 35 482 8357 31837755 0 864 4733947 0 287 0 2316 375242 65 0 2183 0
1791230610299782 1911038221 35 482 8436 32147068 0 864 4741539 0 288 0 2317 375335 65 0 2184 0
1791230610799956 1911538395 35 482 8515 32532591 0 864 4749259 0 288 0 2317 375428 65 0 2184 0
1791230611300453 1912038892 35 482 8787 33393724 0 9984 4767491 0 288 0 2318 375523 65 0 2185 0
1791230611800962 1912539401 35 482 9202 34647064 0 27212 4792439 0 289 0 2318 375618 65 0 2187 0
1791230612301253 1913039692 35 482 9597 36142963 0 42312 4815131 0 289 0 2318 375711 65 0 2191 0
1791230612802964 1913541403 36 482 10008 37968460 0 57804 4838343 0 289 0 2318 375811 65 0 2192 0
1791230613303973 1914042412 36 482 10473 39386689 0 76752 4865011 0 289 0 2318 375906 65 0 2194 0
1791230613807596 1914546035 36 482 10947 40821630 0 95232 4891083 0 289 0 2319 376000 65 0 2197 0
1791230614309368 1915047807 36 482 11472 42763204 0 116276 4920079 0 289 0 2319 376099 65 0 2198 0
1791230614810012 1915548450 36 482 12011 44342513 0 138128 4949523 0 289 0 2321 376194 65 0 2199 0
1791230615311219 1916049658 36 482 12569 46320871 0 160392 4979507 0 289 0 2322 376290 65 0 2202 0
1791230615811624 1916550063 37 482 13101 49247224 0 181452 5008159 0 289 0 2322 376381 65 0 2209 0
1791230616315367 1917053806 37 482 13625 50895684 0 201192 5035619 0 289 0 2323 376471 65 0 2217 0
1791230616816224 1917554663 37 482 14276 52256714 0 227420 5069567 0 289 0 2325 376563 65 0 2220 0
1791230617317647 1918056085 37 482 14915 53595480 0 253040 5102779 0 289 0 2326 376658 65 0 2223 0
1791230617818176 1918556615 37 482 15485 54983128 0 274652 5132111 0 289 0 2327 376753 65 0 2225 0
1791230618320370 1919058809 37 482 16100 56938930 0 298760 5163811 0 289 0 2328 376848 65 0 2230 0
1791230618820883 1919559322 38 482 16652 59303557 0 319832 5192603 0 289 0 2330 376945 65 0 2230 0
1791230619323510 1920061949 38 482 17317 62038918 0 343628 5223991 0 289 0 2331 377040 65 0 2233 0
1791230619830253 1920568692 38 482 17988 64041901 0 369872 5257955 0 289 0 2332 377138 65 0 2235 0
1791230620330684 1921069123 38 482 18612 65755062 0 392720 5288755 0 289 0 2333 377230 65 0 2240 0
1791230620834241 1921572680 38 482 19177 67132061 0 412256 5315883 0 289 0 2334 377326 65 0 2244 0
1791230621341038 1922079477 38 482 19904 69336237 0 438344 5349691 0 289 0 2335 377418 65 0 2251 0
1791230621842735 1922581174 38 482 20724 74087655 0 469112 5388307 0 292 0 2338 377501 65 0 2262 0
1791230622345310 1923083748 39 482 21551 77207757 0 497328 5424115 0 293 0 2343 377579 65 0 2278 0
1791230622848279 1923586718 40 482 22394 81151962 0 525084 5459463 0 293 0 2347 377657 65 0 2295 0
1791230623349199 1924087638 40 482 23364 84552775 0 559008 5501339 0 293 0 2347 377749 65 0 2302 0
1791230623850113 1924588552 40 482 24365 87774014 0 592356 5542407 0 295 0 2347 377835 65 0 2315 0
1791230624352863 1925091301 40 482 25386 90337923 0 629052 5586695 0 295 0 2348 377926 65 0 2325 0
1791230624857045 1925595484 41 482 26398 92711671 0 664332 5629695 0 295 0 2349 378015 65 0 2332 0
1791230625359669 1926098108 41 482 27412 95229189 0 698892 5671975 0 296 0 2352 378106 65 0 2337 0
1791230625859906 1926598345 41 482 28460 98236338 0 736584 5717259 0 296 0 2353 378197 65 0 2345 0
1791230626362648 1927101087 41 482 29487 101027121 0 773064 5761459 0 296 0 2353 378285 65 0 2359 0
1791230626864899 1927603338 41 482 30555 104145516 0 811684 5807671 0 296 0 2353 378375 65 0 2368 0
1791230627365263 1928103702 41 482 31763 107754262 0 864024 5867963 0 296 0 2354 378465 65 0 2377 0
1791230627866489 1928604928 41 482 32825 110207148 0 903696 5915355 0 296 0 2355 378558 65 0 2383 0
1791230628367361 1929105799 41 482 33870 113336630 0 941436 5960687 0 296 0 2356 378652 65 0 2387 0
1791230628870241 1929608680 42 482 34937 116309701 0 981096 6008067 0 296 0 2356 378748 65 0 2390 0
1791230629370955 1930109394 42 482 35964 118582253 0 1018224 6052915 0 296 0 2357 378838 65 0 2399 0
1791230629871268 1930609706 42 482 37068 122147883 0 1059228 6101511 0 296 0 2357 378932 65 0 2405 0
1791230630371412 1931109850 42 482 38114 124668967 0 1097052 6147055 0 296 0 2358 379022 65 0 2413 0
1791230630872850 1931611289 42 482 39272 127864252 0 1147648 6205371 0 296 0 2359 379117 65 0 2419 0
1791230631378833 1932117271 42 482 40012 129722796 0 1170736 6242401 0 296 0 2361 379204 65 0 2428 0
1791230631879293 1932617732 42 482 40091 130192346 0 1170736 6250121 0 296 0 2361 379302 65 0 2429 0
1791230632380322 1933118761 42 482 40170 130315781 0 1170736 6257713 0 296 0 2362 379394 65 0 2432 0
1791230632881908 1933620347 42 482 40249 130707624 0 1170736 6265433 0 296 0 2362 379486 65 0 2433 0
1791230633384328 1934122767 42 482 40328 130821628 0 1170736 6273025 0 296 0 2362 379584 65 0 2433 0
1791230633887360 1934625798 42 482 40409 130954235 0 1170736 6280977 0 296 0 2362 379680 65 0 2434 0
1791230634389211 1935127650 43 482 40564 131276975 0 1171888 6315091 0 296 0 2363 379773 65 0 2437 0
1791230634892180 1935630619 43 482 41523 134516017 0 1201672 6442019 0 296 0 2364 379860 65 0 2449 0
1791230635392661 1936131099 43 482 42477 138351975 0 1227316 6551271 0 296 0 2365 379948 65 0 2459 0
1791230635895352 1936633791 43 482 43367 140500656 0 1248112 6659715 0 297 0 2365 380039 65 0 2466 0
1791230636399164 1937137603 44 482 44427 143403279 0 1282120 6791227 0 297 0 2366 380133 65 0 2470 0
1791230636900233 1937638672 44 482 45620 146286817 0 1331080 6934243 0 298 0 2367 380220 65 0 2479 0
1791230637400759 1938139198 44 482 46864 149610625 0 1378580 7092911 0 298 0 2368 380310 65 0 2488 0
1791230637902415 1938640853 45 482 48054 153243822 0 1420128 7267243 0 298 0 2368 380402 65 0 2497 0
1791230638404233 1939142672 45 482 48929 155365483 0 1448052 7429367 0 298 0 2369 380493 65 0 2502 0
1791230638908392 1939646830 45 482 49706 158049853 0 1471440 7590403 0 298 0 2371 380584 65 0 2508 0
1791230639410159 1940148597 45 482 50436 160988084 0 1493520 7752859 0 298 0 2373 380677 65 0 2513 0
1791230639911168 1940649607 45 482 51181 163501557 0 1515948 7911159 0 298 0 2374 380766 65 0 2520 0
1791230640411563 1941150002 45 482 51907 167474565 0 1538220 8064543 0 298 0 2375 380859 65 0 2524 0
1791230640912263 1941650702 45 482 52847 170738182 0 1570820 8199047 0 298 0 2376 380951 65 0 2532 0
1791230641417384 1942155822 45 482 53812 173730497 0 1607220 8346615 0 298 0 2377 381045 65 0 2534 0
1791230641920078 1942658517 45 482 54652 175542594 0 1633584 8504091 0 298 0 2378 381140 65 0 2537 0
1791230642422861 1943161300 46 482 55459 177766808 0 1655808 8680715 0 298 0 2380 381235 65 0 2542 0
1791230642923323 1943661761 46 482 56046 179386146 0 1671144 8842603 0 298 0 2380 381328 65 0 2549 0
1791230643424799 1944163238 46 482 56627 181497840 0 1685448 9003587 0 298 0 2382 381419 65 0 2555 0
1791230643928818 1944667257 46 482 57195 183004567 0 1699368 9167147 0 298 0 2384 381515 65 0 2558 0
1791230644430181 1945168620 46 482 57773 185011524 0 1714536 9321275 0 298 0 2384 381609 65 0 2563 0
1791230644930674 1945669113 47 482 58488 187903817 0 1735392 9459475 0 298 0 2384 381708 65 0 2564 0
1791230645433253 1946171692 47 482 59403 189490656 0 1772436 9600071 0 298 0 2384 381807 65 0 2566 0
1791230645934336 1946672774 47 482 60238 191893850 0 1801076 9752231 0 298 0 2384 381906 65 0 2566 0
1791230646436435 1947174873 47 482 61040 194336594 0 1826348 9922639 0 298 0 2384 382002 65 0 2569 0
1791230646938515 1947676954 47 482 61702 196191145 0 1845536 10091467 0 298 0 2385 382096 65 0 2575 0
1791230647441481 1948179920 48 482 62302 197914071 0 1861760 10252827 0 298 0 2385 382188 65 0 2583 0
1791230647944766 1948683205 48 482 62911 199399955 0 1878920 10415123 0 298 0 2385 382284 65 0 2586 0
1791230648451773 1949190211 48 482 63486 201527813 0 1894184 10577299 0 298 0 2386 382375 65 0 2595 0
1791230648952256 1949690695 48 482 64090 203669509 0 1911272 10731803 0 299 0 2386 382473 65 0 2598 0
1791230649455639 1950194077 48 482 64835 205383490 0 1938052 10874383 0 299 0 2386 382569 65 0 2600 0
1791230649959638 1950698077 48 482 65644 207542649 0 1967988 11023079 0 299 0 2386 382666 65 0 2603 0
1791230650466881 1951205320 48 482 66382 209825227 0 1991736 11184243 0 299 0 2386 382764 65 0 2606 0
1791230650967755 1951706193 49 482 67053 212857375 0 2012472 11351763 0 300 0 2389 382854 65 0 2612 0
1791230651468804 1952207243 50 482 67585 214388236 0 2026932 11511127 0 300 0 2389 382947 65 0 2615 0
1791230651970815 1952709254 50 482 68080 215742984 0 2039520 11673715 0 300 0 2389 383041 65 0 2621 0
1791230652471297 1953209736 50 482 68509 217524706 0 2049012 11834391 0 300 0 2389 383136 65 0 2622 0
1791230652973687 1953712125 50 482 68934 218924718 0 2058252 11993399 0 300 0 2389 383231 65 0 2628 0
1791230653475324 1954213763 50 482 69351 220602755 0 2066904 12142555 0 300 0 2390 383327 65 0 2630 0
1791230653981514 1954719952 51 482 69929 224516447 0 2082624 12278579 0 300 0 2392 383418 65 0 2634 0
1791230654483455 1955221894 51 482 70586 226646744 0 2104992 12426011 0 300 0 2393 383512 65 0 2640 0
1791230654984030 1955722469 52 482 71286 229002218 0 2128752 12588603 0 300 0 2395 383608 65 0 2642 0
1791230655485942 1956224381 52 482 71881 230477927 0 2145996 12761791 0 301 0 2396 383704 65 0 2644 0
1791230655991570 1956730009 52 482 72395 232258281 0 2159400 12923651 0 301 0 2396 383798 65 0 2649 0
1791230656494697 1957233136 52 482 72874 233731824 0 2170620 13087727 0 301 0 2398 383891 65 0 2651 0
1791230656996581 1957735020 52 482 73344 235506621 0 2181948 13247151 0 301 0 2399 383987 65 0 2653 0
1791230657499682 1958238120 52 482 73830 237239017 0 2193852 13407279 0 301 0 2399 384084 65 0 2654 0
1791230658000986 1958739425 52 482 74326 238675704 0 2206812 13559199 0 301 0 2400 384179 65 0 2656 0
1791230658502284 1959240723 53 482 74924 241084793 0 2226728 13694787 0 301 0 2400 384277 65 0 2659 0
1791230659002496 1959740934 53 482 75522 244310593 0 2247020 13835511 0 302 0 2400 384373 65 0 2661 0
1791230659503313 1960241752 53 482 76104 246702349 0 2262872 13954704 0 303 0 2401 384468 65 0 2663 0
1791230660004685 1960743124 53 482 76184 246835650 0 2262872 13962424 0 303 0 2402 384562 65 0 2664 0
1791230660509361 1961247800 53 482 76264 247015679 0 2262872 13970376 0 304 0 2402 384657 65 0 2664 0
1791230661010251 1961748690 54 482 76343 247145808 0 2262872 13977736 0 304 0 2402 384751 65 0 2668 0
1791230661514048 1962252487 54 482 76423 247280889 0 2262872 13985688 0 304 0 2402 384844 65 0 2669 0
1791230662014313 1962752752 54 482 76502 247416693 0 2262872 13993280 0 304 0 2402 384943 65 0 2669 0
1791230662515565 1963254004 54 482 76582 247577632 0 2262872 14001000 0 304 0 2402 385038 65 0 2671 0
1791230663020071 1963758510 54 482 76661 247726726 0 2262872 14008720 0 304 0 2404 385135 65 0 2671 0
1791230663521542 1964259981 54 482 76740 247859807 0 2262872 14016312 0 304 0 2405 385227 65 0 2673 0
1791230664023549 1964761988 54 482 76819 248001955 0 2262872 14024032 0 304 0 2405 385322 65 0 2676 0
1791230664526928 1965265367 54 482 76899 248120469 0 2262872 14031856 0 304 0 2405 385419 65 0 2676 0
1791230665027622 1965766060 54 482 76978 248250676 0 2262872 14039576 0 304 0 2406 385511 65 0 2677 0
1791230665528540 1966266978 55 482 77057 248520758 0 2262872 14047168 0 304 0 2406 385604 65 0 2678 0
1791230666029245 1966767683 55 482 77136 248641971 0 2262872 14054888 0 304 0 2406 385696 65 0 2681 0
1791230666534866 1967273305 55 482 77216 248777976 0 2262872 14062480 0 304 0 2406 385792 65 0 2682 0
1791230667036035 1967774473 55 482 77296 248934735 0 2262872 14070200 0 304 0 2407 385887 65 0 2683 0
1791230667470616 1968209055 55 482 77365 249049730 0 2262872 14076968 0 304 0 2407 385970 65 0 2684 0
