# hz=100 page_bytes=4096 possible_cpus=2
# program_id=28 jit_bytes=13455 xlated_bytes=7456
# pos:	0
# flags:	02000002
# mnt_id:	10
# ino:	26
# prog_type:	1
# prog_jited:	1
# prog_tag:	5aa2dd3f4c6b3039
# memlock:	8192
# prog_id:	28
# run_time_ns:	0
# run_cnt:	0
# recursion_misses:	0
# verified_insns:	298512
# map=counters type=6 key=4 value=32 max_entries=1
# pos:	0
# flags:	02000002
# mnt_id:	10
# ino:	26
# map_type:	6
# key_size:	4
# value_size:	32
# max_entries:	1
# map_flags:	0x0
# map_extra:	0x0
# memlock:	268
# map_id:	48
# frozen:	0
# map=accounting type=2 key=4 value=24 max_entries=1
# pos:	0
# flags:	02000002
# mnt_id:	10
# ino:	26
# map_type:	2
# key_size:	4
# value_size:	24
# max_entries:	1
# map_flags:	0x0
# map_extra:	0x0
# memlock:	224
# map_id:	49
# frozen:	0
# map=stream_epoch_v1 type=1 key=4 value=4 max_entries=1
# pos:	0
# flags:	02000002
# mnt_id:	10
# ino:	26
# map_type:	1
# key_size:	4
# value_size:	4
# max_entries:	1
# map_flags:	0x0
# map_extra:	0x0
# memlock:	1096
# map_id:	42
# frozen:	0
# map=stream_fault type=6 key=4 value=4 max_entries=1
# pos:	0
# flags:	02000002
# mnt_id:	10
# ino:	26
# map_type:	6
# key_size:	4
# value_size:	4
# max_entries:	1
# map_flags:	0x0
# map_extra:	0x0
# memlock:	220
# map_id:	44
# frozen:	0
# map=stream_losses type=1 key=4 value=4 max_entries=64
# pos:	0
# flags:	02000002
# mnt_id:	10
# ino:	26
# map_type:	1
# key_size:	4
# value_size:	4
# max_entries:	64
# map_flags:	0x0
# map_extra:	0x0
# memlock:	4120
# map_id:	43
# frozen:	0
# map=samples type=27 key=0 value=0 max_entries=262144
# pos:	0
# flags:	02000002
# mnt_id:	10
# ino:	26
# map_type:	27
# key_size:	0
# value_size:	0
# max_entries:	262144
# map_flags:	0x0
# map_extra:	0x0
# memlock:	275148
# map_id:	47
# frozen:	0
# map=flows type=9 key=36 value=32 max_entries=1024
# pos:	0
# flags:	02000002
# mnt_id:	10
# ino:	26
# map_type:	9
# key_size:	36
# value_size:	32
# max_entries:	1024
# map_flags:	0x0
# map_extra:	0x0
# memlock:	107456
# map_id:	46
# frozen:	0
# map=departures type=9 key=40 value=4 max_entries=8192
# pos:	0
# flags:	02000002
# mnt_id:	10
# ino:	26
# map_type:	9
# key_size:	40
# value_size:	4
# max_entries:	8192
# map_flags:	0x0
# map_extra:	0x0
# memlock:	656320
# map_id:	45
# frozen:	0
realtime_us monotonic_us daemon_ticks rss_pages runs runtime_ns ring_full ack_bytes upload_bytes unaccounted host_user host_nice host_system host_idle host_iowait host_irq host_softirq host_steal
1791250783471232 19439146416 31 645 0 0 0 0 2560 0 604 0 2778 3871549 45 0 6137 0
1791250783973333 19439648517 31 645 78 117834 0 0 10152 0 604 0 2778 3871638 45 0 6140 0
1791250784474305 19440149489 32 645 158 241530 0 0 18104 0 605 0 2778 3871731 45 0 6142 0
1791250784976360 19440651544 32 645 237 360105 0 0 25696 0 605 0 2778 3871825 45 0 6142 0
1791250785483290 19441158474 32 645 319 483441 0 0 33416 0 605 0 2779 3871920 45 0 6144 0
1791250785986379 19441661563 32 645 399 595953 0 0 41136 0 605 0 2779 3872015 45 0 6145 0
1791250786489735 19442164918 32 645 478 701084 0 0 48856 0 605 0 2779 3872111 45 0 6146 0
1791250786994581 19442669765 32 645 557 812056 0 0 56448 0 605 0 2779 3872203 45 0 6147 0
1791250787495788 19443170972 32 645 639 936080 0 0 64400 0 605 0 2779 3872297 45 0 6149 0
1791250788002840 19443678024 32 645 720 1046459 0 0 72204 0 605 0 2779 3872391 45 0 6152 0
1791250788504409 19444179593 33 645 799 1167962 0 0 79796 0 605 0 2779 3872486 45 0 6154 0
1791250789004781 19444679965 33 645 878 1301572 0 0 87516 0 606 0 2779 3872583 45 0 6155 0
1791250789506696 19445181880 33 645 957 1430537 0 0 95108 0 606 0 2779 3872677 45 0 6157 0
1791250790010449 19445685633 33 645 1037 1539456 0 0 102828 0 606 0 2779 3872769 45 0 6160 0
1791250790512827 19446188011 33 645 1116 1657323 0 0 110548 0 606 0 2779 3872859 45 0 6164 0
1791250791015220 19446690403 33 645 1196 1787219 0 0 118372 0 606 0 2779 3872952 45 0 6168 0
1791250791517480 19447192664 33 645 1280 1940214 0 96 126425 0 606 0 2780 3873048 45 0 6168 0
1791250792022711 19447697894 34 645 1512 2600871 0 576 250982 0 607 0 2781 3873144 45 0 6169 0
1791250792523272 19448198456 34 645 1739 3509611 0 576 403710 0 607 0 2781 3873238 45 0 6172 0
1791250793024489 19448699672 34 645 1977 4245199 0 576 573550 0 607 0 2781 3873334 45 0 6174 0
1791250793525256 19449200439 34 645 2207 6406261 0 576 743262 0 607 0 2781 3873428 45 0 6177 0
1791250794033165 19449708349 34 645 2438 7999038 0 576 908470 0 607 0 2782 3873521 45 0 6181 0
1791250794534328 19450209511 35 645 2667 10634689 0 576 1067502 0 607 0 2782 3873612 45 0 6187 0
1791250795035429 19450710612 35 645 2899 13260349 0 576 1227950 0 607 0 2783 3873704 45 0 6192 0
1791250795538874 19451214058 35 645 3129 14972564 0 576 1379262 0 607 0 2783 3873798 45 0 6196 0
1791250796043139 19451718322 35 645 3346 16946501 0 576 1516782 0 607 0 2784 3873889 45 0 6201 0
1791250796545874 19452221058 35 645 3564 18315208 0 576 1665006 0 607 0 2784 3873984 45 0 6204 0
1791250797049918 19452725102 36 645 3796 20451439 0 576 1830214 0 607 0 2784 3874079 45 0 6206 0
1791250797552167 19453227350 36 645 4031 22911453 0 576 2010734 0 607 0 2784 3874175 45 0 6210 0
1791250798052377 19453727560 36 645 4257 25112884 0 576 2177486 0 608 0 2784 3874269 45 0 6211 0
1791250798552702 19454227885 37 645 4473 28461446 0 576 2320950 0 608 0 2785 3874360 45 0 6216 0
1791250799054351 19454729535 37 645 4677 29285268 0 576 2442926 0 608 0 2785 3874454 45 0 6219 0
1791250799556300 19455231484 37 645 4874 30335535 0 576 2572494 0 609 0 2785 3874548 45 0 6220 0
1791250800058440 19455733623 37 645 5085 31562824 0 576 2714670 0 609 0 2785 3874644 45 0 6221 0
1791250800562814 19456237998 37 645 5316 32910178 0 576 2873934 0 609 0 2785 3874743 45 0 6222 0
1791250801064290 19456739473 37 645 5556 34175079 0 576 3046734 0 609 0 2785 3874837 45 0 6226 0
1791250801564787 19457239971 37 645 5796 36421969 0 576 3210398 0 609 0 2785 3874929 45 0 6231 0
1791250802065551 19457740735 38 645 6027 37101377 0 576 3372390 0 609 0 2785 3875028 45 0 6232 0
1791250802569078 19458244262 38 645 6260 38116965 0 576 3536054 0 609 0 2785 3875124 45 0 6233 0
1791250803073035 19458748218 38 645 6489 39057995 0 576 3695086 0 609 0 2786 3875216 45 0 6235 0
1791250803573968 19459249151 38 645 6715 40086376 0 576 3854222 0 609 0 2787 3875309 45 0 6236 0
1791250804074432 19459749616 38 645 6933 41049369 0 576 4000670 0 609 0 2787 3875402 45 0 6240 0
1791250804574957 19460250141 38 645 7148 42052825 0 576 4137958 0 609 0 2787 3875498 45 0 6241 0
1791250805076464 19460751647 39 645 7366 42795920 0 576 4287726 0 610 0 2787 3875597 45 0 6241 0
1791250805582941 19461258125 39 645 7608 44168935 0 576 4454710 0 610 0 2787 3875697 45 0 6241 0
1791250806086638 19461761822 39 645 7841 45266981 0 576 4635358 0 611 0 2787 3875788 45 0 6244 0
1791250806590769 19462265953 39 645 8069 46027046 0 576 4798894 0 611 0 2787 3875884 45 0 6245 0
1791250807093688 19462768872 39 645 8242 46439945 0 864 4851338 0 611 0 2787 3875978 45 0 6247 0
1791250807594147 19463269330 39 645 8322 46552839 0 864 4859290 0 611 0 2787 3876075 45 0 6249 0
1791250808095663 19463770847 40 645 8402 46669763 0 864 4866882 0 612 0 2787 3876173 45 0 6249 0
1791250808595894 19464271078 40 645 8481 46795958 0 864 4874602 0 612 0 2787 3876268 45 0 6251 0
1791250809097235 19464772419 40 645 8560 46915935 0 864 4882194 0 612 0 2787 3876364 45 0 6253 0
1791250809603062 19465278245 40 645 8640 47396161 0 864 4889914 0 612 0 2787 3876462 45 0 6254 0
1791250810104214 19465779398 40 645 8792 47738609 0 2880 4901170 0 612 0 2788 3876558 45 0 6256 0
1791250810607638 19466282822 40 645 9203 50102734 0 21432 4927314 0 612 0 2788 3876657 45 0 6258 0
1791250811110595 19466785779 40 645 9631 51623813 0 38076 4951678 0 612 0 2788 3876749 45 0 6260 0
1791250811614288 19467289472 40 645 10028 53377647 0 53328 4974650 0 612 0 2788 3876847 45 0 6261 0
1791250812115474 19467790658 41 645 10464 54752740 0 70300 4999446 0 613 0 2788 3876944 45 0 6262 0
1791250812615813 19468290996 41 645 10978 56517628 0 91768 5028634 0 613 0 2789 3877036 45 0 6266 0
1791250813117153 19468792336 41 645 11476 58369897 0 111724 5056182 0 613 0 2789 3877133 45 0 6270 0
1791250813618187 19469293370 41 645 12004 61282532 0 133084 5085262 0 613 0 2789 3877229 45 0 6272 0
1791250814118532 19469793715 41 645 12539 63102971 0 154396 5114166 0 613 0 2789 3877326 45 0 6272 0
1791250814620971 19470296155 41 645 13096 65079424 0 176068 5143558 0 613 0 2789 3877422 45 0 6275 0
1791250815123306 19470798489 42 645 13720 67022599 0 199980 5175190 0 613 0 2790 3877517 45 0 6279 0
1791250815629420 19471304604 42 645 14433 70455905 0 228492 5211294 0 613 0 2791 3877608 45 0 6286 0
1791250816133269 19471808453 42 645 15128 72741690 0 255972 5246494 0 613 0 2791 3877700 45 0 6292 0
1791250816635619 19472310803 42 645 15821 74302776 0 281820 5280166 0 613 0 2792 3877795 45 0 6296 0
1791250817136299 19472811482 42 645 16665 77645908 0 315488 5321554 0 613 0 2794 3877891 45 0 6297 0
1791250817637826 19473313010 42 645 17544 80000813 0 348620 5362406 0 613 0 2794 3877986 45 0 6303 0
1791250818142829 19473818013 42 645 18505 83017784 0 385436 5406814 0 613 0 2794 3878075 45 0 6313 0
1791250818644678 19474319862 43 645 19483 86174309 0 420044 5449142 0 613 0 2795 3878164 45 0 6321 0
1791250819145309 19474820493 43 645 20488 90320601 0 454640 5491330 0 613 0 2796 3878258 45 0 6328 0
1791250819647363 19475322546 43 645 21490 93705443 0 489296 5533706 0 613 0 2798 3878351 45 0 6333 0
1791250820154392 19475829576 43 645 22495 97528855 0 523088 5575218 0 613 0 2800 3878443 45 0 6339 0
1791250820661291 19476336475 43 645 23628 101057541 0 566108 5626190 0 613 0 2802 3878535 45 0 6346 0
1791250821162560 19476837744 43 645 24708 104042142 0 605408 5673210 0 613 0 2803 3878625 45 0 6355 0
1791250821664062 19477339246 44 645 25739 107715637 0 641408 5716930 0 613 0 2804 3878719 45 0 6360 0
1791250822165218 19477840402 44 645 26767 110781817 0 677084 5760198 0 613 0 2806 3878810 45 0 6368 0
1791250822669181 19478344365 44 645 27767 114007506 0 711752 5802586 0 613 0 2808 3878904 45 0 6372 0
1791250823170535 19478845718 44 645 28806 116947729 0 755528 5854082 0 613 0 2809 3878988 45 0 6384 0
1791250823671964 19479347147 44 645 29764 121210702 0 789968 5896114 0 615 0 2811 3879078 45 0 6391 0
1791250824173518 19479848702 45 645 30791 126380579 0 825788 5939654 0 617 0 2813 3879162 45 0 6403 0
1791250824678826 19480354009 45 645 31832 131369972 0 864368 5986058 0 617 0 2815 3879246 45 0 6418 0
1791250825180931 19480856114 45 645 32890 137724260 0 902912 6032322 0 617 0 2817 3879327 45 0 6434 0
1791250825686275 19481361458 46 645 33976 143797535 0 943136 6080266 0 617 0 2820 3879416 45 0 6444 0
1791250826186761 19481861945 46 645 35030 148440585 0 980840 6125562 0 617 0 2821 3879502 45 0 6456 0
1791250826693586 19482368770 46 645 36102 155405837 0 1019816 6172258 0 618 0 2822 3879592 45 0 6463 0
1791250827196507 19482871691 47 645 37187 161422948 0 1060112 6220378 0 618 0 2824 3879676 45 0 6478 0
1791250827703710 19483378894 47 645 38249 166890076 0 1099360 6267346 0 619 0 2827 3879756 45 0 6492 0
1791250828205887 19483881070 47 645 39259 172083545 0 1139724 6315430 0 620 0 2828 3879841 45 0 6507 0
1791250828706453 19484381636 48 645 40305 175739028 0 1177860 6361158 0 620 0 2831 3879932 45 0 6512 0
1791250829211515 19484886699 48 645 41334 180107881 0 1214868 6405886 0 620 0 2833 3880017 45 0 6524 0
1791250829712779 19485387963 48 645 42346 184054627 0 1249752 6448362 0 620 0 2835 3880098 45 0 6538 0
1791250830216242 19485891426 48 645 43435 186669859 0 1284240 6498199 0 620 0 2835 3880192 45 0 6546 0
1791250830717513 19486392697 48 645 43523 186804847 0 1284240 6506739 0 620 0 2835 3880285 45 0 6546 0
1791250831219297 19486894481 48 645 43601 186923990 0 1284240 6514331 0 620 0 2835 3880381 45 0 6547 0
1791250831724334 19487399518 48 645 43682 187204880 0 1284240 6522051 0 620 0 2835 3880478 45 0 6548 0
1791250832226700 19487901883 48 645 43761 187322448 0 1284240 6529771 0 620 0 2835 3880572 45 0 6551 0
1791250832728235 19488403419 49 645 43840 187441792 0 1284240 6537363 0 621 0 2835 3880669 45 0 6551 0
1791250833231275 19488906459 49 645 43928 187886937 0 1284432 6545749 0 622 0 2835 3880764 45 0 6552 0
1791250833733384 19489408568 49 645 44752 190358674 0 1312812 6654713 0 622 0 2836 3880858 45 0 6557 0
1791250834237705 19489912888 49 645 45843 194470973 0 1347900 6763785 0 622 0 2837 3880951 45 0 6564 0
1791250834738527 19490413711 49 645 46857 197105880 0 1376880 6874829 0 622 0 2838 3881040 45 0 6572 0
1791250835239153 19490914337 49 645 47838 200436419 0 1403272 6986141 0 622 0 2838 3881136 45 0 6576 0
1791250835739456 19491414639 49 645 48898 203839982 0 1441556 7109217 0 622 0 2838 3881224 45 0 6585 0
1791250836245610 19491920794 50 645 50009 206851714 0 1484336 7243093 0 622 0 2839 3881315 45 0 6592 0
1791250836746853 19492422037 50 645 51169 210193686 0 1522288 7396845 0 622 0 2839 3881408 45 0 6598 0
1791250837247127 19492922311 51 645 52317 214510320 0 1557292 7566049 0 622 0 2841 3881502 45 0 6603 0
1791250837751144 19493426327 51 645 53293 217329779 0 1587064 7742501 0 622 0 2841 3881597 45 0 6608 0
1791250838251251 19493926435 51 645 54022 219848750 0 1608544 7902813 0 622 0 2841 3881694 45 0 6611 0
1791250838752487 19494427670 52 645 54751 222100233 0 1628128 8061357 0 622 0 2843 3881783 45 0 6619 0
1791250839258475 19494933658 52 645 55516 225567922 0 1650592 8213621 0 622 0 2843 3881878 45 0 6625 0
1791250839762269 19495437453 52 645 56497 228669188 0 1684808 8352957 0 622 0 2843 3881971 45 0 6633 0
1791250840265589 19495940773 52 645 57487 231823029 0 1718948 8496721 0 622 0 2843 3882063 45 0 6640 0
1791250840773651 19496448835 52 645 58548 234678904 0 1753436 8662553 0 623 0 2844 3882156 45 0 6647 0
1791250841274112 19496949296 52 645 59544 238106219 0 1787180 8831937 0 624 0 2844 3882251 45 0 6651 0
1791250841775439 19497450623 52 645 60264 240256446 0 1809128 8995933 0 624 0 2845 3882345 45 0 6657 0
1791250842275772 19497950956 52 645 60886 242634303 0 1826480 9155205 0 624 0 2845 3882441 45 0 6659 0
1791250842777631 19498452815 53 645 61414 244513027 0 1839536 9318261 0 625 0 2845 3882538 45 0 6660 0
1791250843279993 19498955177 53 645 61933 246219511 0 1852832 9478109 0 625 0 2846 3882633 45 0 6663 0
1791250843780586 19499455770 53 645 62431 248217117 0 1864964 9632289 0 625 0 2848 3882724 45 0 6669 0
1791250844282991 19499958175 53 645 63051 250287904 0 1881860 9772577 0 625 0 2848 3882819 45 0 6672 0
1791250844783674 19500458857 53 645 64003 253226646 0 1917604 9914857 0 625 0 2849 3882910 45 0 6677 0
1791250845284340 19500959523 53 645 64823 255787031 0 1944004 10069281 0 625 0 2850 3883003 45 0 6679 0
1791250845792175 19501467358 54 645 65769 258539945 0 1975892 10233953 0 625 0 2852 3883098 45 0 6683 0
1791250846295878 19501971062 54 645 66597 261464376 0 2002340 10405537 0 625 0 2852 3883194 45 0 6687 0
1791250846796251 19502471435 54 645 67251 263206965 0 2020760 10567653 0 625 0 2854 3883285 45 0 6691 0
1791250847298859 19502974043 54 645 67897 265566323 0 2039096 10718773 0 625 0 2854 3883372 45 0 6699 0
1791250847801526 19503476710 54 645 68678 269133232 0 2063096 10883277 0 625 0 2856 3883468 45 0 6701 0
1791250848308145 19503983328 54 645 69432 271440428 0 2085272 11041197 0 626 0 2857 3883559 45 0 6709 0
1791250848808469 19504483653 54 645 70154 273997078 0 2106200 11202629 0 626 0 2857 3883649 45 0 6719 0
1791250849312255 19504987439 54 645 70899 276360787 0 2129240 11364629 0 626 0 2857 3883745 45 0 6722 0
1791250849814282 19505489465 55 645 71633 278574813 0 2152280 11518781 0 626 0 2857 3883838 45 0 6724 0
1791250850315952 19505991136 55 645 72543 281315717 0 2191444 11653905 0 626 0 2858 3883931 45 0 6727 0
1791250850820987 19506496170 55 645 73348 284682644 0 2223308 11792177 0 627 0 2858 3884022 45 0 6731 0
1791250851323751 19506998934 55 645 73975 287071921 0 2241604 11949433 0 627 0 2860 3884115 45 0 6733 0
1791250851829467 19507504650 55 645 74648 290407420 0 2261280 12123509 0 627 0 2860 3884210 45 0 6736 0
1791250852331730 19508006914 55 645 75113 292956795 0 2272096 12291685 0 627 0 2861 3884303 45 0 6741 0
1791250852832088 19508507271 55 645 75515 296021485 0 2280604 12453049 0 627 0 2861 3884395 45 0 6746 0
1791250853332919 19509008102 56 645 75896 299070819 0 2287780 12614497 0 627 0 2862 3884486 45 0 6751 0
1791250853837082 19509512266 57 645 76283 301700439 0 2295052 12774625 0 627 0 2863 3884580 45 0 6755 0
1791250854337619 19510012803 57 645 76665 304639384 0 2301772 12928257 0 629 0 2863 3884671 45 0 6758 0
1791250854839708 19510514892 57 645 77130 308543793 0 2312524 13067033 0 629 0 2865 3884764 45 0 6762 0
1791250855340044 19511015228 58 645 77776 311980097 0 2334084 13209025 0 629 0 2867 3884856 45 0 6768 0
1791250855842694 19511517878 58 645 78462 316081598 0 2356244 13370145 0 629 0 2867 3884951 45 0 6771 0
1791250856343147 19512018330 58 645 79124 320197478 0 2377184 13542269 0 630 0 2868 3885044 45 0 6776 0
1791250856849489 19512524672 58 645 79652 324152864 0 2391836 13703601 0 630 0 2868 3885141 45 0 6780 0
1791250857352865 19513028049 58 645 80168 326030645 0 2404700 13866105 0 631 0 2868 3885238 45 0 6783 0
1791250857854278 19513529462 59 645 80673 329058484 0 2418044 14027673 0 631 0 2868 3885334 45 0 6786 0
1791250858360557 19514035741 59 645 81201 331399549 0 2432336 14185886 0 631 0 2869 3885429 45 0 6792 0
1791250858863411 19514538595 59 645 81629 332878325 0 2439344 14237925 0 631 0 2870 3885520 45 0 6796 0
1791250859364032 19515039216 59 645 81709 333228323 0 2439344 14245645 0 631 0 2870 3885614 45 0 6797 0
1791250859866737 19515541921 59 645 81789 333363860 0 2439344 14253365 0 631 0 2870 3885711 45 0 6797 0
1791250860369615 19516044799 59 645 81868 333487011 0 2439344 14260957 0 631 0 2870 3885805 45 0 6800 0
1791250860870136 19516545320 59 645 81947 333612198 0 2439344 14268677 0 632 0 2870 3885899 45 0 6801 0
1791250861371459 19517046643 59 645 82026 333718874 0 2439344 14276269 0 632 0 2871 3885996 45 0 6802 0
1791250861874104 19517549288 59 645 82106 333830019 0 2439344 14283989 0 633 0 2871 3886092 45 0 6803 0
1791250862375396 19518050579 59 645 82186 333952886 0 2439344 14291941 0 633 0 2871 3886190 45 0 6803 0
1791250862876486 19518551670 60 645 82266 334068047 0 2439344 14299533 0 633 0 2872 3886285 45 0 6803 0
1791250863379685 19519054868 60 645 82347 334208193 0 2439344 14307253 0 633 0 2872 3886379 45 0 6805 0
1791250863883870 19519559054 60 645 82426 334341443 0 2439344 14314973 0 633 0 2873 3886472 45 0 6809 0
1791250864387696 19520062880 60 645 82505 334476941 0 2439344 14322565 0 633 0 2873 3886572 45 0 6809 0
1791250864888218 19520563402 60 645 82585 334594388 0 2439344 14330285 0 633 0 2873 3886664 45 0 6814 0
1791250865392096 19521067279 60 645 82664 334713319 0 2439344 14338005 0 633 0 2873 3886762 45 0 6815 0
1791250865894995 19521570178 60 645 82743 334825844 0 2439344 14345597 0 633 0 2873 3886855 45 0 6819 0
1791250866399783 19522074966 60 645 82824 334965833 0 2439344 14353549 0 634 0 2873 3886951 45 0 6820 0
1791250866610954 19522286138 60 645 82857 335141501 0 2439344 14356637 0 634 0 2873 3886993 45 0 6820 0
